/*--------------------------------*- C++ -*----------------------------------*\
| =========                 |                                                 |
| \\      /  F ield         | OpenFOAM: The Open Source CFD Toolbox           |
|  \\    /   O peration     | Version:  2512                                  |
|   \\  /    A nd           | Website:  www.openfoam.com                      |
|    \\/     M anipulation  |                                                 |
\*---------------------------------------------------------------------------*/
FoamFile
{
    version     2.0;
    format      ascii;
    arch        "LSB;label=32;scalar=64";
    class       labelList;
    location    "constant/domain3/polyMesh";
    object      cellRegionAddressing;
}
// * * * * * * * * * * * * * * * * * * * * * * * * * * * * * * * * * * * * * //


1874
(
14
136
223
246
251
430
439
449
476
507
563
780
859
866
867
872
873
878
882
896
909
910
931
940
970
972
1000
1007
1009
1011
1016
1017
1020
1025
1029
1030
1032
1034
1038
1039
1045
1047
1052
1085
1097
1098
1099
1104
1111
1116
1125
1129
1140
1391
1397
1739
1799
1813
1824
1825
1828
1839
1886
2331
2599
2603
3238
3240
3263
3270
3272
3278
3286
3288
3290
3302
3315
3321
3323
3325
3335
3367
3378
3379
3383
3397
3401
3407
3416
3426
3431
3454
3460
3466
3468
3472
3478
3482
3486
3488
3497
3499
3501
3505
3507
3508
3514
3518
3546
3551
3559
3565
3576
3595
3601
3618
3619
3629
3636
3645
3655
3675
3686
3687
3697
3737
3746
3767
3779
3783
3806
3815
3823
3827
3831
3833
3839
3846
3848
3854
3884
3895
3896
3899
3910
3919
3927
3934
3936
3951
3952
3954
3957
3961
3962
3970
3979
3988
3996
4000
4005
4006
4008
4010
4015
4022
4024
4030
4031
4043
4059
4065
4078
4094
4115
4129
4132
4134
4138
4141
4143
4146
4508
4514
5169
5437
5794
6871
7020
7047
7117
7118
7130
7135
7139
7144
7162
7164
7182
7187
7200
7214
7223
7232
7252
7253
7277
7287
7299
7306
7308
7311
7323
7329
7337
7338
7382
7399
7402
7422
7425
7454
7478
7506
7537
7551
7559
7561
7577
7601
7603
7608
7617
7618
7638
7645
7689
7696
7699
7705
7746
7750
7773
7778
7785
7797
7798
7812
7856
7869
7877
7890
7892
7895
7918
7922
7933
7935
7937
7941
7945
7964
7981
7987
7988
8000
8007
8021
8031
8042
8057
8058
8062
8096
8145
8158
8243
8251
8260
8300
8313
8317
8321
8323
8328
8332
8352
8355
8372
8383
8399
8400
8428
8433
8439
8446
8451
8490
8495
8510
8530
8554
8566
8623
8696
8704
8705
8748
8848
8857
8866
8867
8871
8872
8879
8914
8970
8975
8977
8982
9011
9029
9030
9035
9043
9060
9062
9071
9078
9080
9090
9091
9097
9123
9154
9162
9167
9172
9192
9195
9199
9204
9205
9224
9225
9231
9256
9272
9303
9309
9336
9337
9356
9364
9394
9403
9411
9413
9414
9420
9423
9499
9502
9521
9522
9533
9545
9549
9557
9563
9568
9569
9580
9581
9584
9587
9599
9601
9604
9612
9613
9616
9629
9635
9649
9654
9661
9688
9700
9739
9748
9776
9778
9782
9784
9802
9811
9812
9820
9827
9888
9914
9917
9929
9935
9938
9961
9974
9976
9977
10049
10060
10065
10068
10074
10075
10076
10085
10112
10115
10118
10128
10132
10135
10150
10155
10173
10181
10184
10186
10189
10214
10217
10222
10223
10225
10233
10235
10236
10241
10243
10249
10257
10261
10265
10274
10275
10276
10277
10281
10286
10287
10292
10293
10294
10296
10305
10308
10312
10321
10327
10344
10348
10352
10355
10357
10358
10359
10363
10370
10371
10405
10411
10413
10415
10416
10419
10427
10432
10435
10447
10452
10464
10466
10467
10468
10472
10474
10477
10483
10488
10493
10501
10503
10505
10507
10508
10511
10514
10515
10525
10549
10560
10561
10564
10570
10573
10579
10592
10597
10600
10601
10605
10609
10610
10612
10615
10620
10626
10636
10644
10658
10662
10672
10683
10689
10690
10693
10701
10705
10707
10708
10709
10725
10730
10732
10734
10735
10737
10738
10741
10743
10744
10749
10750
10756
10759
10766
10769
10773
10776
10784
10785
10788
10792
10802
10805
10806
10808
10822
10823
10824
10830
10835
10855
10856
10857
10859
10878
10892
10922
10929
10939
10942
10945
10969
10972
10977
11005
11008
11011
11020
11021
11028
11037
11040
11042
11044
11049
11057
11059
11060
11061
11065
11066
11082
11084
11086
11088
11097
11098
11099
11102
11116
11126
11155
11158
11159
11163
11171
11182
11183
11184
11187
11192
11198
11199
11206
11219
11229
11236
11238
11245
11246
11250
11287
11290
11293
11309
11311
11312
11317
11327
11333
11335
11339
11340
11350
11353
11359
11362
11373
11388
11390
11392
11394
11396
11404
11415
11421
11429
11431
11433
11435
11436
11438
11451
11454
11457
11460
11463
11465
11471
11474
11475
11476
11477
11480
11491
11493
11494
11495
11499
11505
11506
11510
11512
11513
11515
11520
11527
11531
11534
11544
11545
11549
11553
11557
11563
11565
11573
11576
11577
11578
11590
11598
11603
11607
11609
11611
11623
11627
11631
11632
11635
11636
11640
11644
11650
11651
11659
11662
11667
11671
11676
11677
11681
11683
11684
11693
11718
11720
11760
11761
11765
11776
11808
11810
11869
11870
11871
11877
11885
11889
11892
11893
11894
11899
11901
11903
11909
11939
11942
11959
11981
11990
11992
12004
12010
12030
12052
12063
12123
12177
12208
12221
12242
12251
12253
12262
12278
12280
12283
12285
12286
12309
12312
12340
12355
12374
12379
12384
12385
12400
12408
12420
12429
12432
12444
12458
12465
12504
12513
12533
12546
12594
12606
12607
12619
12638
12652
12653
12711
12715
12744
12780
12783
12794
12802
12813
12825
12830
12835
12844
12861
12867
12884
12898
12914
12923
12927
12956
12957
12976
12994
13002
13006
13031
13071
13083
13085
13088
13092
13132
13136
13157
13158
13162
13175
13176
13236
13247
13289
13295
13301
13313
13318
13343
13376
13380
13396
13444
13449
13462
13581
13650
13654
13656
13661
13679
13687
13704
13726
13743
13758
13763
13773
13774
13809
13812
13816
13823
13854
13867
13898
13915
13939
13948
13957
13963
13966
13981
13998
14005
14009
14047
14049
14089
14092
14114
14118
14128
14131
14162
14198
14208
14213
14226
14261
14284
14293
14314
14315
14324
14336
14344
14368
14370
14377
14402
14417
14435
14468
14494
14543
14571
14581
14613
14635
14678
14687
14690
14691
14695
14708
14727
14737
14764
14767
14770
14777
14778
14780
14787
14795
14805
14810
14872
14874
14912
14933
14976
14977
14996
14999
15034
15043
15080
15084
15095
15115
15120
15171
15192
15193
15200
15222
15223
15303
15307
15309
15319
15327
15341
15397
15428
15456
15463
15464
15472
15484
15502
15512
15551
15574
15613
15617
15618
15635
15650
15655
15672
15693
15698
15701
15708
15709
15741
15751
15780
15784
15791
15798
15801
15816
15817
15834
15838
15846
15849
15851
15968
15979
16003
16023
16067
16094
16102
16106
16109
16122
16139
16163
16188
16194
16215
16232
16236
16261
16268
16278
16279
16286
16324
16340
16342
16343
16349
16369
16383
16419
16422
16464
16467
16508
16509
16514
16515
16535
16536
16540
16576
16583
16592
16599
16603
16605
16609
16610
16618
16630
16638
16672
16678
16693
16735
16778
16790
16812
16825
16845
16878
16923
16949
16958
17029
17032
17040
17058
17070
17071
17087
17090
17095
17099
17100
17102
17159
17185
17223
17249
17270
17277
17281
17282
17293
17329
17403
17420
17438
17440
17443
17460
17461
17475
17478
17490
17503
17518
17526
17536
17545
17556
17569
17607
17609
17615
17643
17678
17694
17698
17704
17719
17726
17736
17737
17763
17783
17806
17816
17817
17824
17838
17843
17853
17884
17889
17898
17902
17950
18008
18018
18023
18056
18060
18071
18073
18077
18078
18079
18110
18137
18140
18146
18164
18168
18177
18193
18195
18198
18201
18202
18205
18223
18227
18233
18237
18243
18253
18266
18271
18326
18330
18331
18342
18351
18425
18458
18484
18486
18499
18505
18508
18515
18543
18572
18583
18593
18608
18624
18641
18664
18667
18685
18843
18846
18894
18897
18898
18899
18912
18945
18949
18997
19029
19047
19052
19057
19058
19060
19071
19129
19143
19147
19210
19250
19259
19271
19276
19304
19332
19360
19375
19377
19378
19385
19391
19401
19402
19405
19413
19430
19435
19436
19443
19447
19449
19450
19460
19465
19467
19468
19473
19486
19487
19488
19494
19502
19503
19509
19514
19520
19521
19522
19523
19525
19546
19549
19551
19563
19574
19576
19582
19598
19602
19603
19604
19608
19633
19641
19644
19645
19649
19651
19652
19677
19681
19684
19692
19693
19696
19702
19705
19711
19714
19715
19718
19719
19721
19726
19732
19741
19754
19774
19778
19779
19780
19785
19786
19791
19796
19804
19807
19808
19814
19815
19821
19822
19824
19831
19832
19834
19835
19836
19837
19845
19846
19847
19853
19857
19868
19873
19879
19881
19884
19886
19888
19889
19890
19891
19913
19916
19917
19919
19921
19922
19942
19949
19954
19956
19959
19960
19962
19963
19967
19969
19978
19980
19985
19988
19992
20005
20007
20015
20017
20024
20028
20029
20031
20032
20039
20043
20050
20053
20059
20062
20098
20112
20114
20121
20126
20128
20135
20154
20155
20162
20168
20173
20188
20201
20210
20221
20223
20229
20231
20235
20236
20238
20242
20244
20247
20250
20255
20257
20259
20286
20291
20293
20295
20301
20310
20313
20324
20325
20335
20338
20339
20345
20346
20347
20356
20364
20365
20368
20374
20377
20390
20395
20398
20401
20402
20425
20437
20441
20445
20449
20459
20469
20472
20473
20477
20478
20479
20483
20485
20493
20505
20508
20511
20517
20522
20529
20535
20537
20547
20554
20556
20558
20560
20562
20564
20566
20567
20571
20575
20578
20580
20583
20584
20591
20597
20598
20612
20617
20621
20622
20630
20648
20659
20671
20683
20684
20704
20726
20727
20735
20740
20742
20744
20748
20749
20755
20763
20767
20768
20771
20772
20777
20782
20786
20794
20795
20796
20797
20798
20800
20801
20802
20803
20807
20812
20819
20822
20850
20876
20881
20893
20900
20905
20908
20912
20933
20941
20942
20996
21011
21016
21024
21030
21031
21042
21044
21050
21055
21056
21126
21157
21167
21172
21176
21200
21219
21234
21249
21251
21293
21383
21392
21434
21438
21440
21446
21461
21466
21470
21471
21494
21500
21511
21517
21544
21594
21613
21634
21640
21648
21653
21690
21744
21750
21751
21757
21764
21769
21796
21798
21808
21871
21872
21891
21897
21910
21918
21924
21932
21933
21979
22003
22010
22013
22030
22036
22054
22073
22077
22107
22112
22149
22155
22167
22179
22185
22197
22217
22218
22292
22487
22920
23195
23204
23266
23561
23612
23788
23821
24166
25040
25415
25550
25911
26050
27277
27383
27761
28074
28502
28826
28985
29067
29255
29339
29784
29800
29810
29833
29845
29850
29852
29854
29855
29864
29895
29896
29903
29913
29917
29920
29923
29934
29944
29945
29952
29960
29962
29963
29964
29965
29966
29979
29990
29991
30000
30004
30005
30007
30015
30016
30018
30021
30022
30023
30024
30025
30027
30030
30038
30040
30044
30049
30058
30071
30072
30074
30077
30080
30086
30089
30096
30097
30106
30111
30113
30114
30124
30146
30153
30154
30169
30187
30205
30224
30229
30230
30233
30240
30253
30255
30265
30267
30268
30270
30271
30272
30274
30275
30288
30302
30307
30312
30315
30327
30336
30350
30353
30358
30361
30362
30364
30367
30371
30395
30400
30406
30412
30421
30426
30439
30443
30451
30468
30492
30500
30508
30536
30537
30545
30547
30552
30561
30567
30574
30575
30579
30581
30582
30583
30598
30608
30611
30615
30619
30622
30626
30628
30632
30636
30652
30660
30666
30677
30682
30684
30701
30702
30708
30712
30724
30725
30726
30728
30729
31029
31246
31514
31818
31974
32215
32318
32573
32649
32692
32756
32789
32808
32982
33225
33234
33770
33771
33851
33868
34005
34090
34231
34315
34442
34529
34773
35018
35022
35146
35404
35422
35563
36294
36644
36953
37123
37315
37439
37449
37614
37675
38000
38042
38153
38154
38170
38231
38281
38317
38492
38501
38618
38637
38644
38692
38781
38795
38896
38984
39089
39380
39394
39404
39411
39425
39440
39530
39882
39923
39975
39986
40004
40005
40082
40113
40267
40270
40316
40414
40418
40471
40518
40618
40623
40692
40770
40852
40855
40906
40970
41095
41132
41323
41351
41421
41430
41474
41495
41628
41768
41829
41920
41949
41993
41996
42056
42137
42359
42545
42557
42592
42674
42739
42791
42876
42947
43050
43511
43530
43653
43797
43875
)


// ************************************************************************* //
