/*--------------------------------*- C++ -*----------------------------------*\
| =========                 |                                                 |
| \\      /  F ield         | OpenFOAM: The Open Source CFD Toolbox           |
|  \\    /   O peration     | Version:  2512                                  |
|   \\  /    A nd           | Website:  www.openfoam.com                      |
|    \\/     M anipulation  |                                                 |
\*---------------------------------------------------------------------------*/
FoamFile
{
    version     2.0;
    format      ascii;
    arch        "LSB;label=32;scalar=64";
    class       faceList;
    location    "constant/domain3/polyMesh";
    object      faces;
}
// * * * * * * * * * * * * * * * * * * * * * * * * * * * * * * * * * * * * * //


4252
(
3(271 560 128)
3(595 128 560)
3(271 595 560)
3(271 128 595)
3(546 447 397)
3(546 393 447)
3(546 397 393)
3(50 127 185)
3(50 547 127)
3(50 185 547)
3(185 127 547)
3(563 494 566)
3(563 636 494)
3(636 566 494)
3(563 566 636)
3(431 481 566)
3(494 431 566)
3(494 566 481)
3(514 573 411)
3(411 573 510)
3(514 510 573)
3(514 411 510)
3(350 514 573)
3(411 350 573)
3(411 514 350)
3(573 598 514)
3(350 598 573)
3(350 514 598)
3(547 184 324)
3(547 324 185)
3(547 185 184)
3(447 593 529)
3(546 447 529)
3(546 593 447)
3(546 529 593)
3(546 624 547)
3(547 624 229)
3(546 547 229)
3(546 229 624)
3(446 546 624)
3(446 547 546)
3(446 624 547)
3(492 641 581)
3(492 463 641)
3(463 581 641)
3(492 581 463)
3(581 544 641)
3(492 641 544)
3(492 544 581)
3(201 544 641)
3(581 201 641)
3(581 544 201)
3(492 641 464)
3(492 531 641)
3(492 464 531)
3(464 641 531)
3(464 463 641)
3(492 531 544)
3(641 544 531)
3(551 493 640)
3(640 493 609)
3(551 609 493)
3(551 640 609)
3(585 632 640)
3(283 632 585)
3(283 585 640)
3(283 640 632)
3(640 493 261)
3(640 261 283)
3(640 283 493)
3(640 609 632)
3(585 632 609)
3(585 609 640)
3(551 261 640)
3(551 493 261)
3(493 609 632)
3(640 493 632)
3(416 550 385)
3(382 385 550)
3(416 382 550)
3(172 592 36)
3(592 551 36)
3(172 551 592)
3(172 36 551)
3(439 522 316)
3(317 316 522)
3(317 522 439)
3(563 599 431)
3(431 599 309)
3(563 431 309)
3(563 309 599)
3(431 566 599)
3(599 566 563)
3(431 563 566)
3(431 481 599)
3(566 599 481)
3(563 34 566)
3(566 34 599)
3(563 599 34)
3(309 308 599)
3(431 599 308)
3(372 619 280)
3(372 408 619)
3(408 280 619)
3(417 294 524)
3(550 524 294)
3(550 294 417)
3(550 417 524)
3(295 294 524)
3(295 524 417)
3(147 146 639)
3(620 147 639)
3(620 146 147)
3(620 639 146)
3(287 639 605)
3(287 555 639)
3(639 555 605)
3(287 605 555)
3(145 287 639)
3(145 605 287)
3(145 639 605)
3(287 583 639)
3(555 583 287)
3(555 639 583)
3(287 210 639)
3(287 583 210)
3(210 583 639)
3(147 287 639)
3(287 146 639)
3(210 639 147)
3(555 552 639)
3(605 552 555)
3(605 639 552)
3(548 280 239)
3(548 239 137)
3(548 137 280)
3(390 558 626)
3(390 634 558)
3(558 634 626)
3(390 626 634)
3(429 390 626)
3(430 626 390)
3(430 429 626)
3(558 626 429)
3(558 429 390)
3(375 355 583)
3(555 583 355)
3(555 355 375)
3(555 375 583)
3(410 355 583)
3(375 410 583)
3(410 282 583)
3(282 355 583)
3(376 562 482)
3(376 252 562)
3(252 482 562)
3(515 414 383)
3(515 383 475)
3(515 475 414)
3(218 549 252)
3(631 218 252)
3(631 252 549)
3(631 549 218)
3(562 26 162)
3(562 162 549)
3(162 26 549)
3(562 549 26)
3(218 549 115)
3(115 549 252)
3(416 550 417)
3(417 550 385)
3(410 572 621)
3(583 572 410)
3(583 621 572)
3(583 410 621)
3(373 572 621)
3(410 572 373)
3(410 373 621)
3(613 155 550)
3(19 155 613)
3(19 613 550)
3(19 550 155)
3(353 525 598)
3(352 598 525)
3(353 352 525)
3(353 598 352)
3(353 103 598)
3(353 525 103)
3(598 103 525)
3(353 148 598)
3(353 598 540)
3(148 540 598)
3(353 540 148)
3(524 155 20)
3(524 550 155)
3(524 20 550)
3(20 155 550)
3(173 609 172)
3(551 609 173)
3(551 173 172)
3(551 172 609)
3(312 609 172)
3(173 609 312)
3(609 173 585)
3(551 609 585)
3(551 585 173)
3(405 461 506)
3(405 506 521)
3(461 521 506)
3(405 521 461)
3(461 506 462)
3(405 462 506)
3(405 277 521)
3(405 506 277)
3(277 506 521)
3(440 317 638)
3(440 638 522)
3(317 522 638)
3(440 522 317)
3(318 440 638)
3(440 537 638)
3(318 537 440)
3(318 638 537)
3(318 317 638)
3(440 607 638)
3(537 607 440)
3(537 638 607)
3(522 607 638)
3(440 607 522)
3(123 537 43)
3(123 43 638)
3(123 638 537)
3(43 537 638)
3(401 513 487)
3(401 453 513)
3(453 487 513)
3(487 594 452)
3(452 594 564)
3(487 564 594)
3(487 452 564)
3(487 594 400)
3(452 400 594)
3(594 452 330)
3(594 330 329)
3(594 329 452)
3(564 452 330)
3(564 330 594)
3(288 514 148)
3(149 514 288)
3(149 148 514)
3(288 598 514)
3(573 598 288)
3(573 288 514)
3(642 75 620)
3(75 552 620)
3(642 552 75)
3(642 620 552)
3(492 570 544)
3(531 570 492)
3(531 544 570)
3(370 544 492)
3(370 570 544)
3(370 492 570)
3(641 544 202)
3(641 202 531)
3(202 544 531)
3(201 544 202)
3(201 202 641)
3(370 544 278)
3(492 278 544)
3(202 66 544)
3(66 201 544)
3(383 414 519)
3(414 413 519)
3(383 519 413)
3(460 521 404)
3(590 404 521)
3(590 521 460)
3(590 460 404)
3(404 490 521)
3(460 521 490)
3(637 426 303)
3(637 517 426)
3(517 303 426)
3(637 303 517)
3(426 557 637)
3(426 637 304)
3(557 304 637)
3(426 304 557)
3(588 637 426)
3(588 426 557)
3(588 557 637)
3(304 303 637)
3(517 588 637)
3(426 588 517)
3(588 29 517)
3(637 29 588)
3(637 517 29)
3(382 601 416)
3(382 613 601)
3(613 416 601)
3(382 416 613)
3(382 601 515)
3(382 415 601)
3(415 515 601)
3(382 515 415)
3(601 554 382)
3(382 554 515)
3(601 515 554)
3(416 415 601)
3(601 554 613)
3(382 613 554)
3(382 554 244)
3(382 244 515)
3(244 554 515)
3(554 18 601)
3(601 18 613)
3(554 613 18)
3(552 143 600)
3(144 600 143)
3(144 143 552)
3(144 552 600)
3(419 296 616)
3(419 616 516)
3(419 516 296)
3(616 296 516)
3(297 296 616)
3(297 616 419)
3(419 629 616)
3(511 629 419)
3(511 616 629)
3(511 419 616)
3(516 629 616)
3(419 629 516)
3(418 295 516)
3(418 516 524)
3(418 524 295)
3(516 295 524)
3(296 295 516)
3(418 296 516)
3(457 334 569)
3(518 457 569)
3(518 334 457)
3(518 569 334)
3(457 335 569)
3(335 334 569)
3(541 614 323)
3(604 323 614)
3(541 323 604)
3(541 604 614)
3(541 445 614)
3(541 614 530)
3(541 530 445)
3(445 530 614)
3(323 614 445)
3(323 322 614)
3(322 445 614)
3(445 323 541)
3(614 530 228)
3(228 530 541)
3(614 228 541)
3(294 613 550)
3(416 550 613)
3(416 613 294)
3(416 294 550)
3(613 294 155)
3(613 155 154)
3(613 154 294)
3(294 155 550)
3(608 401 589)
3(608 526 401)
3(608 589 526)
3(589 401 526)
3(79 143 600)
3(552 143 79)
3(552 79 600)
3(401 526 454)
3(401 488 526)
3(526 488 454)
3(314 534 436)
3(313 534 314)
3(313 436 534)
3(314 520 534)
3(579 520 314)
3(579 534 520)
3(579 314 534)
3(314 520 436)
3(436 520 534)
3(261 497 592)
3(261 592 266)
3(266 592 497)
3(497 551 592)
3(545 497 592)
3(545 592 551)
3(545 551 497)
3(497 551 261)
3(261 551 592)
3(420 297 535)
3(420 511 297)
3(535 297 511)
3(420 535 511)
3(297 535 298)
3(535 420 298)
3(494 431 563)
3(636 561 494)
3(636 494 260)
3(260 494 561)
3(636 260 561)
3(636 561 563)
3(494 563 561)
3(285 494 636)
3(285 566 494)
3(285 636 566)
3(636 285 260)
3(235 553 276)
3(553 133 276)
3(235 133 553)
3(356 555 622)
3(375 356 622)
3(375 622 555)
3(375 555 356)
3(142 141 555)
3(142 555 552)
3(555 141 552)
3(142 552 141)
3(555 142 286)
3(141 555 286)
3(142 143 552)
3(142 555 143)
3(552 143 555)
3(523 509 618)
3(635 509 523)
3(635 523 618)
3(635 618 509)
3(409 509 618)
3(523 509 409)
3(523 409 618)
3(281 635 240)
3(240 635 618)
3(281 240 618)
3(281 618 635)
3(635 138 281)
3(635 240 138)
3(576 523 635)
3(509 523 576)
3(509 576 635)
3(281 635 509)
3(138 509 635)
3(281 509 138)
3(409 509 281)
3(409 281 618)
3(281 509 618)
3(258 390 634)
3(558 258 634)
3(558 390 258)
3(481 285 634)
3(566 285 481)
3(566 634 285)
3(566 481 634)
3(258 118 634)
3(258 634 221)
3(634 118 221)
3(258 481 634)
3(390 634 481)
3(258 285 634)
3(118 558 258)
3(118 634 558)
3(569 275 234)
3(569 234 132)
3(569 132 275)
3(498 495 522)
3(439 498 522)
3(439 522 495)
3(633 508 548)
3(467 508 633)
3(467 633 548)
3(467 548 508)
3(205 633 508)
3(205 548 633)
3(205 508 548)
3(633 467 344)
3(633 344 508)
3(344 467 508)
3(633 467 345)
3(344 633 345)
3(633 548 345)
3(467 345 548)
3(632 609 534)
3(585 534 609)
3(585 632 534)
3(235 197 276)
3(197 553 276)
3(235 553 197)
3(493 435 632)
3(435 609 632)
3(493 609 435)
3(496 632 435)
3(435 632 534)
3(496 534 632)
3(496 435 534)
3(496 632 493)
3(435 609 534)
3(299 536 611)
3(160 299 611)
3(160 536 299)
3(160 611 536)
3(299 421 611)
3(421 536 611)
3(299 536 421)
3(611 159 299)
3(611 160 159)
3(366 559 402)
3(518 559 366)
3(518 402 559)
3(518 366 402)
3(276 553 610)
3(404 553 276)
3(404 276 610)
3(404 610 553)
3(274 559 402)
3(274 366 559)
3(515 292 519)
3(515 414 292)
3(515 519 414)
3(414 519 292)
3(292 152 515)
3(519 152 292)
3(519 515 152)
3(292 153 515)
3(153 152 515)
3(18 601 515)
3(18 515 554)
3(450 399 580)
3(480 450 580)
3(480 580 399)
3(480 533 580)
3(533 451 580)
3(480 580 451)
3(480 451 533)
3(480 533 363)
3(480 363 580)
3(363 533 580)
3(244 554 111)
3(213 111 554)
3(213 554 244)
3(601 515 153)
3(601 153 18)
3(153 515 18)
3(282 555 355)
3(555 286 355)
3(282 286 555)
3(410 282 572)
3(282 583 572)
3(282 555 583)
3(178 318 638)
3(318 179 638)
3(178 638 179)
3(510 149 538)
3(584 538 149)
3(510 538 584)
3(510 584 149)
3(412 510 499)
3(412 472 510)
3(499 510 472)
3(196 60 568)
3(569 60 196)
3(569 568 60)
3(569 196 568)
3(507 465 596)
3(343 596 465)
3(507 343 465)
3(507 596 343)
3(506 462 339)
3(506 339 461)
3(239 508 280)
3(548 508 239)
3(548 280 508)
3(641 341 463)
3(464 341 641)
3(638 178 317)
3(313 534 174)
3(314 174 534)
3(527 176 315)
3(527 316 176)
3(527 315 316)
3(567 256 556)
3(256 483 556)
3(567 483 256)
3(567 556 483)
3(41 606 225)
3(41 225 522)
3(41 522 606)
3(522 225 606)
3(194 333 518)
3(194 518 334)
3(334 518 333)
3(429 428 556)
3(429 556 391)
3(391 556 428)
3(182 125 268)
3(182 603 125)
3(268 125 603)
3(182 268 603)
3(109 538 584)
3(538 243 584)
3(109 243 538)
3(109 584 243)
3(64 506 199)
3(236 506 64)
3(236 64 199)
3(236 199 506)
3(321 182 630)
3(321 630 603)
3(321 603 182)
3(182 603 630)
3(220 558 31)
3(567 220 31)
3(567 558 220)
3(567 31 558)
3(164 165 637)
3(29 637 165)
3(164 637 29)
3(46 603 182)
3(46 181 603)
3(603 181 182)
3(125 615 182)
3(615 268 182)
3(125 268 615)
3(565 45 603)
3(227 565 603)
3(227 45 565)
3(227 603 45)
3(219 557 588)
3(557 259 588)
3(219 588 259)
3(219 259 557)
3(186 127 185)
3(186 50 127)
3(209 241 73)
3(209 74 241)
3(355 555 142)
3(75 639 210)
3(639 139 210)
3(75 210 139)
3(75 139 639)
3(304 165 637)
3(304 637 164)
3(67 507 202)
3(531 67 202)
3(531 507 67)
3(531 202 507)
3(67 507 203)
3(507 202 203)
3(238 67 570)
3(238 570 507)
3(570 67 507)
3(238 507 67)
3(489 276 568)
3(610 489 568)
3(610 568 276)
3(610 276 489)
3(406 509 523)
3(406 523 470)
3(406 470 509)
3(509 470 523)
3(303 517 574)
3(303 574 163)
3(303 163 517)
3(574 517 163)
3(167 307 558)
3(167 558 168)
3(558 307 168)
3(54 129 533)
3(54 533 231)
3(231 533 129)
3(434 545 497)
3(433 497 545)
3(433 545 434)
3(314 175 579)
3(174 579 175)
3(174 314 579)
3(33 599 168)
3(626 599 33)
3(626 33 168)
3(626 168 599)
3(151 538 15)
3(538 597 15)
3(151 15 597)
3(151 597 538)
3(528 359 565)
3(528 473 359)
3(359 473 565)
3(528 565 473)
3(15 150 538)
3(538 150 151)
3(20 524 156)
3(524 155 156)
3(527 41 176)
3(527 176 177)
3(527 177 41)
3(233 365 559)
3(233 559 589)
3(365 589 559)
3(233 589 365)
3(115 27 549)
3(218 549 27)
3(501 643 502)
3(106 501 502)
3(106 502 643)
3(106 643 501)
3(175 520 314)
3(175 579 520)
3(348 583 621)
3(348 621 572)
3(348 572 583)
3(164 517 28)
3(29 28 517)
3(29 517 164)
3(507 464 465)
3(507 465 342)
3(507 342 464)
3(21 156 516)
3(516 156 157)
3(21 516 157)
3(129 190 54)
3(533 54 190)
3(533 190 129)
3(109 15 538)
3(109 538 211)
3(15 211 538)
3(448 325 529)
3(447 529 325)
3(448 529 447)
3(211 243 612)
3(612 243 538)
3(211 538 243)
3(211 612 538)
3(131 559 233)
3(274 233 559)
3(274 559 131)
3(264 537 473)
3(528 537 264)
3(528 264 473)
3(528 473 537)
3(175 578 315)
3(175 314 578)
3(314 315 578)
3(52 51 595)
3(52 595 187)
3(187 595 51)
3(449 625 327)
3(560 625 449)
3(560 327 625)
3(560 449 327)
3(7 102 501)
3(7 501 103)
3(103 501 102)
3(510 477 499)
3(510 411 477)
3(510 499 411)
3(584 14 538)
3(109 538 14)
3(109 14 584)
3(6 501 7)
3(6 102 501)
3(449 625 326)
3(326 625 327)
3(349 263 542)
3(224 542 263)
3(349 542 224)
3(61 568 197)
3(61 196 568)
3(196 197 568)
3(6 501 86)
3(501 7 86)
3(500 643 502)
3(501 643 500)
3(288 510 149)
3(149 510 289)
3(288 289 510)
3(617 10 9)
3(617 105 10)
3(617 9 105)
3(520 542 263)
3(263 542 579)
3(520 579 542)
3(520 263 579)
3(183 614 47)
3(183 48 614)
3(47 614 48)
3(458 336 610)
3(458 568 336)
3(458 610 568)
3(336 568 610)
3(540 148 12)
3(540 12 107)
3(540 107 148)
3(579 175 39)
3(579 39 174)
3(560 580 52)
3(188 560 52)
3(188 580 560)
3(188 52 580)
3(266 485 561)
3(561 485 260)
3(266 561 260)
3(561 592 485)
3(266 485 592)
3(561 266 592)
3(2 602 1)
3(91 1 602)
3(2 91 602)
3(616 158 22)
3(616 157 158)
3(616 22 157)
3(422 532 387)
3(422 536 532)
3(532 536 387)
3(422 387 536)
3(523 406 409)
3(406 509 409)
3(72 208 138)
3(73 138 208)
3(77 93 503)
3(77 503 504)
3(77 504 93)
3(204 68 596)
3(507 596 68)
3(204 507 68)
3(204 596 507)
3(508 204 69)
3(204 596 69)
3(508 596 204)
3(508 69 596)
3(506 65 581)
3(506 134 65)
3(65 134 581)
3(506 581 134)
3(42 177 522)
3(522 177 638)
3(42 522 638)
3(42 638 177)
3(537 441 318)
3(537 440 441)
3(162 587 302)
3(162 301 587)
3(301 302 587)
3(531 341 202)
3(641 202 341)
3(641 341 531)
3(423 532 301)
3(562 423 301)
3(562 532 423)
3(562 301 532)
3(67 507 68)
3(203 68 507)
3(162 161 562)
3(301 562 161)
3(162 562 301)
3(376 387 562)
3(376 562 255)
3(255 562 387)
3(310 563 432)
3(309 432 563)
3(309 563 310)
3(240 71 207)
3(72 240 207)
3(336 568 335)
3(336 196 568)
3(335 568 196)
3(47 182 614)
3(614 182 183)
3(635 72 240)
3(635 618 72)
3(240 72 618)
3(318 179 537)
3(537 179 638)
3(55 591 56)
3(55 191 591)
3(191 56 591)
3(217 532 26)
3(25 532 217)
3(25 26 532)
3(591 564 513)
3(591 513 330)
3(564 330 513)
3(591 330 564)
3(401 513 273)
3(513 487 273)
3(72 138 635)
3(235 568 197)
3(235 61 568)
3(235 197 61)
3(46 182 125)
3(47 125 182)
3(560 580 128)
3(560 128 52)
3(128 580 52)
3(543 268 384)
3(543 384 395)
3(543 395 268)
3(331 608 192)
3(192 608 332)
3(331 332 608)
3(124 359 565)
3(124 565 528)
3(124 528 359)
3(568 276 235)
3(568 197 276)
3(459 610 458)
3(336 610 459)
3(563 636 119)
3(563 119 561)
3(636 561 119)
3(498 478 522)
3(265 522 478)
3(498 522 265)
3(223 640 261)
3(223 283 640)
3(562 26 161)
3(148 540 13)
3(514 148 13)
3(514 540 148)
3(514 13 540)
3(591 594 487)
3(591 487 564)
3(591 564 594)
3(21 215 516)
3(112 21 516)
3(112 516 215)
3(487 594 364)
3(594 400 364)
3(167 307 556)
3(167 556 558)
3(558 556 307)
3(453 452 564)
3(453 564 487)
3(364 487 591)
3(594 364 591)
3(110 17 519)
3(515 519 17)
3(110 515 17)
3(110 519 515)
3(16 152 519)
3(16 519 17)
3(152 17 519)
3(525 352 104)
3(525 104 351)
3(525 351 352)
3(378 386 629)
3(378 629 251)
3(386 251 629)
3(487 513 591)
3(487 564 513)
3(227 359 565)
3(227 565 124)
3(186 127 529)
3(186 529 185)
3(127 185 529)
3(124 45 528)
3(565 528 45)
3(124 565 45)
3(270 127 546)
3(270 529 127)
3(270 546 529)
3(529 546 127)
3(226 537 43)
3(123 537 226)
3(288 148 598)
3(288 598 353)
3(153 601 292)
3(515 292 601)
3(148 598 514)
3(525 105 104)
3(352 105 525)
3(305 567 427)
3(557 567 305)
3(557 305 427)
3(557 427 567)
3(612 211 358)
3(243 612 358)
3(91 11 502)
3(500 502 11)
3(91 500 11)
3(518 559 131)
3(366 131 559)
3(518 131 366)
3(219 29 588)
3(219 557 29)
3(29 557 588)
3(557 304 165)
3(557 165 637)
3(221 285 634)
3(602 1 4)
3(2 602 4)
3(6 5 501)
3(6 501 571)
3(6 571 5)
3(5 571 501)
3(16 152 597)
3(16 597 519)
3(597 152 519)
3(119 566 563)
3(119 34 566)
3(119 563 34)
3(29 165 557)
3(29 557 30)
3(165 30 557)
3(597 151 152)
3(597 16 151)
3(517 476 257)
3(476 588 257)
3(517 257 588)
3(517 588 476)
3(427 557 426)
3(427 304 557)
3(67 135 544)
3(135 66 544)
3(67 544 66)
3(529 51 186)
3(529 187 51)
3(529 186 187)
3(544 278 135)
3(544 135 370)
3(222 35 171)
3(222 171 36)
3(610 459 489)
3(610 404 459)
3(610 489 404)
3(590 460 337)
3(590 337 459)
3(590 459 460)
3(412 510 380)
3(499 380 510)
3(33 566 599)
3(33 599 634)
3(33 634 566)
3(566 634 599)
3(560 580 271)
3(580 128 271)
3(438 478 522)
3(438 522 498)
3(510 514 288)
3(149 514 510)
3(291 519 413)
3(291 597 519)
3(413 519 597)
3(291 413 597)
3(312 545 172)
3(545 609 172)
3(312 609 545)
3(414 415 515)
3(292 515 415)
3(634 33 221)
3(634 118 33)
3(514 584 212)
3(514 212 13)
3(212 584 13)
3(514 13 584)
3(257 252 631)
3(257 631 218)
3(344 508 343)
3(204 343 508)
3(344 204 508)
3(300 532 301)
3(423 532 300)
3(161 532 301)
3(300 532 161)
3(574 587 302)
3(574 302 163)
3(587 163 302)
3(574 163 587)
3(306 305 567)
3(428 567 305)
3(306 567 428)
3(32 558 31)
3(220 558 32)
3(407 596 371)
3(279 371 596)
3(279 596 407)
3(627 279 570)
3(279 238 570)
3(627 570 238)
3(627 238 279)
3(521 404 368)
3(521 368 490)
3(30 557 567)
3(30 567 166)
3(567 557 166)
3(30 166 557)
3(249 385 524)
3(550 385 249)
3(550 524 385)
3(550 249 524)
3(368 276 553)
3(368 553 133)
3(557 117 30)
3(30 117 567)
3(557 567 117)
3(166 305 567)
3(306 166 567)
3(511 297 419)
3(511 419 420)
3(61 60 568)
3(213 554 18)
3(213 18 515)
3(213 515 554)
3(478 578 527)
3(527 578 606)
3(478 606 578)
3(478 527 606)
3(216 23 611)
3(24 216 611)
3(24 611 23)
3(117 219 557)
3(219 30 557)
3(524 112 246)
3(524 249 112)
3(524 246 249)
3(132 61 568)
3(235 132 568)
3(533 480 272)
3(533 272 400)
3(533 400 480)
3(378 251 511)
3(248 511 251)
3(248 378 511)
3(215 511 629)
3(251 511 215)
3(251 629 511)
3(251 215 629)
3(483 259 557)
3(557 259 567)
3(483 567 259)
3(483 557 567)
3(181 45 565)
3(181 565 180)
3(45 180 565)
3(637 164 303)
3(335 458 568)
3(236 198 199)
3(236 199 63)
3(236 63 198)
3(198 236 521)
3(368 521 236)
3(368 198 521)
3(368 236 198)
3(12 540 13)
3(149 538 289)
3(510 289 538)
3(538 150 289)
3(290 538 289)
3(290 150 538)
3(192 57 589)
3(192 589 130)
3(192 130 57)
3(130 589 57)
3(457 335 568)
3(457 568 569)
3(569 568 335)
3(72 576 208)
3(576 207 208)
3(72 207 576)
3(518 569 59)
3(195 569 518)
3(195 518 59)
3(195 59 569)
3(566 636 119)
3(119 35 563)
3(35 561 563)
3(119 561 35)
3(331 513 192)
3(513 608 192)
3(331 608 513)
3(518 569 234)
3(234 569 59)
3(518 234 59)
3(469 406 523)
3(469 523 470)
3(639 75 620)
3(639 642 75)
3(639 620 642)
3(56 192 582)
3(56 130 192)
3(56 582 130)
3(130 582 192)
3(585 121 38)
3(585 38 579)
3(121 579 38)
3(585 579 121)
3(223 38 585)
3(223 585 121)
3(443 565 442)
3(565 320 442)
3(443 320 565)
3(479 403 569)
3(479 569 457)
3(457 569 403)
3(117 567 220)
3(117 31 567)
3(570 471 507)
3(464 507 471)
3(464 570 507)
3(464 471 570)
3(576 138 72)
3(576 208 138)
3(279 471 570)
3(370 279 570)
3(370 570 471)
3(627 471 570)
3(627 279 471)
3(102 571 101)
3(102 6 571)
3(101 571 6)
3(627 471 507)
3(570 627 507)
3(101 5 571)
3(5 100 571)
3(101 571 100)
3(106 103 571)
3(540 103 106)
3(540 106 571)
3(540 571 103)
3(197 610 337)
3(336 337 610)
3(197 336 610)
3(335 195 569)
3(195 334 569)
3(386 379 516)
3(246 516 379)
3(386 516 246)
3(46 603 125)
3(278 237 544)
3(135 544 237)
3(182 47 615)
3(125 615 47)
3(380 243 584)
3(538 243 380)
3(538 380 584)
3(380 247 584)
3(247 243 584)
3(14 538 149)
3(584 14 149)
3(479 275 569)
3(569 275 403)
3(601 18 154)
3(154 18 613)
3(601 154 613)
3(301 562 424)
3(424 562 423)
3(489 367 568)
3(367 276 568)
3(114 25 536)
3(217 536 25)
3(114 536 217)
3(458 610 489)
3(458 489 568)
3(33 34 599)
3(566 34 33)
3(601 416 293)
3(601 293 415)
3(428 567 427)
3(518 569 366)
3(234 366 569)
3(234 518 366)
3(232 55 591)
3(232 591 56)
3(550 242 385)
3(550 382 242)
3(483 567 427)
3(428 567 483)
3(102 101 540)
3(586 540 101)
3(102 586 101)
3(102 540 586)
3(297 157 616)
3(296 616 157)
3(106 643 100)
3(571 106 100)
3(571 100 643)
3(571 643 106)
3(631 482 257)
3(631 517 482)
3(257 482 517)
3(631 257 517)
3(482 631 252)
3(482 549 631)
3(482 252 549)
3(163 631 517)
3(163 482 631)
3(163 517 482)
3(631 517 28)
3(28 517 163)
3(631 28 163)
3(470 621 348)
3(348 621 491)
3(470 491 621)
3(482 549 163)
3(631 163 549)
3(562 587 549)
3(162 587 562)
3(162 549 587)
3(197 553 610)
3(276 197 610)
3(256 558 567)
3(556 567 558)
3(556 558 256)
3(256 220 567)
3(256 558 220)
3(621 373 138)
3(621 138 572)
3(373 572 138)
3(117 567 256)
3(516 296 156)
3(516 156 295)
3(571 540 102)
3(571 101 540)
3(401 513 589)
3(273 401 589)
3(273 589 513)
3(608 513 589)
3(401 513 608)
3(365 589 273)
3(401 589 365)
3(443 630 384)
3(630 543 384)
3(443 543 630)
3(443 384 543)
3(384 268 630)
3(268 615 630)
3(384 630 615)
3(384 615 268)
3(444 630 384)
3(443 630 444)
3(543 268 630)
3(630 575 444)
3(630 384 575)
3(444 575 384)
3(235 62 197)
3(197 62 553)
3(235 553 62)
3(182 615 630)
3(268 182 630)
3(501 7 8)
3(501 8 87)
3(501 87 7)
3(241 208 73)
3(241 138 208)
3(282 572 373)
3(513 273 591)
3(513 591 582)
3(582 591 273)
3(513 582 273)
3(513 330 191)
3(513 191 591)
3(191 330 591)
3(513 191 192)
3(192 191 582)
3(513 582 191)
3(513 192 582)
3(8 501 103)
3(487 591 273)
3(591 364 273)
3(589 273 130)
3(589 130 365)
3(368 404 553)
3(404 590 368)
3(368 590 553)
3(404 553 590)
3(42 41 522)
3(177 522 41)
3(215 629 616)
3(516 215 616)
3(516 629 215)
3(386 419 629)
3(386 629 516)
3(386 516 419)
3(378 419 629)
3(535 158 511)
3(535 297 158)
3(158 297 511)
3(378 511 629)
3(378 419 511)
3(215 511 616)
3(461 338 521)
3(460 521 338)
3(460 461 521)
3(478 578 438)
3(478 438 527)
3(438 578 527)
3(126 49 604)
3(547 126 604)
3(547 604 49)
3(547 49 126)
3(438 437 578)
3(478 578 437)
3(176 578 606)
3(527 578 176)
3(527 176 606)
3(176 542 606)
3(542 578 606)
3(176 578 542)
3(579 496 585)
3(496 263 585)
3(579 585 263)
3(579 263 496)
3(595 230 52)
3(595 52 128)
3(595 128 230)
3(585 579 534)
3(496 534 579)
3(585 534 496)
3(623 173 174)
3(623 174 38)
3(623 38 173)
3(283 263 585)
3(496 283 585)
3(522 316 438)
3(522 438 439)
3(431 563 432)
3(563 494 432)
3(310 561 628)
3(561 592 628)
3(310 628 592)
3(310 592 561)
3(317 177 522)
3(522 177 316)
3(563 310 561)
3(563 628 310)
3(563 561 628)
3(310 561 432)
3(432 561 563)
3(222 592 628)
3(561 592 222)
3(561 222 628)
3(310 628 170)
3(171 170 628)
3(310 171 628)
3(170 563 628)
3(310 563 170)
3(573 472 411)
3(510 472 573)
3(510 411 472)
3(340 462 506)
3(462 581 506)
3(340 506 581)
3(340 581 462)
3(89 502 8)
3(8 502 88)
3(8 9 502)
3(89 502 9)
3(340 339 506)
3(462 581 405)
3(506 405 581)
3(627 596 465)
3(627 465 407)
3(627 407 596)
3(465 596 407)
3(596 507 627)
3(465 627 507)
3(596 507 238)
3(238 507 627)
3(596 238 627)
3(627 471 465)
3(465 471 507)
3(627 471 407)
3(418 516 379)
3(379 516 524)
3(418 379 524)
3(15 538 14)
3(386 418 516)
3(351 411 573)
3(351 573 472)
3(430 599 626)
3(430 626 308)
3(430 308 599)
3(599 308 626)
3(430 481 626)
3(599 481 430)
3(599 626 481)
3(390 481 626)
3(126 48 604)
3(48 49 604)
3(430 626 307)
3(308 307 626)
3(268 227 603)
3(227 125 603)
3(543 227 603)
3(543 268 227)
3(543 603 268)
3(227 46 603)
3(395 565 442)
3(443 565 395)
3(628 35 171)
3(628 171 222)
3(628 222 35)
3(350 351 573)
3(351 598 573)
3(350 598 351)
3(618 281 372)
3(240 618 372)
3(573 352 351)
3(573 472 352)
3(598 573 352)
3(598 352 351)
3(350 540 598)
3(598 540 514)
3(350 514 540)
3(448 625 486)
3(529 486 625)
3(529 448 486)
3(529 625 448)
3(625 449 486)
3(625 486 560)
3(486 449 560)
3(625 449 448)
3(486 595 625)
3(560 625 595)
3(560 595 486)
3(99 503 83)
3(3 83 503)
3(529 595 625)
3(486 595 529)
3(371 508 280)
3(239 508 371)
3(444 321 630)
3(443 630 321)
3(371 508 474)
3(474 508 280)
3(408 548 474)
3(408 467 548)
3(474 548 467)
3(239 70 508)
3(548 70 239)
3(548 508 70)
3(463 340 641)
3(581 641 340)
3(581 340 463)
3(341 340 641)
3(397 624 446)
3(397 446 546)
3(397 546 624)
3(624 394 446)
3(541 624 446)
3(541 446 394)
3(541 394 624)
3(229 50 547)
3(229 547 127)
3(514 477 584)
3(510 477 514)
3(510 584 477)
3(510 514 584)
3(547 546 324)
3(324 546 446)
3(547 324 446)
3(523 72 635)
3(523 618 72)
3(624 394 397)
3(446 541 547)
3(624 547 541)
3(446 541 323)
3(323 541 547)
3(446 323 547)
3(288 352 573)
3(288 573 472)
3(392 420 611)
3(535 420 392)
3(535 392 611)
3(535 611 420)
3(392 421 611)
3(421 420 611)
3(299 298 611)
3(421 611 298)
3(421 377 611)
3(536 377 421)
3(536 611 377)
3(420 535 378)
3(420 378 511)
3(378 535 511)
3(392 535 378)
3(339 521 461)
3(339 338 521)
3(506 339 521)
3(535 23 611)
3(216 535 611)
3(216 23 535)
3(518 456 559)
3(402 456 518)
3(402 559 456)
3(76 539 3)
3(0 3 539)
3(76 0 539)
3(518 333 559)
3(333 456 559)
3(518 456 333)
3(422 423 532)
3(422 532 300)
3(388 537 473)
3(264 537 388)
3(79 80 600)
3(80 143 600)
3(114 24 536)
3(25 536 24)
3(388 537 441)
3(441 537 473)
3(619 137 577)
3(240 577 137)
3(240 137 619)
3(240 619 577)
3(592 222 171)
3(592 171 36)
3(592 36 222)
3(537 267 264)
3(537 388 267)
3(585 534 623)
3(609 585 623)
3(609 623 534)
3(313 623 173)
3(313 174 623)
3(585 579 623)
3(534 623 579)
3(623 173 609)
3(609 173 313)
3(623 609 313)
3(435 313 534)
3(435 609 313)
3(313 609 534)
3(576 72 635)
3(576 523 72)
3(58 59 518)
3(58 518 131)
3(131 518 59)
3(194 518 58)
3(194 59 518)
3(184 547 323)
3(323 547 604)
3(184 323 604)
3(184 604 547)
3(387 423 532)
3(423 562 387)
3(387 562 532)
3(555 605 356)
3(622 356 605)
3(555 622 605)
3(514 247 584)
3(514 477 247)
3(247 477 584)
3(144 356 622)
3(375 144 622)
3(55 129 591)
3(190 55 591)
3(190 129 55)
3(190 591 129)
3(232 129 591)
3(287 356 555)
3(605 356 287)
3(144 605 622)
3(144 356 605)
3(622 143 375)
3(375 143 555)
3(622 555 143)
3(282 572 241)
3(373 241 572)
3(28 631 116)
3(28 116 517)
3(517 116 631)
3(603 181 320)
3(603 320 321)
3(603 321 181)
3(621 470 509)
3(621 509 406)
3(621 406 470)
3(425 303 574)
3(425 574 302)
3(303 302 574)
3(559 58 131)
3(559 233 58)
3(410 621 406)
3(406 621 491)
3(410 491 621)
3(470 576 621)
3(509 576 470)
3(509 621 576)
3(348 576 621)
3(470 576 348)
3(348 583 491)
3(583 621 491)
3(379 385 524)
3(249 379 524)
3(379 417 524)
3(417 385 524)
3(469 409 523)
3(470 523 576)
3(347 523 470)
3(347 469 523)
3(41 122 606)
3(122 40 606)
3(41 606 40)
3(303 517 425)
3(425 517 574)
3(479 569 518)
3(479 518 457)
3(479 569 366)
3(518 479 366)
3(322 614 183)
3(323 183 614)
3(275 569 366)
3(443 543 603)
3(443 603 630)
3(543 630 603)
3(305 557 304)
3(305 165 557)
3(292 519 291)
3(519 152 291)
3(429 626 307)
3(609 493 545)
3(551 545 493)
3(551 609 545)
3(609 493 434)
3(434 493 545)
3(609 434 545)
3(38 551 223)
3(223 551 585)
3(38 585 551)
3(285 636 119)
3(285 119 566)
3(628 35 170)
3(434 609 435)
3(544 570 135)
3(67 135 570)
3(544 67 570)
3(370 570 135)
3(599 309 169)
3(599 169 308)
3(135 238 570)
3(370 570 238)
3(16 519 211)
3(16 110 519)
3(211 519 110)
3(8 9 525)
3(617 9 8)
3(617 8 525)
3(617 525 9)
3(524 294 155)
3(154 601 153)
3(100 107 643)
3(106 107 100)
3(106 643 107)
3(295 155 524)
3(592 311 172)
3(592 172 171)
3(592 171 311)
3(172 592 545)
3(172 545 311)
3(311 545 592)
3(116 29 517)
3(588 29 116)
3(588 116 517)
3(100 4 107)
3(12 100 107)
3(12 107 4)
3(331 513 191)
3(592 485 433)
3(561 433 485)
3(561 592 433)
3(242 249 550)
3(592 497 433)
3(485 497 592)
3(540 586 100)
3(540 100 108)
3(586 108 100)
3(540 108 586)
3(425 587 302)
3(425 574 587)
3(40 176 542)
3(40 542 606)
3(40 606 176)
3(554 550 382)
3(554 382 242)
3(554 242 550)
3(154 19 613)
3(19 18 613)
3(91 10 502)
3(11 502 10)
3(613 554 550)
3(613 550 382)
3(244 242 554)
3(306 307 556)
3(306 556 167)
3(383 515 519)
3(414 519 291)
3(557 484 588)
3(484 259 588)
3(557 259 484)
3(211 597 519)
3(211 16 597)
3(247 584 212)
3(247 212 514)
3(484 426 557)
3(588 426 484)
3(254 259 588)
3(484 254 588)
3(528 319 537)
3(528 441 319)
3(537 319 441)
3(528 537 441)
3(505 99 83)
3(505 83 98)
3(179 319 528)
3(180 528 319)
3(179 528 180)
3(179 319 537)
3(528 179 537)
3(180 565 319)
3(180 528 565)
3(319 565 528)
3(446 541 445)
3(526 454 608)
3(454 401 608)
3(332 608 526)
3(454 608 332)
3(454 332 526)
3(526 559 608)
3(332 608 559)
3(332 559 526)
3(193 192 608)
3(193 608 332)
3(317 177 638)
3(517 163 164)
3(197 590 610)
3(197 553 590)
3(590 553 610)
3(198 133 553)
3(198 553 62)
3(198 62 133)
3(133 62 553)
3(228 614 615)
3(530 615 614)
3(530 228 615)
3(505 503 83)
3(541 396 445)
3(541 530 396)
3(396 530 445)
3(541 394 445)
3(541 396 394)
3(75 147 620)
3(147 539 620)
3(75 539 147)
3(75 620 539)
3(321 575 444)
3(321 630 575)
3(284 558 256)
3(284 391 558)
3(391 256 558)
3(639 75 147)
3(144 622 143)
3(145 146 639)
3(167 558 31)
3(32 558 167)
3(147 539 146)
3(146 539 620)
3(322 321 575)
3(322 575 444)
3(167 558 567)
3(167 567 31)
3(223 551 37)
3(223 120 551)
3(37 551 120)
3(511 215 22)
3(113 215 511)
3(113 511 22)
3(398 581 405)
3(462 581 398)
3(581 506 200)
3(65 200 506)
3(581 200 65)
3(398 369 581)
3(278 581 369)
3(398 581 278)
3(158 511 23)
3(535 158 23)
3(535 23 511)
3(282 139 572)
3(583 139 282)
3(583 572 139)
3(491 583 375)
3(410 583 491)
3(348 374 583)
3(209 348 583)
3(209 583 374)
3(468 619 577)
3(409 619 468)
3(409 577 619)
3(409 468 577)
3(468 548 577)
3(619 577 548)
3(468 619 548)
3(346 468 548)
3(346 548 577)
3(346 577 468)
3(530 614 575)
3(614 445 575)
3(530 575 445)
3(408 619 468)
3(408 409 619)
3(619 137 548)
3(137 577 548)
3(408 619 548)
3(468 408 548)
3(533 363 272)
3(600 80 81)
3(600 144 80)
3(600 81 144)
3(75 552 639)
3(555 552 75)
3(555 75 639)
3(37 38 551)
3(8 104 525)
3(104 9 525)
3(47 614 615)
3(228 47 615)
3(228 614 47)
3(591 190 191)
3(433 561 432)
3(433 310 561)
3(501 6 85)
3(501 85 5)
3(533 580 54)
3(231 54 580)
3(231 580 533)
3(350 103 598)
3(103 540 598)
3(350 540 103)
3(365 488 526)
3(401 365 526)
3(504 79 94)
3(504 95 79)
3(78 504 79)
3(78 94 504)
3(192 589 193)
3(192 608 589)
3(608 193 589)
3(101 586 245)
3(100 586 101)
3(100 245 586)
3(145 146 600)
3(145 552 146)
3(600 146 552)
3(145 600 552)
3(49 547 50)
3(185 547 49)
3(508 205 69)
3(508 204 205)
3(12 540 108)
3(108 540 13)
3(58 559 518)
3(518 559 194)
3(58 194 559)
3(274 365 559)
3(223 551 640)
3(640 551 585)
3(223 640 585)
3(565 181 603)
3(181 45 603)
3(22 511 616)
3(215 22 616)
3(264 528 359)
3(264 124 528)
3(179 528 44)
3(180 44 528)
3(189 580 54)
3(533 189 54)
3(533 580 189)
3(565 180 320)
3(565 320 181)
3(31 30 567)
3(31 567 166)
3(320 565 319)
3(113 251 511)
3(44 45 528)
3(44 528 124)
3(521 199 338)
3(339 199 521)
3(453 330 564)
3(237 581 544)
3(581 65 544)
3(237 65 581)
3(237 544 65)
3(422 300 536)
3(422 536 299)
3(299 536 300)
3(217 562 26)
3(562 532 26)
3(217 532 562)
3(327 512 450)
3(512 560 450)
3(327 450 560)
3(327 560 512)
3(205 633 344)
3(205 344 508)
3(325 326 529)
3(325 529 186)
3(186 529 326)
3(69 70 508)
3(239 69 508)
3(326 529 448)
3(466 344 508)
3(466 508 343)
3(33 169 599)
3(169 34 599)
3(288 352 598)
3(596 508 466)
3(466 508 407)
3(596 407 508)
3(596 466 407)
3(171 592 628)
3(106 525 105)
3(106 105 617)
3(106 617 525)
3(617 105 525)
3(112 524 21)
3(20 21 524)
3(20 524 112)
3(75 552 140)
3(140 552 620)
3(75 140 620)
3(224 542 40)
3(40 542 39)
3(224 39 542)
3(503 539 3)
3(503 3 76)
3(503 76 539)
3(532 300 536)
3(369 581 405)
3(533 451 328)
3(328 451 580)
3(533 328 580)
3(422 536 421)
3(423 562 376)
3(591 364 232)
3(591 232 273)
3(424 562 482)
3(424 376 562)
3(562 587 482)
3(562 482 549)
3(482 587 549)
3(642 552 639)
3(497 493 545)
3(530 615 384)
3(384 615 575)
3(530 575 615)
3(530 384 575)
3(605 552 622)
3(555 622 552)
3(553 198 368)
3(133 368 198)
3(144 552 622)
3(605 552 144)
3(261 551 223)
3(120 551 261)
3(374 287 583)
3(374 583 210)
3(348 572 208)
3(209 208 572)
3(348 209 572)
3(561 432 485)
3(23 511 22)
3(23 113 511)
3(22 511 158)
3(616 158 511)
3(205 70 508)
3(208 209 241)
3(70 137 548)
3(71 206 240)
3(207 240 206)
3(202 544 67)
3(67 544 531)
3(620 642 146)
3(639 146 642)
3(137 206 240)
3(137 71 206)
3(488 274 559)
3(488 559 402)
3(381 542 263)
3(381 263 520)
3(381 520 542)
3(578 315 437)
3(578 438 315)
3(268 615 360)
3(360 615 125)
3(526 488 559)
3(455 526 559)
3(455 559 488)
3(455 488 526)
3(205 633 345)
3(431 599 430)
3(530 228 269)
3(360 228 530)
3(360 530 269)
3(9 617 502)
3(10 502 617)
3(10 9 502)
3(278 581 237)
3(237 581 369)
3(266 120 592)
3(261 592 120)
3(121 263 585)
3(283 121 585)
3(514 108 13)
3(212 108 514)
3(594 533 364)
3(400 364 533)
3(400 533 594)
3(189 329 533)
3(189 533 190)
3(329 190 533)
3(53 580 54)
3(189 580 53)
3(38 579 623)
3(585 38 623)
3(329 533 328)
3(189 328 533)
3(158 535 298)
3(234 569 60)
3(60 569 59)
3(569 195 196)
3(569 60 195)
3(218 28 631)
3(218 631 116)
3(34 566 221)
3(119 221 566)
3(24 216 536)
3(611 24 536)
3(611 536 216)
3(577 207 346)
3(523 207 577)
3(523 346 207)
3(523 577 346)
3(187 188 560)
3(187 560 52)
3(53 580 231)
3(206 577 207)
3(206 346 577)
3(207 618 72)
3(207 523 618)
3(207 72 523)
3(357 522 225)
3(265 225 522)
3(357 265 522)
3(126 604 228)
3(541 604 126)
3(541 126 228)
3(541 228 604)
3(505 97 81)
3(505 81 96)
3(477 354 514)
3(247 514 354)
3(362 230 595)
3(271 362 595)
3(271 595 230)
3(636 119 260)
3(34 35 563)
3(34 563 170)
3(34 169 563)
3(563 169 170)
3(241 139 572)
3(604 183 48)
3(604 614 183)
3(604 48 614)
3(575 182 321)
3(322 182 575)
3(466 343 596)
3(466 596 465)
3(583 491 356)
3(583 374 491)
3(583 356 374)
3(558 307 429)
3(558 626 307)
3(575 182 630)
3(182 575 615)
3(182 615 614)
3(575 614 615)
3(182 614 575)
3(122 606 225)
3(590 198 337)
3(338 590 337)
3(338 198 590)
3(35 563 628)
3(170 563 35)
3(123 638 42)
3(522 123 42)
3(522 638 123)
3(262 515 244)
3(213 244 515)
3(262 213 515)
3(559 333 193)
3(559 193 332)
3(559 332 333)
3(327 512 328)
3(512 450 328)
3(132 60 568)
3(389 538 243)
3(389 380 538)
3(35 561 628)
3(525 104 103)
3(525 103 351)
3(519 358 110)
3(519 262 358)
3(519 110 262)
3(120 551 36)
3(592 120 36)
3(592 551 120)
3(351 103 598)
3(535 159 611)
3(535 23 159)
3(159 23 611)
3(339 506 200)
3(340 200 506)
3(611 298 159)
3(535 159 298)
3(611 535 298)
3(510 538 380)
3(510 380 584)
3(20 550 214)
3(20 214 524)
3(550 524 214)
3(599 168 169)
3(33 32 558)
3(168 558 32)
3(168 33 558)
3(102 501 571)
3(210 583 139)
3(139 583 639)
3(611 216 248)
3(535 611 248)
3(535 248 216)
3(627 279 407)
3(154 613 293)
3(601 293 613)
3(601 154 293)
3(373 621 509)
3(373 406 621)
3(373 509 406)
3(119 561 222)
3(222 561 35)
3(401 454 513)
3(453 513 454)
3(19 111 554)
3(19 554 18)
3(111 18 554)
3(555 141 140)
3(555 140 552)
3(140 141 552)
3(162 27 549)
3(27 26 549)
3(77 78 504)
3(141 504 78)
3(77 504 141)
3(215 21 616)
3(22 616 21)
3(554 550 19)
3(554 19 613)
3(333 559 194)
3(516 21 616)
3(140 555 286)
3(158 159 535)
3(516 524 21)
3(516 112 524)
3(503 77 92)
3(505 97 82)
3(81 505 82)
3(76 92 503)
3(76 503 77)
3(82 98 505)
3(82 505 83)
3(33 634 626)
3(558 634 33)
3(558 33 626)
3(599 634 626)
3(303 164 517)
3(348 576 572)
3(621 572 576)
3(500 84 4)
3(500 5 84)
3(500 4 5)
3(589 193 57)
3(137 619 280)
3(137 372 619)
3(558 118 220)
3(558 32 118)
3(140 539 77)
3(140 76 539)
3(76 77 539)
3(577 240 206)
3(577 207 240)
3(478 578 381)
3(437 381 578)
3(478 578 542)
3(478 542 381)
3(381 542 578)
3(613 293 294)
3(381 542 349)
3(118 284 558)
3(284 220 558)
3(275 132 568)
3(132 367 568)
3(275 568 367)
3(90 10 502)
3(455 456 559)
3(333 455 559)
3(33 221 566)
3(634 566 221)
3(210 139 74)
3(576 138 635)
3(284 558 258)
3(118 33 558)
3(192 513 589)
3(626 168 307)
3(626 308 168)
3(543 227 565)
3(543 565 603)
3(337 197 590)
3(337 590 610)
3(199 506 200)
3(199 339 506)
3(568 489 403)
3(568 403 367)
3(197 553 198)
3(197 198 590)
3(590 198 553)
3(631 28 27)
3(631 27 163)
3(565 319 442)
3(557 483 484)
3(225 522 42)
3(37 551 36)
3(8 617 502)
3(433 592 545)
3(524 417 418)
3(4 1 11)
3(4 107 1)
3(4 11 107)
3(60 132 569)
3(106 103 501)
3(501 103 571)
3(106 501 571)
3(336 197 568)
3(458 403 568)
3(10 106 502)
3(11 502 106)
3(326 448 625)
3(634 481 626)
3(364 129 594)
3(591 129 364)
3(591 594 129)
3(494 561 485)
3(114 216 536)
3(329 594 190)
3(330 190 594)
3(552 142 79)
3(141 600 504)
3(141 504 146)
3(146 504 600)
3(141 146 600)
3(178 177 638)
3(539 504 77)
3(539 503 504)
3(539 77 503)
3(605 144 145)
3(605 145 356)
3(516 246 215)
3(215 246 629)
3(516 629 246)
3(64 506 200)
3(205 548 345)
3(504 93 78)
3(198 199 521)
3(199 236 521)
3(457 458 568)
3(533 129 594)
3(364 129 533)
3(127 595 51)
3(127 529 595)
3(127 51 529)
3(529 51 595)
3(582 591 56)
3(582 56 232)
3(582 232 591)
3(338 521 198)
3(318 319 537)
3(408 548 280)
3(474 280 548)
3(230 51 595)
3(589 273 192)
3(130 192 273)
3(230 127 595)
3(48 604 228)
3(201 641 340)
3(201 340 581)
3(466 467 508)
3(64 134 506)
3(236 506 134)
3(369 277 506)
3(134 369 506)
3(134 506 277)
3(132 568 569)
3(275 569 568)
3(533 451 329)
3(624 361 397)
3(624 394 361)
3(325 593 529)
3(447 593 325)
3(192 513 273)
3(226 537 264)
3(226 528 537)
3(226 264 528)
3(593 185 324)
3(593 325 185)
3(593 324 325)
3(447 446 546)
3(328 450 580)
3(450 451 580)
3(172 551 545)
3(496 632 283)
3(632 493 283)
3(438 527 522)
3(478 522 527)
3(497 551 493)
3(37 172 551)
3(37 551 173)
3(484 427 557)
3(536 24 160)
3(536 160 25)
3(611 160 24)
3(611 24 159)
3(209 74 139)
3(209 139 241)
3(143 355 555)
3(532 161 25)
3(532 25 160)
3(532 160 161)
3(80 600 504)
3(504 600 79)
3(80 504 79)
3(68 596 69)
3(272 364 533)
3(103 540 353)
3(106 525 501)
3(103 525 106)
3(103 501 525)
3(212 584 14)
3(14 584 13)
3(2 4 500)
3(102 103 571)
3(38 579 174)
3(174 579 623)
3(103 525 8)
3(585 496 632)
3(596 508 343)
3(612 211 519)
3(519 211 358)
3(612 519 358)
3(514 477 350)
3(514 350 354)
3(519 612 597)
3(211 597 612)
3(291 151 597)
3(597 151 290)
3(291 597 290)
3(412 289 510)
3(510 289 472)
3(253 248 611)
3(253 611 216)
3(362 127 595)
3(513 330 331)
3(85 500 5)
3(456 518 334)
3(456 457 518)
3(19 550 20)
3(504 81 600)
3(504 80 81)
3(56 191 582)
3(141 78 552)
3(142 552 78)
3(78 600 79)
3(504 600 78)
3(226 537 267)
3(284 390 558)
3(391 558 390)
3(623 173 585)
3(429 306 556)
3(556 306 428)
3(161 532 562)
3(348 576 208)
3(208 576 572)
3(532 255 250)
3(532 217 255)
3(532 250 217)
3(373 138 509)
3(621 509 138)
3(179 44 537)
3(43 537 44)
3(43 179 537)
3(137 206 577)
3(209 241 572)
3(241 208 572)
3(305 557 166)
3(49 547 229)
3(139 209 210)
3(126 624 229)
3(547 126 229)
3(547 624 126)
3(227 359 543)
3(565 543 359)
3(111 550 19)
3(111 554 550)
3(256 391 556)
3(391 483 556)
3(496 520 381)
3(496 263 520)
3(354 245 586)
3(514 586 245)
3(354 586 514)
3(354 514 245)
3(425 517 476)
3(425 482 517)
3(476 517 482)
3(552 600 78)
3(141 78 600)
3(141 600 552)
3(335 196 569)
3(44 537 528)
3(589 559 608)
3(526 559 589)
3(101 586 354)
3(505 504 83)
3(504 503 83)
3(78 552 79)
3(406 509 281)
3(81 504 82)
3(81 505 504)
3(504 505 82)
3(479 402 518)
3(100 4 643)
3(4 107 643)
3(575 615 630)
3(43 178 638)
3(43 638 179)
3(17 152 515)
3(153 17 515)
3(326 625 187)
3(187 625 327)
3(323 324 547)
3(327 560 187)
3(327 188 560)
3(150 538 149)
3(14 538 150)
3(262 475 515)
3(262 515 383)
3(548 619 280)
3(8 502 501)
3(8 501 88)
3(115 217 562)
3(26 115 562)
3(532 536 25)
3(217 536 532)
3(250 536 387)
3(532 250 387)
3(532 536 250)
3(435 312 609)
3(434 609 312)
3(112 516 246)
3(8 617 501)
3(501 617 502)
3(17 515 18)
3(238 596 68)
3(507 238 68)
3(52 560 595)
3(418 419 516)
3(209 139 572)
3(160 536 300)
3(367 235 568)
3(511 535 113)
3(23 113 535)
3(545 311 312)
3(399 486 560)
3(399 560 271)
3(271 560 486)
3(517 425 426)
3(281 373 509)
3(126 361 624)
3(126 541 361)
3(361 541 624)
3(126 624 541)
3(219 116 588)
3(100 540 101)
3(277 368 521)
3(277 521 236)
3(449 560 399)
3(206 70 548)
3(206 548 205)
3(70 205 548)
3(475 515 244)
3(591 191 582)
3(542 40 122)
3(542 122 224)
3(311 545 433)
3(311 433 592)
3(175 542 40)
3(175 176 542)
3(444 384 530)
3(396 530 384)
3(444 530 396)
3(382 475 515)
3(269 541 228)
3(269 530 541)
3(546 127 547)
3(185 546 547)
3(185 127 546)
3(554 111 242)
3(222 561 266)
3(222 266 592)
3(156 524 21)
3(156 516 524)
3(222 592 120)
3(128 580 53)
3(53 580 52)
3(353 106 525)
3(353 525 105)
3(83 539 3)
3(83 503 539)
3(426 517 476)
3(209 210 583)
3(139 209 583)
3(555 583 139)
3(555 139 282)
3(125 615 228)
3(152 291 597)
3(43 638 42)
3(0 83 539)
3(254 219 588)
3(356 555 583)
3(287 356 583)
3(4 643 5)
3(5 643 100)
3(167 556 567)
3(504 80 95)
3(96 80 504)
3(140 75 555)
3(353 103 106)
3(353 106 540)
3(522 607 495)
3(522 495 357)
3(522 357 607)
3(495 607 357)
3(539 75 0)
3(76 75 539)
3(180 45 528)
3(0 147 539)
3(147 83 539)
3(594 451 452)
3(594 329 451)
3(146 539 504)
3(141 504 539)
3(146 141 539)
3(515 475 415)
3(560 512 580)
3(188 580 512)
3(188 512 560)
3(83 504 146)
3(83 539 504)
3(83 146 539)
3(102 586 354)
3(178 638 42)
3(251 246 629)
3(609 312 313)
3(380 477 584)
3(234 131 518)
3(188 512 328)
3(327 512 188)
3(10 106 617)
3(617 106 502)
3(4 602 11)
3(1 11 602)
3(560 595 187)
3(127 186 51)
3(123 225 522)
3(500 602 11)
3(500 11 4)
3(500 4 602)
3(278 581 544)
3(218 27 631)
3(409 619 372)
3(643 5 500)
3(643 500 4)
3(574 517 482)
3(574 482 163)
3(169 563 599)
3(185 324 546)
3(593 546 324)
3(185 546 593)
3(546 127 229)
3(206 345 548)
3(345 346 548)
3(206 548 346)
3(137 206 70)
3(137 548 206)
3(173 38 551)
3(310 311 592)
3(310 592 171)
3(117 259 567)
3(557 259 117)
3(269 394 541)
3(269 541 396)
3(392 377 611)
3(100 12 540)
3(161 532 26)
3(233 589 58)
3(57 589 233)
3(57 58 589)
3(625 187 529)
3(326 529 187)
3(326 625 529)
3(544 237 66)
3(386 246 629)
3(345 548 468)
3(467 468 548)
3(533 594 190)
3(329 594 533)
3(395 473 565)
3(359 395 565)
3(528 442 319)
3(528 441 442)
3(255 217 562)
3(115 255 562)
3(221 285 566)
3(412 289 538)
3(412 538 510)
3(290 538 412)
3(538 380 412)
3(255 252 562)
3(409 577 618)
3(577 619 618)
3(409 618 619)
3(523 577 618)
3(523 409 577)
3(240 207 618)
3(618 409 372)
3(577 618 207)
3(529 595 362)
3(529 362 127)
3(190 129 594)
3(162 163 549)
3(27 549 163)
3(256 259 567)
3(558 429 556)
3(558 556 391)
3(558 391 429)
3(19 214 550)
3(214 111 550)
3(429 556 307)
3(617 525 501)
3(106 617 501)
3(105 9 525)
3(8 525 501)
3(616 511 297)
3(297 158 616)
3(320 603 565)
3(157 616 21)
3(193 559 194)
3(193 559 58)
3(615 384 360)
3(615 360 530)
3(360 384 530)
3(330 591 594)
3(190 591 330)
3(190 594 591)
3(138 208 572)
3(241 138 572)
3(138 572 576)
3(138 576 621)
3(563 309 169)
3(563 309 170)
3(614 182 322)
3(614 322 575)
3(322 445 575)
3(444 445 575)
3(296 516 157)
3(157 516 616)
3(444 530 575)
3(444 445 530)
3(119 260 561)
3(347 207 523)
3(347 523 346)
3(222 260 561)
3(587 163 162)
3(529 187 595)
3(115 26 549)
3(372 619 240)
3(164 517 637)
3(44 528 226)
3(124 226 528)
3(375 356 583)
3(520 436 437)
3(520 437 314)
3(141 77 539)
3(141 140 539)
3(187 625 560)
3(538 412 413)
3(538 413 290)
3(607 388 495)
3(607 267 388)
3(607 495 267)
3(613 416 293)
3(149 13 514)
3(559 589 58)
3(197 610 568)
3(90 502 9)
3(286 139 555)
3(140 555 139)
3(139 555 639)
3(201 65 544)
3(581 65 201)
3(338 590 460)
3(590 368 521)
3(368 198 590)
3(590 198 521)
3(457 568 403)
3(569 403 568)
3(537 44 226)
3(275 403 568)
3(474 508 407)
3(466 508 474)
3(371 508 407)
3(109 212 584)
3(474 467 508)
3(270 546 229)
3(361 229 546)
3(270 361 546)
3(492 570 471)
3(389 413 538)
3(412 389 538)
3(250 536 377)
3(377 536 387)
3(422 536 377)
3(365 488 559)
3(365 559 526)
3(413 383 612)
3(519 612 383)
3(519 413 612)
3(612 243 389)
3(612 389 538)
3(389 612 358)
3(413 389 612)
3(389 383 612)
3(612 413 538)
3(392 253 611)
3(253 377 611)
3(392 611 248)
3(535 392 248)
3(187 595 625)
3(146 552 620)
3(552 141 620)
3(146 141 552)
3(146 620 141)
3(362 595 486)
3(271 486 595)
3(588 476 254)
3(588 484 476)
3(362 529 486)
3(453 513 564)
3(453 330 513)
3(424 562 587)
3(482 424 587)
3(453 331 513)
3(63 198 133)
3(236 133 198)
3(361 624 229)
3(428 483 556)
3(483 557 427)
3(428 567 556)
3(567 556 306)
3(195 334 518)
3(166 167 567)
3(496 520 534)
3(436 520 496)
3(436 496 534)
3(496 520 579)
3(301 587 562)
3(381 436 520)
3(107 540 100)
3(440 522 439)
3(558 626 168)
3(634 481 599)
3(534 435 436)
3(29 637 557)
3(387 532 255)
3(587 302 424)
3(425 587 424)
3(590 459 610)
3(590 610 404)
3(590 404 459)
3(100 106 540)
3(107 540 106)
3(610 459 337)
3(524 295 156)
3(100 571 540)
3(598 525 351)
3(519 383 262)
3(519 262 515)
3(102 103 540)
3(108 586 245)
3(108 514 586)
3(108 245 514)
3(383 358 519)
3(278 492 581)
3(492 398 581)
3(38 173 585)
3(479 456 518)
3(510 573 288)
3(513 608 454)
3(331 454 608)
3(331 454 513)
3(447 529 393)
3(546 393 529)
3(448 529 393)
3(17 515 213)
3(442 473 565)
3(64 65 506)
3(565 528 442)
3(442 473 528)
3(349 606 265)
3(349 122 606)
3(606 122 265)
3(552 642 146)
3(443 603 320)
3(443 321 603)
3(443 565 603)
3(443 543 565)
3(542 606 122)
3(143 552 622)
3(313 623 534)
3(145 605 552)
3(145 552 144)
3(136 596 68)
3(238 596 136)
3(425 482 574)
3(342 507 343)
3(607 440 388)
3(440 537 388)
3(607 388 537)
3(123 607 638)
3(522 607 123)
3(440 607 495)
3(522 440 495)
3(123 607 537)
3(498 357 522)
3(123 357 522)
3(464 531 570)
3(492 464 570)
3(149 584 13)
3(578 176 315)
3(578 315 527)
3(507 531 570)
3(464 531 507)
3(588 254 116)
3(82 146 600)
3(145 82 600)
3(82 504 600)
3(146 504 82)
3(81 600 82)
3(237 134 581)
3(46 45 603)
3(504 82 83)
3(115 562 549)
3(587 301 424)
3(67 531 570)
3(604 183 184)
3(604 184 48)
3(293 601 292)
3(153 601 293)
3(415 601 292)
3(606 478 265)
3(606 265 522)
3(606 522 478)
3(41 606 527)
3(176 606 41)
3(478 542 606)
3(349 478 606)
3(349 542 478)
3(349 606 542)
3(41 522 527)
3(522 606 527)
3(224 542 579)
3(263 224 579)
3(145 639 552)
3(193 559 608)
3(589 559 193)
3(200 581 340)
3(631 549 27)
3(581 463 462)
3(581 398 463)
3(323 183 604)
3(541 547 604)
3(541 547 126)
3(450 580 560)
3(450 512 580)
3(399 560 580)
3(399 580 271)
3(399 560 450)
3(232 582 130)
3(271 363 580)
3(580 363 399)
3(270 546 397)
3(270 393 546)
3(175 578 176)
3(252 115 562)
3(252 562 549)
3(184 49 604)
3(361 624 546)
3(49 184 547)
3(325 529 185)
3(411 514 477)
3(527 522 316)
3(527 316 438)
3(128 363 580)
3(316 177 527)
3(527 522 177)
3(362 270 529)
3(580 328 512)
3(189 328 580)
3(580 328 188)
3(580 189 188)
3(490 521 277)
3(548 206 577)
3(576 207 347)
3(576 347 208)
3(434 311 545)
3(576 523 347)
3(576 207 523)
3(347 576 470)
3(66 65 544)
3(268 359 543)
3(175 542 39)
3(110 515 213)
3(11 502 643)
3(11 643 106)
3(185 593 529)
3(269 126 541)
3(361 269 541)
3(500 643 11)
3(254 257 588)
3(116 588 257)
3(211 597 15)
3(538 597 211)
3(253 536 250)
3(114 250 536)
3(253 114 536)
3(96 504 81)
3(16 597 15)
3(298 420 611)
3(533 363 231)
3(533 231 272)
3(5 643 571)
3(531 342 202)
3(531 341 342)
3(602 91 11)
3(201 581 200)
3(174 623 534)
3(532 536 160)
3(529 393 362)
3(529 486 393)
3(500 5 501)
3(455 332 526)
3(455 526 454)
3(53 188 580)
3(231 128 580)
3(534 579 174)
3(560 449 450)
3(39 579 38)
3(121 579 39)
3(112 214 524)
3(246 524 516)
3(501 571 643)
3(123 357 607)
3(405 490 521)
3(380 510 477)
3(379 246 524)
3(338 590 521)
3(175 520 578)
3(314 578 520)
3(577 468 469)
3(577 469 346)
3(138 509 576)
3(358 383 612)
3(518 194 195)
3(108 540 514)
3(116 517 257)
3(348 576 347)
3(248 511 113)
3(136 596 69)
3(572 583 209)
3(239 136 508)
3(136 69 508)
3(507 203 204)
3(369 134 581)
3(501 643 5)
3(443 395 543)
3(642 145 639)
3(642 552 145)
3(145 146 642)
3(579 542 39)
3(175 542 579)
3(432 561 494)
3(413 612 597)
3(253 536 377)
3(240 619 618)
3(577 240 618)
3(349 542 122)
3(371 508 596)
3(578 542 520)
3(175 520 542)
3(175 542 578)
3(381 437 520)
3(579 224 39)
3(578 381 520)
3(204 343 596)
3(365 589 526)
3(130 233 589)
3(257 116 631)
3(255 532 562)
3(426 588 476)
3(111 242 550)
3(550 214 242)
3(306 567 167)
3(574 482 587)
3(482 163 587)
3(425 482 587)
3(163 587 549)
3(586 350 354)
3(514 350 586)
3(102 350 586)
3(350 540 586)
3(102 540 350)
3(514 540 586)
3(139 555 75)
3(353 107 540)
3(121 263 579)
3(223 585 283)
3(434 545 312)
3(149 584 514)
3(247 109 584)
3(455 402 559)
3(455 559 332)
3(136 508 371)
3(474 508 548)
3(582 192 273)
3(582 273 130)
3(273 582 232)
3(397 546 361)
3(324 546 447)
3(270 393 529)
3(250 536 217)
3(341 201 641)
3(565 395 543)
3(395 543 359)
3(110 262 515)
3(212 245 514)
3(245 514 247)
3(507 342 531)
3(464 531 342)
3(507 342 202)
3(507 342 203)
3(614 604 228)
3(48 614 228)
3(203 507 343)
3(360 228 615)
3(369 506 405)
3(369 581 506)
3(363 231 580)
3(541 394 361)
3(121 224 579)
3(249 550 214)
3(249 524 214)
3(199 521 506)
3(461 490 521)
3(265 225 606)
3(578 437 520)
3(578 314 437)
3(469 409 577)
3(469 577 523)
3(372 619 618)
3(253 216 536)
3(253 611 536)
3(473 528 441)
3(288 472 510)
3(310 433 592)
3(593 447 324)
3(185 546 529)
3(140 141 620)
3(145 600 81)
3(145 144 600)
3(267 537 607)
3(538 290 151)
3(343 507 204)
3(267 607 123)
3(267 357 607)
3(539 620 141)
3(123 267 537)
3(136 596 508)
3(599 308 168)
3(400 594 451)
3(129 533 272)
3(451 533 594)
3(451 400 533)
3(511 535 248)
3(248 535 113)
3(378 535 248)
3(216 535 113)
3(469 523 346)
3(140 539 75)
3(140 620 539)
3(11 107 643)
3(4 11 643)
3(500 602 91)
3(193 589 58)
3(136 596 279)
3(136 371 596)
3(438 315 527)
3(2 602 500)
3(396 530 360)
3(269 530 396)
3(464 531 341)
3(279 596 627)
3(279 238 596)
3(160 532 300)
3(165 557 166)
3(236 506 277)
3(506 521 236)
3(268 630 603)
3(290 597 538)
3(538 597 612)
3(413 597 290)
3(413 538 597)
3(2 500 84)
3(85 84 500)
3(86 85 501)
3(501 87 86)
3(500 501 85)
3(501 88 87)
3(89 88 502)
3(90 89 502)
3(501 502 88)
3(91 90 502)
3(2 91 500)
3(91 502 500)
3(501 500 502)
3(3 92 503)
3(503 92 93)
3(504 93 94)
3(504 503 93)
3(504 94 95)
3(96 504 95)
3(505 96 97)
3(96 505 504)
3(505 97 98)
3(505 98 99)
3(3 503 99)
3(99 503 505)
3(505 503 504)
3(6 86 7)
3(2 1 91)
3(2 4 1)
3(8 7 87)
3(89 8 88)
3(89 9 8)
3(3 99 83)
3(76 3 0)
3(91 11 10)
3(99 98 83)
3(5 85 6)
3(95 94 79)
3(78 79 94)
3(96 81 97)
3(77 93 92)
3(81 82 97)
3(76 77 92)
3(82 83 98)
3(4 84 5)
3(91 10 90)
3(98 97 82)
3(77 78 93)
3(2 84 4)
3(85 5 84)
3(94 93 78)
3(0 3 83)
3(96 95 80)
3(76 92 3)
3(8 87 88)
3(90 9 89)
3(90 10 9)
3(86 6 85)
3(87 7 86)
3(91 1 11)
3(79 80 95)
3(80 81 96)
3(27 115 218)
3(163 164 303)
3(38 121 39)
3(496 381 263)
3(325 185 186)
3(447 393 397)
3(207 206 71)
3(255 115 217)
3(386 378 251)
3(290 151 291)
3(494 481 431)
3(284 118 220)
3(391 429 390)
3(460 404 459)
3(295 156 296)
3(166 30 31)
3(116 219 29)
3(317 318 440)
3(111 18 213)
3(184 185 324)
3(64 65 200)
3(251 378 248)
3(265 478 498)
3(262 383 475)
3(438 498 478)
3(383 414 475)
3(126 269 361)
3(269 228 360)
3(405 277 490)
3(111 242 214)
3(427 305 428)
3(287 146 145)
3(265 122 349)
3(450 480 399)
3(486 448 449)
3(326 449 448)
3(112 246 215)
3(464 492 463)
3(155 156 295)
3(166 305 165)
3(166 306 305)
3(283 261 493)
3(465 471 464)
3(203 68 204)
3(348 470 347)
3(416 385 382)
3(163 303 302)
3(317 439 316)
3(431 308 309)
3(372 280 408)
3(295 417 294)
3(147 146 287)
3(287 210 147)
3(239 280 137)
3(430 390 429)
3(375 355 410)
3(410 355 282)
3(376 482 252)
3(16 151 15)
3(135 370 238)
3(237 369 278)
3(145 356 287)
3(338 198 199)
3(150 15 151)
3(348 209 374)
3(155 154 19)
3(218 115 252)
3(177 316 176)
3(232 56 55)
3(474 371 407)
3(268 360 125)
3(318 179 319)
3(230 52 51)
3(416 293 294)
3(353 106 107)
3(265 349 478)
3(416 417 385)
3(75 147 210)
3(276 489 404)
3(142 143 79)
3(100 108 12)
3(489 276 367)
3(226 43 123)
3(208 209 348)
3(204 69 205)
3(27 218 28)
3(9 10 105)
3(26 217 115)
3(456 455 333)
3(315 437 314)
3(442 319 320)
3(125 360 228)
3(47 125 228)
3(386 251 246)
3(178 43 179)
3(135 67 66)
3(126 48 228)
3(173 312 172)
3(38 39 174)
3(373 282 241)
3(38 223 121)
3(298 421 420)
3(496 263 283)
3(330 191 331)
3(405 461 462)
3(401 487 453)
3(487 400 452)
3(452 329 330)
3(149 288 148)
3(149 13 14)
3(285 260 119)
3(153 154 293)
3(254 484 259)
3(254 476 484)
3(492 370 278)
3(202 201 66)
3(383 413 414)
3(460 490 404)
3(304 426 303)
3(273 130 232)
3(340 201 341)
3(382 415 416)
3(297 419 296)
3(298 159 299)
3(472 499 411)
3(57 56 130)
3(418 295 296)
3(457 334 335)
3(308 168 169)
3(323 445 322)
3(154 155 294)
3(401 454 488)
3(346 207 347)
3(313 314 436)
3(60 132 61)
3(279 371 136)
3(261 266 497)
3(297 298 420)
3(494 260 285)
3(235 276 133)
3(199 200 339)
3(141 286 142)
3(130 365 233)
3(240 281 138)
3(258 221 118)
3(390 481 258)
3(481 285 258)
3(275 132 234)
3(439 495 498)
3(302 425 424)
3(25 114 217)
3(344 345 467)
3(496 493 435)
3(57 130 233)
3(160 299 159)
3(486 362 393)
3(274 402 366)
3(292 152 153)
3(65 66 201)
3(223 283 121)
3(313 436 435)
3(321 444 443)
3(213 244 111)
3(320 319 180)
3(73 74 209)
3(364 129 272)
3(154 294 293)
3(270 393 362)
3(353 105 106)
3(289 150 290)
3(337 198 338)
3(398 492 278)
3(419 386 418)
3(13 149 148)
3(398 278 369)
3(282 355 286)
3(17 18 153)
3(427 426 304)
3(47 228 48)
3(211 109 243)
3(255 250 387)
3(363 272 231)
3(131 59 58)
3(197 62 198)
3(141 77 140)
3(262 244 213)
3(55 56 191)
3(9 104 8)
3(408 409 372)
3(161 26 162)
3(239 69 136)
3(216 253 114)
3(68 136 69)
3(387 250 377)
3(48 184 183)
3(178 179 318)
3(408 280 474)
3(69 239 70)
3(416 294 417)
3(379 385 417)
3(420 419 297)
3(412 499 472)
3(14 15 150)
3(420 378 419)
3(288 149 289)
3(461 339 462)
3(464 463 341)
3(247 109 212)
3(318 317 178)
3(313 174 314)
3(316 315 176)
3(194 334 333)
3(240 138 72)
3(342 343 465)
3(429 391 428)
3(357 123 225)
3(164 29 165)
3(46 182 181)
3(186 185 50)
3(73 241 74)
3(355 142 286)
3(304 164 165)
3(67 203 202)
3(431 430 308)
3(167 168 307)
3(54 231 129)
3(433 434 497)
3(174 175 314)
3(420 392 378)
3(20 156 155)
3(41 177 176)
3(29 164 28)
3(342 465 464)
3(21 157 156)
3(109 211 15)
3(448 447 325)
3(274 131 233)
3(175 315 314)
3(318 441 440)
3(441 388 440)
3(52 187 51)
3(7 103 102)
3(477 411 499)
3(6 7 102)
3(397 394 446)
3(449 326 327)
3(349 224 263)
3(61 197 196)
3(183 47 48)
3(12 148 107)
3(39 175 174)
3(266 260 485)
3(158 157 22)
3(72 138 73)
3(72 73 208)
3(471 465 407)
3(162 302 301)
3(67 68 203)
3(162 301 161)
3(376 255 387)
3(309 310 432)
3(72 71 240)
3(72 207 71)
3(336 335 196)
3(47 183 182)
3(25 217 26)
3(401 273 487)
3(46 47 182)
3(46 125 47)
3(395 384 268)
3(336 459 458)
3(331 192 332)
3(155 19 20)
3(113 22 215)
3(297 157 158)
3(491 356 375)
3(457 335 458)
3(204 205 344)
3(437 381 436)
3(223 261 283)
3(163 162 27)
3(384 444 396)
3(112 215 21)
3(487 364 400)
3(453 487 452)
3(485 260 494)
3(214 20 19)
3(16 17 152)
3(352 351 104)
3(468 345 346)
3(275 367 132)
3(227 124 359)
3(303 426 425)
3(288 353 148)
3(352 104 105)
3(324 185 325)
3(243 358 211)
3(147 75 0)
3(274 488 402)
3(168 33 169)
3(427 304 305)
3(117 259 256)
3(321 322 444)
3(124 45 44)
3(258 285 221)
3(399 363 271)
3(29 30 165)
3(16 152 151)
3(380 412 389)
3(413 412 290)
3(51 187 186)
3(370 135 278)
3(222 36 35)
3(171 35 36)
3(459 404 489)
3(460 459 337)
3(412 380 499)
3(292 415 414)
3(33 118 221)
3(290 150 151)
3(254 259 219)
3(257 218 252)
3(344 343 204)
3(423 300 301)
3(300 161 301)
3(32 220 118)
3(484 476 426)
3(445 396 444)
3(306 428 305)
3(220 32 31)
3(75 210 74)
3(75 74 139)
3(279 407 371)
3(404 490 368)
3(186 187 326)
3(368 133 276)
3(198 62 63)
3(156 157 296)
3(196 60 61)
3(24 23 216)
3(117 30 219)
3(160 300 299)
3(249 246 112)
3(235 61 132)
3(115 255 252)
3(163 27 28)
3(400 272 480)
3(263 121 283)
3(227 268 125)
3(199 63 64)
3(271 363 128)
3(181 180 45)
3(137 280 372)
3(304 303 164)
3(474 466 467)
3(336 458 335)
3(329 452 451)
3(63 199 198)
3(148 12 13)
3(320 180 181)
3(72 208 207)
3(245 212 108)
3(186 50 51)
3(471 492 464)
3(396 360 384)
3(183 184 323)
3(282 286 139)
3(379 418 386)
3(363 231 128)
3(469 470 406)
3(132 367 235)
3(493 261 497)
3(311 172 312)
3(399 480 363)
3(443 442 320)
3(450 451 480)
3(68 69 204)
3(111 244 242)
3(234 60 59)
3(479 457 403)
3(474 407 466)
3(117 220 31)
3(370 471 279)
3(102 101 6)
3(101 100 5)
3(197 337 336)
3(335 334 195)
3(386 246 379)
3(278 135 237)
3(380 243 247)
3(479 403 275)
3(301 424 423)
3(459 489 458)
3(416 415 293)
3(382 385 242)
3(428 483 427)
3(297 296 157)
3(257 252 482)
3(470 348 491)
3(117 256 220)
3(401 365 273)
3(443 444 384)
3(243 380 389)
3(227 125 46)
3(241 73 138)
3(282 373 410)
3(461 338 339)
3(347 208 348)
3(8 103 7)
3(487 273 364)
3(365 130 273)
3(368 276 404)
3(42 177 41)
3(378 386 419)
3(460 338 461)
3(478 437 438)
3(128 52 230)
3(38 174 173)
3(438 316 439)
3(431 432 494)
3(317 316 177)
3(310 170 171)
3(340 462 339)
3(15 14 109)
3(351 472 411)
3(430 481 390)
3(126 49 48)
3(430 307 308)
3(443 395 442)
3(240 372 281)
3(411 350 351)
3(352 472 351)
3(239 371 280)
3(371 474 280)
3(408 474 467)
3(463 340 341)
3(229 127 50)
3(288 472 352)
3(392 420 421)
3(421 298 299)
3(422 300 423)
3(264 388 473)
3(79 143 80)
3(25 24 114)
3(388 441 473)
3(131 234 59)
3(388 264 267)
3(313 173 174)
3(194 58 59)
3(422 423 387)
3(237 135 66)
3(375 356 144)
3(55 129 232)
3(321 320 181)
3(425 302 303)
3(131 58 233)
3(451 452 400)
3(410 406 491)
3(249 385 379)
3(469 406 409)
3(347 470 469)
3(41 40 122)
3(307 168 308)
3(323 322 183)
3(479 275 366)
3(306 167 307)
3(305 304 165)
3(292 291 152)
3(430 429 307)
3(494 285 481)
3(171 170 35)
3(434 435 493)
3(309 308 169)
3(16 211 110)
3(154 153 18)
3(295 294 155)
3(171 172 311)
3(12 4 100)
3(192 331 191)
3(385 249 242)
3(485 433 497)
3(154 18 19)
3(244 382 242)
3(292 414 291)
3(414 413 291)
3(113 23 22)
3(179 180 319)
3(446 445 323)
3(193 332 192)
3(28 164 163)
3(396 445 394)
3(284 256 391)
3(375 144 143)
3(32 167 31)
3(223 37 120)
3(462 398 405)
3(410 491 375)
3(408 468 409)
3(363 480 272)
3(81 80 144)
3(223 38 37)
3(55 191 190)
3(433 432 310)
3(133 62 235)
3(401 488 365)
3(336 337 459)
3(211 358 110)
3(332 454 331)
3(100 101 245)
3(185 49 50)
3(12 108 13)
3(274 233 365)
3(182 183 322)
3(127 230 51)
3(193 58 194)
3(264 359 124)
3(179 44 180)
3(133 368 236)
3(44 45 180)
3(113 215 251)
3(68 238 136)
3(339 338 199)
3(390 284 391)
3(441 318 319)
3(453 452 330)
3(117 31 30)
3(395 359 473)
3(438 315 316)
3(170 169 34)
3(122 224 349)
3(265 498 357)
3(42 123 43)
3(422 299 300)
3(205 70 206)
3(248 378 392)
3(377 250 253)
3(325 186 326)
3(258 284 390)
3(326 448 325)
3(14 212 109)
3(466 343 344)
3(33 34 169)
3(496 283 493)
3(20 112 21)
3(346 347 469)
3(201 202 341)
3(344 205 345)
3(224 40 39)
3(436 314 437)
3(126 228 269)
3(415 475 414)
3(398 369 405)
3(394 269 396)
3(190 191 330)
3(496 436 381)
3(422 421 299)
3(423 376 387)
3(232 364 273)
3(427 483 484)
3(424 482 376)
3(434 493 497)
3(395 443 384)
3(275 234 366)
3(463 398 462)
3(409 468 469)
3(120 261 223)
3(374 210 287)
3(485 432 433)
3(377 392 421)
3(346 469 468)
3(69 70 205)
3(208 73 209)
3(70 239 137)
3(137 240 71)
3(438 437 315)
3(261 120 266)
3(212 13 108)
3(54 129 55)
3(54 55 190)
3(158 22 23)
3(189 190 329)
3(197 61 62)
3(235 62 61)
3(356 491 374)
3(491 348 374)
3(189 53 54)
3(329 328 189)
3(297 158 298)
3(60 196 195)
3(218 116 28)
3(4 12 1)
3(34 221 119)
3(187 52 188)
3(53 231 54)
3(206 207 346)
3(357 225 265)
3(477 247 354)
3(271 230 362)
3(34 119 35)
3(36 172 171)
3(106 105 10)
3(431 309 432)
3(282 139 241)
3(139 286 140)
3(397 270 361)
3(170 34 35)
3(322 321 182)
3(466 465 343)
3(60 234 132)
3(463 462 340)
3(39 121 224)
3(122 225 41)
3(236 64 63)
3(35 119 222)
3(193 333 332)
3(119 260 222)
3(327 328 450)
3(351 103 104)
3(262 110 358)
3(394 445 446)
3(350 103 351)
3(340 339 200)
3(168 32 33)
3(279 471 407)
3(350 354 102)
3(401 453 454)
3(19 18 111)
3(162 26 27)
3(451 400 480)
3(28 116 29)
3(82 146 83)
3(77 141 78)
3(22 21 215)
3(238 279 136)
3(124 227 45)
3(123 357 267)
3(412 413 389)
3(141 140 286)
3(158 23 159)
3(57 193 192)
3(140 77 76)
3(478 381 437)
3(486 393 448)
3(381 349 263)
3(342 203 343)
3(284 258 118)
3(367 403 489)
3(355 375 143)
3(483 259 484)
3(422 387 377)
3(220 256 284)
3(177 42 178)
3(292 153 293)
3(306 429 428)
3(181 45 46)
3(41 225 42)
3(120 37 36)
3(188 52 53)
3(24 216 114)
3(277 134 236)
3(403 367 275)
3(417 295 418)
3(11 1 107)
3(194 59 195)
3(332 333 455)
3(75 76 0)
3(75 140 76)
3(144 145 81)
3(196 197 336)
3(489 403 458)
3(11 106 10)
3(54 190 189)
3(330 329 190)
3(317 177 178)
3(145 144 356)
3(64 200 199)
3(364 232 129)
3(344 467 466)
3(236 134 64)
3(134 277 369)
3(451 328 329)
3(361 394 397)
3(447 397 446)
3(328 451 450)
3(37 173 172)
3(484 426 427)
3(160 24 25)
3(24 160 159)
3(139 74 241)
3(135 238 67)
3(143 142 355)
3(25 161 160)
3(274 366 131)
3(272 400 364)
3(212 14 13)
3(103 8 104)
3(110 17 16)
3(477 354 350)
3(412 472 289)
3(253 216 248)
3(362 230 127)
3(456 334 457)
3(136 371 239)
3(192 191 56)
3(142 78 141)
3(226 267 264)
3(217 250 255)
3(43 44 179)
3(49 229 50)
3(74 210 209)
3(33 32 118)
3(37 172 36)
3(406 410 373)
3(210 374 209)
3(256 483 391)
3(406 470 491)
3(425 476 482)
3(188 327 187)
3(445 444 322)
3(80 143 144)
3(407 465 466)
3(335 195 196)
3(227 359 268)
3(101 354 245)
3(406 281 409)
3(479 366 402)
3(458 403 457)
3(271 486 399)
3(153 152 17)
3(101 5 6)
3(326 187 327)
3(353 352 105)
3(323 184 324)
3(350 102 103)
3(33 221 34)
3(14 150 149)
3(311 434 433)
3(370 279 238)
3(434 312 435)
3(296 419 418)
3(367 276 235)
3(281 406 373)
3(277 236 368)
3(449 399 486)
3(262 475 244)
3(122 40 224)
3(175 40 176)
3(382 244 475)
3(485 497 266)
3(21 156 20)
3(222 120 36)
3(128 53 52)
3(426 476 425)
3(4 5 100)
3(0 83 147)
3(101 102 354)
3(43 178 42)
3(150 289 149)
3(215 246 251)
3(313 312 173)
3(247 477 380)
3(327 188 328)
3(127 51 50)
3(123 42 225)
3(473 359 264)
3(53 128 231)
3(271 128 230)
3(238 68 67)
3(379 246 249)
3(206 346 345)
3(37 38 173)
3(310 171 311)
3(71 70 137)
3(71 206 70)
3(57 233 58)
3(473 441 442)
3(231 272 129)
3(345 205 206)
3(467 345 468)
3(253 250 114)
3(421 422 377)
3(442 441 319)
3(226 264 124)
3(200 65 201)
3(198 337 197)
3(291 151 152)
3(290 412 289)
3(255 376 252)
3(409 281 372)
3(259 117 219)
3(256 259 483)
3(19 111 214)
3(429 306 307)
3(104 9 105)
3(157 21 22)
3(333 193 194)
3(268 384 360)
3(431 481 430)
3(309 169 170)
3(192 56 57)
3(302 162 163)
3(298 158 159)
3(309 170 310)
3(27 26 115)
3(372 240 137)
3(266 222 260)
3(44 226 124)
3(388 267 495)
3(202 66 67)
3(338 460 337)
3(226 44 43)
3(270 229 361)
3(492 471 370)
3(167 32 168)
3(274 365 488)
3(243 389 358)
3(413 383 389)
3(392 377 253)
3(253 248 392)
3(127 229 270)
3(271 362 486)
3(453 330 331)
3(63 133 236)
3(126 361 229)
3(391 483 428)
3(166 31 167)
3(245 247 212)
3(440 439 317)
3(467 468 408)
3(393 447 448)
3(454 455 488)
3(139 140 75)
3(222 266 120)
3(62 133 63)
3(383 262 358)
3(435 312 313)
3(479 402 456)
3(17 213 18)
3(395 473 442)
3(64 134 65)
3(100 245 108)
3(443 320 321)
3(440 388 495)
3(498 495 357)
3(219 116 254)
3(145 146 82)
3(65 134 237)
3(301 302 424)
3(219 30 29)
3(293 415 292)
3(232 130 56)
3(270 397 393)
3(175 176 315)
3(48 49 184)
3(49 185 184)
3(411 477 350)
3(362 127 270)
3(188 189 328)
3(490 277 368)
3(176 40 41)
3(347 207 208)
3(40 175 39)
3(110 213 17)
3(254 116 257)
3(211 16 15)
3(476 257 482)
3(161 25 26)
3(342 341 202)
3(66 65 237)
3(1 12 107)
3(455 454 332)
3(476 254 257)
3(53 189 188)
3(327 450 449)
3(478 349 381)
3(112 20 214)
3(380 477 499)
3(389 383 358)
3(60 195 59)
3(453 331 454)
3(353 288 352)
3(248 113 251)
3(281 373 138)
3(145 82 81)
3(405 490 461)
3(492 398 463)
3(237 134 369)
3(289 472 288)
3(413 290 291)
3(310 311 433)
3(159 23 24)
3(247 245 354)
3(334 194 195)
3(324 325 447)
3(267 357 495)
3(418 379 417)
3(456 333 334)
3(324 447 446)
3(434 311 312)
3(131 366 234)
3(262 213 110)
3(166 165 30)
3(373 241 138)
3(221 285 119)
3(203 204 343)
3(46 45 227)
3(287 356 374)
3(257 116 218)
3(498 438 439)
3(166 167 306)
3(424 376 423)
3(440 495 439)
3(382 475 415)
3(425 482 424)
3(147 83 146)
3(247 243 109)
3(455 456 402)
3(402 488 455)
3(114 250 217)
3(395 268 359)
3(342 202 203)
3(201 340 200)
3(263 224 121)
3(399 449 450)
3(249 214 242)
3(249 112 214)
3(265 225 122)
3(123 267 226)
3(181 182 321)
3(248 216 113)
3(49 126 229)
3(461 490 460)
3(79 78 142)
3(277 405 369)
3(113 216 23)
3(432 485 494)
3(464 341 342)
3(479 456 457)
3(394 361 269)
3(160 161 300)
3(324 446 323)
3(353 107 148)
3(106 11 107)
3(193 57 58)
3(496 435 436)
3(269 360 396)
)


// ************************************************************************* //
