/*--------------------------------*- C++ -*----------------------------------*\
| =========                 |                                                 |
| \\      /  F ield         | OpenFOAM: The Open Source CFD Toolbox           |
|  \\    /   O peration     | Version:  2512                                  |
|   \\  /    A nd           | Website:  www.openfoam.com                      |
|    \\/     M anipulation  |                                                 |
\*---------------------------------------------------------------------------*/
FoamFile
{
    version     2.0;
    format      ascii;
    arch        "LSB;label=32;scalar=64";
    class       labelList;
    location    "constant/domain3/polyMesh";
    object      faceRegionAddressing;
}
// * * * * * * * * * * * * * * * * * * * * * * * * * * * * * * * * * * * * * //


4252
(
56
57
58
59
525
527
528
854
855
856
857
941
942
943
944
961
962
963
1649
1650
1651
1652
1684
1685
1686
1722
1723
1724
1825
1826
1827
1938
1939
1940
1941
2147
2148
2149
2150
2956
2957
2958
3257
3258
3259
3260
3284
3285
3286
3287
3288
3289
3303
3304
3305
3306
3307
3325
3326
3338
3339
3340
3341
3390
3391
3392
3393
3442
3443
3445
3446
3447
3448
3525
3526
3557
3558
3665
3666
3668
3672
3673
3674
3675
3777
3778
3779
3804
3805
3806
3807
3812
3813
3814
3819
3820
3837
3838
3839
3840
3841
3851
3852
3853
3870
3871
3872
3873
3886
3887
3889
3890
3891
3892
3897
3898
3899
3900
3904
3905
3906
3919
3920
3921
3922
3923
3924
3944
3945
3951
3969
3970
3971
4090
4092
4093
4136
4137
4138
4139
4140
4141
4142
4144
4145
4160
4161
4162
4163
4182
4183
4201
4202
4233
4234
4235
4248
4249
4250
4288
4289
4290
4291
5191
5192
5193
5194
5212
5213
6432
6433
6650
6651
6652
6653
6695
6696
6697
6736
6737
6738
6739
6740
6741
6742
6743
6751
6752
6753
6791
6792
6793
6794
6959
6960
6961
6962
8537
8538
8539
8540
9496
9497
9511
9512
9513
11702
11703
11704
11705
11710
11711
11791
11792
11793
11817
11818
11819
11820
11824
11825
11826
11827
11845
11870
11871
11872
11877
11878
11883
11884
11885
11886
11922
11923
11925
11970
11971
11972
11973
11989
11991
11996
11998
11999
12002
12003
12038
12039
12040
12152
12153
12154
12189
12190
12191
12192
12193
12194
12195
12207
12208
12209
12254
12255
12256
12269
12270
12289
12290
12321
12322
12355
12356
12357
12374
12375
12376
12377
12454
12456
12474
12475
12476
12477
12496
12497
12498
12499
12504
12505
12506
12519
12538
12539
12549
12550
12551
12562
12563
12564
12565
12568
12569
12570
12571
12596
12597
12598
12602
12608
12609
12619
12620
12621
12624
12625
12626
12627
12628
12629
12630
12647
12648
12649
12650
12664
12665
12760
12761
12762
12763
12778
12779
12804
12805
12806
12807
12826
12827
12861
12862
12863
12864
12932
12933
12953
12954
12955
12956
13018
13019
13020
13021
13022
13024
13025
13057
13080
13081
13082
13112
13113
13114
13115
13146
13147
13148
13217
13254
13255
13256
13257
13258
13259
13260
13295
13296
13297
13430
13431
13432
13462
13463
13464
13465
13536
13537
13581
13582
13583
13595
13596
13597
13598
13675
13676
13705
13706
13707
13708
13731
13733
13744
13757
13758
13759
13760
13763
13764
13781
13782
13783
13802
13808
13809
13810
13829
13830
13831
13832
13933
13934
13935
13936
13972
13974
13975
13976
13977
13985
13986
13987
13988
14027
14028
14029
14056
14057
14058
14059
14085
14086
14102
14103
14104
14108
14109
14110
14155
14156
14157
14158
14159
14160
14164
14165
14166
14167
14175
14176
14177
14189
14190
14192
14217
14218
14248
14249
14250
14282
14284
14285
14312
14313
14314
14315
14326
14327
14328
14342
14343
14344
14345
14346
14350
14351
14356
14357
14358
14375
14376
14377
14399
14400
14401
14406
14407
14408
14409
14427
14429
14467
14468
14469
14470
14523
14524
14525
14544
14545
14585
14586
14587
14588
14639
14640
14641
14642
14717
14718
14764
14765
14766
14767
14774
14775
14776
14781
14782
14796
14797
14803
14804
14805
14809
14810
14811
14812
14819
14820
14821
16065
16066
16067
16084
16085
16086
18209
18210
18211
19095
19096
20244
23780
23781
23782
24251
24252
24253
24254
24322
24323
24324
24536
24537
24538
24539
24540
24541
24542
24543
24581
24582
24597
24598
24599
24609
24611
24628
24684
24685
24690
24691
24692
24748
24749
24750
24751
24765
24766
24767
24768
24809
24811
24812
24855
24856
24857
24883
24884
24885
24886
24911
24912
24913
24914
24970
24971
24972
24973
24974
24975
24976
24977
25056
25057
25058
25059
25087
25088
25090
25130
25131
25133
25152
25153
25154
25158
25159
25160
25161
25167
25168
25169
25170
25202
25203
25223
25224
25251
25252
25253
25254
25255
25389
25390
25440
25441
25442
25443
25450
25451
25517
25518
25519
25520
25527
25528
25529
25530
25623
25624
25625
25626
25690
25691
25692
25693
25790
25792
25793
25890
25891
25893
25933
25934
25935
25954
25955
25957
25962
25963
25964
25965
26013
26014
26015
26016
26096
26097
26098
26099
26104
26105
26121
26122
26147
26148
26149
26151
26152
26153
26154
26217
26218
26242
26243
26244
26245
26389
26390
26409
26410
26411
26418
26419
26420
26436
26437
26439
26564
26565
26566
26577
26578
26579
26657
26659
26660
26672
26673
26674
26692
26693
26694
26695
26731
26732
26733
26735
26736
26737
26738
26781
26782
26784
26928
26929
26930
26974
26975
26976
26977
26997
26998
26999
27031
27032
27034
27038
27039
27040
27048
27049
27118
27119
27130
27131
27133
27163
27164
27165
27170
27171
27174
27175
27186
27187
27188
27197
27198
27199
27260
27261
27262
27263
27315
27316
27318
27335
27336
27337
27338
27339
27340
27342
27374
27375
27397
27398
27399
27400
27438
27439
27440
27469
27470
27471
27504
27505
27506
27556
27557
27558
27560
27561
27562
27563
27572
27573
27673
27674
27820
27821
27822
27857
27858
27859
27860
28096
28097
28098
28099
28117
28118
28119
28120
28143
28144
28145
28146
28258
28259
28298
28299
28300
28313
28314
28315
28325
28326
28327
28328
28332
28333
28348
28350
28351
28362
28363
28364
28424
28425
28426
28431
28433
28485
28486
28487
28519
28520
28565
28566
28567
28568
28569
28661
28662
28663
28678
28679
28680
28694
28695
28696
28697
28717
28718
28732
28848
28849
28850
28862
28863
28913
28914
28915
28968
28969
28971
29040
29041
29042
29081
29082
29083
29241
29242
29456
29457
29478
29479
29480
29481
29482
29483
29611
29613
29924
29943
29944
29945
29946
29971
29972
29973
29974
29975
29976
29988
29989
29991
29992
29993
30011
30012
30115
30116
30277
30278
30279
30280
30292
30293
30294
30297
30298
30299
30314
30315
30316
30404
30405
30453
30455
30456
30457
30458
30470
30471
30472
30496
30497
30498
30499
30546
30547
30551
30553
30570
30571
30588
30591
30592
30619
30620
30621
30622
30624
30625
30640
30641
30642
30711
30712
30713
30802
30803
30804
30825
30826
30838
30851
30852
30911
30912
30913
30914
30922
30923
30924
30936
30937
30938
30951
30952
30954
30955
30956
31008
31009
31010
31011
31012
31013
31027
31028
31029
31095
31096
31097
31143
31144
31232
31233
31255
31257
31258
31335
31336
31337
31339
31340
31396
31397
31398
31399
31420
31421
31516
31517
31541
31542
31567
31568
31569
31570
31575
31576
31577
31579
31580
31592
31593
31600
31601
31602
31603
31827
31829
31837
31839
31840
31901
31902
31904
31906
31935
31936
31937
31938
31972
31973
31975
31986
31987
32010
32011
32013
32030
32031
32032
32033
32045
32046
32048
32049
32050
32051
32085
32086
32087
32088
32089
32090
32097
32098
32099
32105
32106
32144
32145
32149
32158
32159
32160
32183
32184
32185
32186
32187
32188
32190
32197
32198
32232
32233
32234
32252
32253
32296
32297
32299
32313
32314
32315
32332
32333
32334
32335
32407
32408
32409
32410
32446
32447
32448
32563
32588
32674
32675
32676
32680
32681
32682
32683
32690
32695
32696
32751
32752
32753
32777
32778
32779
32780
32781
32782
32783
32809
32810
32811
32831
32832
32833
32834
33008
33089
33090
33091
33096
33097
33098
33130
33131
33132
33147
33148
33155
33156
33157
33220
33221
33222
33223
33262
33263
33264
33265
33269
33270
33271
33272
33273
33474
33475
33476
33505
33506
33518
33519
33520
33521
33527
33528
33545
33546
33547
33549
33550
33551
33552
33553
33580
33581
33665
33666
33667
33673
33674
33675
33676
33685
33687
33688
33717
33718
33729
33730
33731
33737
33782
33783
33797
33798
33847
33848
33849
33874
33875
33885
33886
33887
33888
33897
33898
33899
33975
33976
33982
33983
33998
33999
34000
34001
34002
34007
34008
34030
34031
34032
34042
34043
34044
34046
34047
34062
34063
34084
34085
34096
34097
34098
34099
34108
34109
34134
34135
34136
34137
34138
34139
34140
34141
34142
34143
34144
34154
34155
34156
34169
34170
34171
34172
34173
34175
34186
34187
34188
34189
34190
34191
34192
34196
34197
34198
34224
34225
34232
34233
34234
34248
34273
34274
34287
34288
34332
34333
34334
34346
34347
34360
34361
34371
34372
34373
34374
34378
34379
34380
34381
34382
34383
34385
34395
34396
34397
34419
34420
34421
34422
34423
34529
34530
34531
34548
34550
34555
34560
34561
34562
34563
34564
34565
34566
34574
34575
34576
34577
34600
34614
34615
34623
34625
34670
34701
34702
34703
34707
34708
34710
34711
34712
34713
34714
34715
34726
34732
34733
34734
34740
34741
34755
34768
34770
34771
34785
34786
34787
34808
34809
34810
34811
34814
34815
34820
34821
34822
34827
34828
34829
34830
34831
34832
34833
34841
34842
34844
34850
34851
34852
34853
34854
34855
34885
34886
34952
34953
34982
34983
34985
34986
34987
34988
34997
34998
35018
35019
35020
35027
35028
35044
35045
35046
35079
35080
35081
35093
35094
35101
35102
35103
35104
35105
35106
35107
35117
35118
35128
35129
35130
35133
35134
35143
35144
35145
35146
35159
35160
35172
35173
35174
35198
35199
35217
35254
35255
35256
35268
35296
35330
35331
35348
35349
35350
35351
35352
35353
35354
35362
35384
35385
35397
35398
35404
35405
35406
35407
35408
35409
35452
35453
35462
35463
35464
35466
35467
35468
35470
35471
35478
35479
35481
35482
35489
35490
35491
35494
35495
35496
35497
35498
35499
35500
35515
35516
35517
35518
35533
35534
35538
35539
35560
35562
35571
35572
35579
35581
35590
35591
35592
35614
35615
35616
35617
35618
35619
35626
35639
35640
35641
35666
35667
35668
35669
35674
35675
35677
35678
35679
35680
35684
35685
35686
35721
35722
35723
35724
35725
35739
35740
35741
35756
35757
35816
35817
35818
35819
35820
35822
35824
35825
35828
35829
35830
35877
35878
35879
35915
35999
36000
36019
36045
36046
36047
36055
36056
36057
36063
36064
36065
36133
36134
36135
36142
36143
36155
36156
36229
36230
36238
36239
36247
36248
36269
36270
36271
36272
36273
36274
36275
36293
36295
36317
36318
36319
36325
36326
36330
36331
36336
36337
36338
36349
36350
36351
36373
36374
36378
36379
36380
36381
36382
36384
36385
36386
36387
36396
36398
36399
36440
36441
36442
36446
36447
36448
36452
36453
36457
36458
36459
36460
36488
36490
36491
36492
36493
36500
36501
36502
36539
36540
36570
36571
36572
36649
36650
36652
36659
36660
36661
36662
36663
36664
36676
36677
36699
36700
36702
36733
36734
36735
36736
36737
36738
36739
36746
36748
36760
36761
36778
36780
36801
36802
36829
36830
36831
36858
36859
36875
36876
36881
36882
36903
36904
36905
36917
36918
36919
37025
37027
37034
37035
37042
37083
37084
37085
37088
37089
37090
37103
37104
37105
37130
37131
37145
37149
37160
37161
37162
37163
37190
37192
37199
37200
37215
37216
37217
37224
37225
37226
37227
37254
37298
37300
37301
37302
37308
37311
37312
37313
37318
37319
37320
37336
37337
37338
37370
37371
37372
37387
37409
37410
37411
37416
37420
37422
37426
37427
37428
37429
37430
37431
37435
37436
37437
37474
37475
37476
37483
37484
37493
37494
37501
37502
37509
37515
37516
37531
37535
37538
37539
37540
37541
37542
37548
37549
37582
37583
37586
37587
37588
37589
37590
37591
37592
37593
37603
37604
37605
37622
37623
37624
37625
37626
37635
37641
37642
37643
37644
37645
37649
37650
37651
37664
37666
37694
37702
37728
37729
37730
37731
37732
37733
37734
37743
37744
37745
37755
37762
37763
37764
37778
37779
37783
37784
37785
37786
37805
37806
37815
37816
37817
37818
37819
37857
37894
37895
37904
37905
37908
37909
37911
37912
37941
37942
37943
37953
37954
37955
37962
37964
37965
37966
37967
37973
37974
37975
37976
37977
37978
37988
37989
37990
38000
38002
38018
38019
38020
38021
38022
38023
38024
38046
38047
38048
38054
38055
38056
38069
38070
38071
38082
38084
38096
38097
38098
38099
38110
38113
38114
38115
38116
38117
38118
38144
38218
38219
38221
38222
38223
38330
38331
38333
38344
38345
38371
38372
38373
38470
38471
38472
38474
38475
38650
38651
38652
38653
38654
38655
38656
38673
38674
38675
38693
38694
38695
38696
38706
38707
38717
38718
38719
38720
38722
38723
38724
38740
38746
38747
38748
38752
38753
38774
38775
38845
38847
38855
38856
38899
38900
38901
38958
38959
38978
38979
38982
39016
39034
39035
39079
39080
39148
39321
39322
39323
39324
39455
39456
39457
39534
39535
39536
39572
39573
39574
39575
39626
39627
39653
39654
39655
39659
39660
39682
39723
39724
39729
39730
39738
39743
39744
39745
39746
39747
39805
39806
39807
39808
39815
39816
39817
39901
39902
39903
39946
39948
39949
39991
39992
39993
40006
40017
40018
40019
40020
40055
40074
40106
40107
40134
40135
40143
40144
40145
40176
40220
40243
40244
40245
40246
40364
40365
40423
40424
40456
40457
40579
40581
40607
40609
40610
40611
40612
40643
40712
40713
40714
40715
40862
40874
40947
41040
41041
41046
41047
41082
41083
41100
41101
41157
41158
41171
41172
41173
41184
41186
41207
41208
41246
41247
41248
41249
41265
41315
41354
41355
41356
41402
41403
41404
41427
41428
41437
41438
41519
41520
41521
41522
41634
41635
41636
41648
41649
41650
41830
41831
41860
41861
41865
41866
41876
41883
41884
41980
41981
41991
41992
42051
42053
42054
42055
42056
42065
42066
42067
42068
42102
42103
42105
42265
42266
42287
42288
42289
42398
42399
42401
42416
42417
42418
42419
42432
42433
42461
42463
42474
42475
42477
42540
42631
42642
42643
42644
42830
42853
42854
42855
43165
43166
43347
43349
43358
43359
43360
43363
43364
43374
43414
43415
43416
43417
43439
43484
43485
43486
43538
43539
43583
43584
43585
43621
43622
43623
43637
43638
43639
43665
43666
43667
43756
43757
43764
43771
43772
43789
43790
43792
43871
43872
43873
43981
44018
44019
44020
44076
44077
44099
44100
44101
44115
44116
44132
44133
44134
44139
44176
44178
44179
44221
44235
44236
44246
44247
44248
44349
44354
44355
44356
44467
44468
44469
44474
44475
44529
44530
44535
44536
44537
44559
44560
44561
44568
44569
44724
44726
44727
44752
44753
44763
44764
44796
44881
44948
44971
45028
45029
45030
45056
45057
45090
45091
45113
45114
45181
45182
45183
45201
45260
45305
45306
45356
45357
45358
45445
45518
45519
45646
45647
45721
45723
45724
45746
45747
45834
45836
45892
45893
45894
45996
46018
46024
46025
46026
46027
46028
46038
46062
46063
46108
46109
46136
46210
46215
46220
46240
46241
46242
46244
46245
46261
46262
46281
46282
46305
46306
46318
46319
46320
46472
46473
46476
46570
46735
46737
46778
46783
46867
46886
46887
46889
46981
46990
46991
46992
47016
47064
47076
47078
47200
47249
47265
47266
47267
47316
47317
47531
47532
47537
47561
47562
47563
47564
47578
47608
47609
47610
47761
47762
47841
47842
47843
47895
47912
47931
47962
47963
48002
48025
48026
48120
48121
48122
48123
48172
48173
48174
48270
48280
48281
48282
48323
48355
48356
48365
48401
48446
48447
48461
48469
48470
48482
48483
48484
48485
48486
48563
48582
48583
48653
48654
48659
48675
48676
48677
48691
48692
48693
48698
48737
48738
48783
48790
48791
48806
48807
48811
48813
48815
49091
49113
49114
49173
49175
49226
49227
49336
49405
49406
49407
49424
49425
49426
49436
49473
49522
49574
49575
49576
49637
49638
49654
49697
49733
49734
49790
49807
49834
49835
49836
49837
49940
49941
49974
49975
49978
49979
49980
49981
49983
49997
49999
50048
50079
50161
50167
50169
50265
50272
50273
50370
50372
50374
50386
50387
50388
50437
50438
50439
50449
50450
50537
50553
50554
50578
50579
50580
50593
50594
50602
50603
50604
50608
50637
50638
50667
50685
50768
50785
50786
50787
50819
50820
51084
51085
51166
51167
51212
51213
51413
51414
51415
51416
51483
51484
51485
51505
51506
51507
51689
51731
51759
51760
51761
51797
51798
51802
51813
51823
51824
51825
51826
51830
51831
51966
52023
52024
52109
52110
52215
52216
52227
52228
52229
52506
52507
52545
52546
52583
52594
52595
52634
52635
52665
52666
52728
52729
52730
52767
52769
52788
52808
52809
52831
52856
52857
52891
52977
52980
52997
53060
53129
53130
53165
53172
53173
53174
53185
53211
53226
53227
53228
53229
53253
53254
53316
53318
53352
53431
53432
53433
53450
53485
53495
53497
53518
53519
53594
53596
53602
53603
53604
53623
53627
53628
53730
53731
53732
53880
53885
53886
53952
53953
53988
54000
54001
54003
54004
54005
54006
54073
54147
54148
54159
54160
54198
54205
54225
54261
54263
54267
54268
54272
54273
54275
54281
54282
54314
54331
54332
54342
54343
54344
54345
54359
54360
54378
54399
54400
54410
54411
54522
54523
54524
54534
54557
54558
54559
54582
54583
54584
54822
54874
54913
54919
54932
54995
55050
55051
55077
55078
55102
55103
55130
55165
55203
55252
55253
55254
55258
55646
55653
55775
55776
55783
55784
55785
55786
55787
55788
55807
55884
55885
55886
55895
55896
55984
56045
56046
56077
56078
56088
56089
56098
56100
56127
56240
56241
56243
56265
56266
56267
56276
56391
56489
56491
56520
56521
56531
56532
56596
56597
56703
56704
56745
56746
56747
56760
56793
56794
56799
56800
56801
56813
56814
56848
56857
56859
56872
56873
56879
56881
56882
56915
56928
56929
56930
56956
56958
56959
56988
56989
56991
57000
57022
57023
57024
57073
57079
57082
57108
57109
57110
57195
57196
57197
57198
57199
57200
57201
57210
57266
57284
57292
57293
57301
57304
57305
57306
57307
57361
57375
57376
57392
57393
57401
57431
57433
57439
57442
57444
57451
57464
57465
57480
57505
57556
57564
57565
57566
57567
57569
57570
57575
57581
57612
57615
57629
57630
57631
57644
57645
57650
57667
57668
57669
57673
57674
57675
57677
57692
57693
57694
57695
57703
57712
57713
57714
57736
57759
57760
57769
57770
57771
57772
57773
57820
57821
57822
57827
57828
57830
57833
57834
57837
57838
57839
57881
57882
57911
57917
57918
57919
57920
57921
57923
57926
57927
57936
57939
57940
57961
57962
57974
57988
57990
58019
58024
58044
58047
58063
58070
58071
58074
58075
58076
58077
58092
58101
58115
58132
58208
58239
58263
58266
58277
58306
58307
58308
58309
58310
58323
58324
58335
58436
58438
58464
58474
58475
58480
58485
58486
58487
58500
58506
58507
58574
58577
58582
58594
58610
58615
58639
58640
58641
58661
58665
58667
58678
58679
58695
58696
58697
58711
58712
58714
58721
58722
58784
58788
58829
58848
58849
58870
58871
58889
58909
58917
58918
58919
58920
58921
58929
58930
58931
58944
58959
58981
58982
58985
58991
58992
59005
59006
59027
59041
59043
59045
59046
59062
59075
59079
59082
59087
59089
59094
59097
59098
59117
59118
59121
59128
59129
59130
59131
59132
59145
59146
59147
59148
59161
59162
59194
59195
59216
59255
59256
59277
59299
59323
59324
59369
59418
59446
59451
59452
59458
59459
59466
59479
59485
59486
59488
59489
59494
59495
59496
59502
59511
59519
59536
59537
59539
59540
59541
59545
59546
59548
59555
59563
59578
59638
59692
59723
59750
59751
59758
59801
59802
59819
59820
59934
59941
59969
59995
59996
60013
60014
60015
60161
60221
60222
60255
60256
60310
60311
60312
60351
60383
60412
60497
60498
60770
60782
60783
60824
60838
60844
60882
60895
60896
60928
60983
60985
61171
61202
61406
61417
61442
61443
61451
61505
61671
61672
61708
61718
61749
61766
61798
61799
61800
61801
61903
61944
61959
61965
62021
62051
62234
62243
62305
62323
62324
62365
62367
62531
63739
64883
64884
64992
67679
67680
69045
69257
71336
71498
71499
72011
72440
73051
73052
73053
73770
73902
74183
74309
74986
75011
75041
75060
75129
75170
75171
75188
75235
75236
75238
75253
75257
75258
75259
75260
75261
75262
75267
75305
75319
75321
75349
75366
75373
75415
75425
75465
75511
75515
75516
75522
75556
75557
75558
75559
75564
75595
75607
75631
75652
75654
75694
75695
75700
75708
75718
75719
75736
75746
75756
75757
75824
75855
75860
75888
75890
75912
75927
75931
75941
75944
75952
75953
75959
76029
76030
76041
76059
76402
78248
78399
78465
78687
78688
79534
79535
79634
79883
79884
80234
80305
80810
80921
81138
81255
81908
81909
82433
82434
82572
82838
83277
83383
83384
83637
83638
83795
83856
84004
84005
84323
84345
84988
84991
85127
85170
85248
85524
85531
85799
85823
85825
86268
86313
86789
86885
86962
86963
86964
86965
86966
86967
86968
86969
86970
86971
86972
86973
86974
87066
87067
87068
87069
87070
87071
87072
87073
87074
87075
87076
87077
87078
87388
87391
87429
87467
87474
87475
87480
87490
87508
87509
87521
87524
87525
87603
87640
87641
87643
87644
87650
87660
87697
87698
87715
87726
87796
87799
87800
87801
87803
87830
87841
87844
87892
87893
87897
87900
-77
-175
-232
-290
-300
526
-594
-606
-889
-931
964
-1250
-1335
-1356
-1451
-1565
-1621
-1665
-1714
1824
-1925
-2064
-2373
-2398
-2434
-2441
-2465
-2540
-2685
-2848
-2953
-3131
-3139
-3190
-3240
-3248
-3266
3308
-3332
-3433
-3435
3444
-3556
-3586
-3633
3667
-3701
3776
3842
3850
3888
3946
3952
4091
4143
4184
4200
4236
-4336
-4471
-4475
-4613
-4686
-4770
-4830
-5200
5214
-5388
-5551
-5570
-5765
-5782
-5972
-6091
-6233
-6306
6431
-6443
-6462
-6522
-6614
-6835
-6857
-7004
-7035
-7072
-7554
-7723
-7909
-8090
-8115
-8499
-8534
-8872
-9123
-9262
-9474
9498
-9654
-10169
-10624
-10990
-11402
-11517
11712
11924
11990
11997
12037
-12071
-12123
-12130
-12157
-12178
12288
12323
12354
12455
12520
-12525
-12542
12603
12663
-12695
-12755
-12773
12828
12934
-12982
13023
13149
13294
-13393
13433
-13524
-13534
13584
13732
13803
13811
-13968
13973
-14014
14087
14178
14191
14193
14247
14283
-14287
-14304
14347
14428
-14542
14543
-14632
14716
14783
-15361
-15761
-15763
-15804
16064
-16149
-16251
-16285
-16373
-16451
-17002
-17111
-17165
-17366
-17836
-18033
-18198
18212
-18325
-18517
-19173
-20668
-21421
-21655
-21794
-22872
-23093
-23160
-23210
-23224
-23231
-23246
-23301
-23395
-23536
-23701
-23761
23783
-23807
-23818
-23850
-24038
-24162
24325
-24351
-24410
-24438
24583
24610
-24613
24629
24686
24693
24810
-24828
-24835
24858
-25014
25089
25132
25204
25225
25250
25391
25452
-25700
25791
25892
25936
25956
-25994
26120
26150
26421
26438
26563
26658
26675
26734
26783
-26828
-26922
26931
27000
27033
27050
-27079
27120
27132
27166
27317
27341
27376
27441
27559
27675
27676
-27923
28301
28334
28349
28361
28423
28432
28434
28488
28518
28677
28719
28864
28865
28970
-28972
29043
-29049
-29143
-29156
-29278
-29407
-29418
-29533
29612
-29740
-29788
29977
29990
30010
-30053
-30161
30295
30300
-30378
-30444
30454
-30500
30552
30593
-30603
30623
-30673
-30693
-30697
-30699
-30758
-30830
-30833
30837
-30863
30953
30957
-30977
-30979
31094
31145
31234
31235
31256
31334
31338
31578
31594
-31633
-31727
31828
31838
31903
31905
-31912
-31928
-31969
31974
31988
-31994
-31996
32012
32047
-32069
32091
-32100
-32126
32150
32189
32196
-32220
32231
32254
-32292
-32294
32298
-32319
-32329
-32337
-32390
32449
-32515
32562
-32566
32589
-32661
32673
32691
-32710
32812
-32853
-32886
-32899
-33007
-33016
-33058
-33083
-33133
33149
-33153
-33216
-33248
-33261
33274
-33291
-33319
-33421
-33439
33477
-33479
33507
33548
33554
33668
33686
33719
33732
33784
33876
33889
33974
34027
34029
34064
34083
34107
34145
34174
34247
34362
34384
-34405
-34478
34549
34556
-34578
-34586
34601
34616
34624
34671
34709
34727
34769
34816
34843
34856
34954
34984
34999
35082
35131
35267
35332
35363
35386
35399
35451
35472
35473
35480
35561
35580
35589
35627
35676
35758
35821
35823
36144
36157
36231
36240
36246
-36291
36294
36327
36383
36397
-36405
36454
36489
36651
36665
36678
-36681
36701
36747
36779
36800
36832
-36864
36902
36906
-37004
37026
37036
37043
37091
37146
37150
37191
37218
37297
37307
37314
37373
37388
37415
37421
37485
37510
37536
37537
-37545
37606
37636
37665
37703
37780
37814
37820
37896
37944
37963
38001
38083
38109
38112
38145
38329
38332
-38467
38476
-38585
-38626
-38657
38676
38708
38721
38741
-38749
-38770
-38833
38846
38857
-38893
-38960
39017
-39069
39081
-39123
-39125
39149
39176
-39184
-39216
-39405
-39420
-39426
-39440
39458
-39531
-39583
-39649
39656
-39669
39681
-39706
39722
39731
-39752
39818
-39821
-39832
-39930
39947
-39977
-40011
-40013
40016
-40037
-40044
-40053
40056
40075
40108
-40121
40136
40221
-40275
40339
-40406
-40410
40580
40608
40642
-40702
-40742
40863
40875
40948
41102
41185
41439
41523
41566
41567
41616
41651
41714
41715
-41754
-41762
41832
41864
41875
41982
41993
-42028
42052
42104
42106
42267
42400
42462
42476
42632
42688
-42711
42821
42831
-43045
-43086
-43131
43167
43348
-43361
-43375
-43422
43438
-43558
-43629
43640
-43654
43664
43773
43791
43905
43982
44078
44177
44348
-44496
44528
44538
44570
-44599
44646
-44679
44725
44754
-44762
-44773
-44808
-44864
44949
44972
45444
45722
45835
-45883
46019
-46184
46214
46307
-46546
46569
-46574
46624
-46649
-46672
-46695
-46721
46736
46738
-46767
-46821
-46831
-46837
46868
46888
-46906
-46912
-46931
-46971
-46986
47015
47065
47077
47248
47533
47577
47763
47896
-47923
48462
48468
48481
48562
48584
48699
48739
48814
49090
49115
49174
49228
-49254
49337
49404
49443
49472
49639
49791
49851
49939
49982
49998
50049
50168
-50284
50371
50373
50389
50581
50605
50684
50769
50933
51055
51135
-51152
51168
51293
51486
-51561
-51657
51667
-51688
51690
-51707
51762
51814
51827
-51949
-52004
52111
52199
52217
-52220
52226
-52297
52329
52508
-52647
52696
52768
52976
53061
53212
53317
53353
53451
53496
53595
53622
53858
53963
53989
54002
54072
54274
54401
54821
54873
54899
54914
54920
54933
55052
55166
55204
55296
-55340
-55515
-55562
-55769
55887
55985
56044
56096
56097
56242
-56284
-56465
56469
56490
-56504
-56583
56595
-56636
-56651
56654
56741
56761
56795
56858
56919
56920
56957
56960
56990
57072
57080
57152
57186
57267
57369
57394
57412
57415
57432
57434
57440
57443
57568
57646
57651
57676
57715
57737
57755
57774
57829
57835
57840
57898
57909
57922
57975
57989
58020
58025
58072
-58113
58133
-58262
-58300
-58326
-58357
58411
58453
58501
58566
58576
58662
58666
58668
58680
58713
58932
58943
59028
59042
59074
59090
59099
59120
59478
59487
59493
59501
59518
59538
59547
59639
59693
59740
59752
59942
59970
60223
60384
60680
60777
60781
60843
60917
60984
61130
61170
61418
61419
61452
61719
61945
62011
62152
-62231
62233
62269
-62284
-62332
-62344
62366
-62384
-62436
-62456
-62562
-62659
62934
-62982
-63043
-63201
-63778
-67589
-70299
-71142
-71171
-71348
-71459
-73622
-74976
-75004
-75026
75042
75122
75189
75190
75217
75230
75256
75293
75374
75416
75443
75560
75608
75709
75801
75861
75882
75889
75891
75935
-75987
-77986
-78036
-78078
-78204
-78257
-79703
-79769
-79780
-79817
-80009
-80233
-80722
-81442
82846
-83157
83929
-84521
-84544
)


// ************************************************************************* //
