/*--------------------------------*- C++ -*----------------------------------*\
| =========                 |                                                 |
| \\      /  F ield         | OpenFOAM: The Open Source CFD Toolbox           |
|  \\    /   O peration     | Version:  2512                                  |
|   \\  /    A nd           | Website:  www.openfoam.com                      |
|    \\/     M anipulation  |                                                 |
\*---------------------------------------------------------------------------*/
FoamFile
{
    version     2.0;
    format      ascii;
    arch        "LSB;label=32;scalar=64";
    note        "nPoints:644  nCells:1874  nFaces:4252  nInternalFaces:3244";
    class       labelList;
    location    "constant/domain3/polyMesh";
    object      neighbour;
}
// * * * * * * * * * * * * * * * * * * * * * * * * * * * * * * * * * * * * * //


3244
(
353
1093
1799
1801
983
1382
1464
212
556
733
1119
133
135
136
400
29
133
630
6
510
1378
1570
7
537
1471
81
535
540
1073
1396
1469
979
1382
1758
1760
11
1043
1180
1468
554
558
561
13
16
552
1685
14
17
1517
86
972
1286
16
17
1416
1841
194
83
85
22
23
628
1038
21
1009
1653
1654
22
307
1654
23
163
1038
985
989
165
1654
55
441
1278
840
862
986
1046
501
504
1345
28
31
841
1247
29
30
133
1243
1813
340
435
1178
637
806
903
1175
1502
34
641
1433
1722
644
935
40
692
697
797
37
38
42
600
694
1444
1446
39
1139
1285
41
786
873
41
694
695
718
782
1446
193
794
1079
46
150
897
944
46
527
627
847
1613
48
186
1037
1669
49
707
185
186
776
1208
1628
662
1078
1153
54
361
447
1449
308
453
882
1428
234
1466
1433
1722
57
185
237
1755
457
473
1048
121
680
886
1022
60
1365
1366
1766
1001
1364
1367
326
1001
1531
1790
231
641
869
1022
64
65
990
1656
357
1162
1029
1038
1413
67
68
571
1727
192
515
1549
1840
1855
71
73
681
1345
71
72
279
291
195
73
1408
1411
1409
1410
325
1136
1411
1509
295
879
1326
77
79
310
314
312
1782
79
949
1150
750
1704
328
355
1277
328
762
1378
405
767
778
1391
84
1416
1478
87
636
1300
86
281
796
88
1757
347
1517
1287
1493
662
664
1310
91
1289
1552
1645
370
1763
95
96
1101
1266
94
95
335
344
96
668
1616
389
97
1615
647
1616
1617
101
102
1276
1278
100
101
1630
1631
102
103
178
437
104
659
660
1117
1457
178
430
1156
123
1055
1400
1774
107
109
1094
1253
444
1231
109
488
489
1231
484
485
111
521
935
1798
459
1094
113
620
1021
1336
397
421
117
1452
1453
1709
117
118
687
712
117
622
1250
675
685
1118
1709
121
1278
1280
1433
121
680
909
641
462
676
1059
1607
578
950
1062
676
727
1807
127
196
1350
127
236
1339
1538
1270
1338
130
810
1120
130
934
986
1007
989
1498
132
376
487
568
821
1821
502
135
137
946
1255
305
1589
137
630
632
837
164
373
1394
595
597
602
1669
141
142
881
1025
214
889
950
995
1445
144
147
559
1553
149
272
1210
146
290
536
1553
148
296
589
616
1556
1553
1556
1569
1063
1212
1553
153
155
1347
154
630
1203
1813
155
336
359
154
944
336
918
919
781
937
976
1414
1614
1629
159
160
162
1672
756
958
1450
161
756
973
162
805
958
1196
168
584
1655
303
454
469
167
168
634
167
168
1655
1871
987
588
170
171
1096
1307
566
567
773
948
993
174
333
573
1065
454
481
1358
1612
800
999
176
358
662
663
177
626
1080
327
1069
183
378
1461
1481
1711
181
772
1481
1860
716
1711
1712
1121
1206
1457
327
642
1091
186
214
1368
473
706
1133
195
291
1068
394
428
868
1663
351
1016
1750
377
823
1056
1494
517
845
1407
1770
514
571
547
551
1671
553
1841
952
1525
1538
1418
1475
1818
455
1049
1221
1334
850
931
1440
1728
887
1576
1583
1030
1222
1332
209
423
530
1858
252
426
1472
1660
956
974
1109
1857
848
1578
1842
1858
367
411
456
699
216
1351
1617
423
1426
1842
425
470
803
739
922
1235
1687
334
665
1138
1220
322
1169
793
994
995
695
873
916
1644
335
389
218
796
1430
1701
283
1702
1085
1403
1430
1490
432
434
1281
1358
272
404
606
616
619
896
899
1177
313
1302
1346
241
725
1861
779
934
1489
236
265
1538
870
898
1349
1780
230
1508
1588
1864
302
1173
1198
1388
1537
1768
1124
1361
1438
1475
1497
737
1279
1603
1604
1264
1449
258
1230
1501
1547
1554
1714
612
900
1571
682
883
1617
1404
1407
1700
1123
1397
1399
813
943
1215
522
1472
1508
759
979
1383
331
1311
1472
1865
608
737
999
577
981
1173
1819
1465
1554
1731
968
1168
1260
254
542
1273
1539
253
477
1005
1550
1570
1750
428
522
1297
257
872
942
1072
910
1443
1593
297
377
939
1374
1521
1505
1575
355
394
1748
808
1226
1805
801
1443
1714
1719
289
843
1832
304
390
434
1746
393
1342
1790
1586
1651
299
828
1154
1720
268
946
1267
650
1120
1122
337
1522
1817
791
1232
1236
593
770
1087
1845
615
1063
413
472
892
953
959
998
1092
1573
1770
734
998
1600
1778
703
1386
1425
1852
483
681
853
1792
1343
1690
1259
1340
1429
1520
1757
1841
363
431
594
1031
1490
1573
308
1031
1340
774
1208
1627
506
841
1262
795
1211
390
939
1494
1075
1249
296
559
1211
966
1509
440
722
1112
754
1084
1519
320
475
1325
1704
461
480
917
303
383
817
423
425
353
1093
1127
467
1577
1689
402
679
1380
321
323
741
1097
1281
436
1356
400
401
1255
354
1437
1769
985
1653
1190
393
1277
1531
1559
315
320
1704
888
891
1089
315
815
661
1141
1224
750
1326
478
945
1012
1080
1499
1691
339
1012
1080
329
860
1365
486
789
1194
480
1326
1044
1235
1218
1470
1827
748
1152
1235
1318
1477
1680
1827
1293
1777
328
1766
1435
1630
1531
1228
1366
438
1040
1301
1333
1011
1312
658
1505
1806
799
999
1779
1104
1432
1616
625
1351
1203
1167
1815
724
872
1071
1579
342
666
1135
400
825
838
1351
1432
1848
1202
1588
1516
1532
1561
1615
991
1301
635
1193
1287
1218
1260
1602
424
636
534
582
436
1354
1358
1288
1357
1645
1207
1550
435
898
915
1813
1460
1474
988
1614
1378
1663
664
1135
1590
1869
1099
1656
1657
1153
1630
915
919
667
812
1003
1659
448
1609
760
1600
1756
364
576
1031
1851
654
896
1259
1633
375
438
1335
696
904
1594
1810
1836
415
1086
1403
1839
1289
1484
374
745
1040
1848
613
651
1722
1724
481
783
381
751
1185
1040
1624
1231
1580
857
1206
1384
1457
491
494
1441
1771
572
826
1765
1220
1432
1544
1725
1800
857
1282
716
1000
1860
789
1567
1787
489
747
789
1161
929
1185
1221
1333
739
744
1152
1266
961
960
1109
1330
960
1106
1290
1622
735
1160
1204
1160
1205
1768
902
969
1256
1606
961
1291
1494
413
1488
1546
403
1336
1558
1560
632
838
859
878
649
920
1381
439
822
1164
615
617
692
778
797
1024
1256
1462
1673
408
819
1542
1650
631
1652
533
928
1395
429
620
1291
458
751
417
1404
1419
1420
917
1739
415
1086
1300
417
875
460
872
1071
519
1403
1071
1518
1601
938
1145
1362
1370
923
1356
1746
1057
1336
523
1551
1563
532
1172
1193
1075
1134
427
858
868
1163
1660
1077
1417
623
1294
642
657
876
1434
1626
925
1097
579
1084
1682
436
940
761
1076
1276
1436
442
621
781
1779
599
964
651
656
1333
1334
460
1105
1157
1640
1232
1253
643
1362
1518
1547
448
449
1516
1608
448
452
1628
450
452
1177
604
682
927
611
612
1051
1635
1637
777
1340
1636
683
1281
456
1141
1304
458
930
1034
1246
1785
1219
1397
1798
1370
1601
462
463
980
920
1379
479
1607
466
467
624
1577
467
470
1240
1242
468
548
1856
690
1240
1500
817
1108
1394
1067
1858
477
1158
1521
793
1245
603
480
1263
1674
1675
1019
1263
1715
649
1024
1263
1675
1534
480
775
969
1604
482
1289
1611
1612
931
1497
489
888
955
486
1563
1697
488
705
821
1234
789
1580
740
570
1552
1763
493
988
1812
528
1456
1824
1828
802
907
495
1418
1438
655
1441
1732
498
500
1650
1719
968
1093
1801
586
1339
1655
585
1006
1376
811
1009
1473
1614
841
1589
505
507
1752
1753
681
1476
506
509
859
723
1589
764
1122
1754
509
633
1752
852
1262
524
1749
1750
514
515
1448
1455
513
1081
933
1283
866
702
1708
517
520
1836
1863
518
519
1092
1403
1839
520
1404
875
523
1551
1587
1537
1697
537
538
526
529
806
1780
527
1243
1348
944
971
1467
627
921
531
532
922
1495
1856
1687
1385
1686
633
764
1754
537
539
864
1212
1735
539
563
762
1365
726
1531
1642
543
546
1820
1826
543
544
1107
942
546
1322
1799
686
1129
1319
1324
549
1668
690
1578
1296
1671
967
1632
1672
758
794
1450
553
972
1455
1684
560
983
1677
560
561
863
1716
1041
1180
596
1570
1661
1663
1396
1679
1825
589
831
978
562
1834
675
1453
1825
762
1749
565
569
1316
1821
1188
1514
948
1514
1188
1306
1745
569
1580
1787
1803
571
749
1726
865
874
1797
575
1377
1664
769
1137
1147
887
914
1583
593
770
580
583
997
1055
947
992
1690
1819
714
1036
1265
1592
764
840
1126
1027
1767
586
1029
1401
587
1525
819
1844
1029
1162
1401
1350
1375
1401
917
1546
591
799
1164
736
1558
1073
1453
1454
1824
594
774
1627
600
601
782
667
835
1163
601
693
599
722
813
1781
1216
1139
1444
784
954
693
1037
1445
842
1785
824
883
1608
1233
1392
1842
610
877
1051
619
654
896
799
1279
1048
1051
1755
611
616
1740
900
1741
1459
1755
614
1800
1587
1722
1734
1492
1492
1793
850
1398
1487
1101
1406
621
1866
623
1065
1249
1452
781
1393
1578
1856
1301
1847
663
1135
847
629
1007
1656
634
779
1657
719
738
1413
837
1822
852
1088
636
1085
1478
638
1247
1843
1085
1086
666
1012
1082
720
933
1229
1805
644
1794
1066
1355
1804
1361
646
840
1184
986
1099
1114
883
1104
1561
1066
1342
1528
1019
652
788
1753
1723
934
1120
1105
1189
1389
1643
1353
1634
1115
1398
1487
659
660
1619
680
1156
913
941
886
1278
1121
1225
1623
1369
664
668
669
929
1014
1512
1662
1695
991
1618
1138
1323
673
1199
1343
1819
686
895
673
674
742
966
1058
746
1152
1387
863
677
1379
678
1380
1530
1059
1605
1666
730
1605
952
899
923
926
1612
783
1108
1363
1394
721
1241
1706
1061
688
1831
1837
863
1186
692
697
1507
1796
698
848
930
1028
1304
695
1400
1582
699
1302
1648
1775
844
1252
1141
1337
719
785
932
740
747
790
771
1451
1448
1513
1523
771
809
1373
814
890
1098
842
1133
1850
1269
1755
1459
1571
1849
710
713
1209
1738
711
714
715
1485
1545
1555
1241
1250
1254
715
1175
1079
1486
1502
1632
1515
1023
1055
1764
778
1143
1644
1183
1008
1228
1075
1134
1832
1715
788
1753
1374
1529
743
829
1712
864
1001
1829
1308
1607
729
1536
1026
1131
902
920
1447
1060
1105
1389
1422
1584
1762
1774
1041
1469
792
1756
1189
1559
799
887
1238
1309
985
1038
1653
1233
1426
791
885
1173
1693
1058
1148
818
943
1480
746
1233
751
1337
928
1567
1148
1268
965
1726
1325
1172
1286
1425
1524
770
773
1096
1083
1190
1610
856
1458
1539
1566
805
1756
759
1470
1602
792
1572
1826
973
1010
870
1178
1766
1010
1295
1594
1863
1752
1128
1226
1227
1805
891
1124
1543
1143
1761
1796
1113
1496
1598
1129
1144
1870
1846
1708
977
984
1480
1306
1626
1216
1674
1327
1626
1327
1628
1635
1581
1007
1239
1240
1241
1500
784
1445
1611
1622
1400
1402
985
1498
1670
1849
1032
1039
1571
1867
814
1098
814
1234
1450
1039
1182
798
906
1287
1478
1391
1582
1036
1187
1309
1667
910
1050
1599
1731
1812
1242
1707
1308
1666
1667
1807
958
1243
1118
1706
1833
933
1166
1359
1172
1574
1360
1498
1650
1652
1559
1694
962
1000
1784
820
943
1197
829
1533
1006
1376
977
1480
1261
937
1560
1057
1560
1174
1609
1076
1822
947
1307
1743
830
1213
1257
1795
1074
1168
1535
906
1545
1211
1213
1546
1415
1728
1769
971
1456
1699
1709
893
1511
1013
1696
1018
1321
1801
1255
1125
1125
1178
1248
1095
1431
1452
1703
848
1251
1010
1863
1269
1459
1670
1224
1346
1067
1067
1075
1241
1251
1729
1200
1288
1621
859
1125
1136
1170
1409
1111
1457
1692
1237
1605
1665
1165
1479
1056
1311
1698
1754
1008
1367
1082
1372
1691
932
1126
1498
1367
867
890
1765
924
1448
948
1261
1821
1207
1661
1329
1543
1724
1843
1045
1302
1349
1005
1132
1285
1017
1316
1789
1836
909
1276
1794
1034
1048
1102
1258
1754
1379
1565
1047
1156
1206
889
1143
1761
1217
1264
959
1070
1271
888
1236
1047
1156
1237
1399
1284
1261
1123
1544
894
957
1064
1144
1870
957
1564
898
919
1349
1348
1266
1032
1246
1004
1020
1176
1809
1079
1265
911
1045
1272
1853
1870
1036
1736
908
1730
1441
1540
1599
1280
1540
918
930
976
1282
1747
1359
1664
1665
1076
1203
1042
1556
1347
1045
980
1346
1780
1044
1393
1200
1357
956
1726
940
1747
1108
1200
1611
1174
1637
1387
1816
1170
1046
1090
1114
1587
1167
1528
1802
1056
1002
1005
1547
1746
1292
1166
1501
1826
1348
962
1216
1781
1867
1742
1197
1244
1823
1070
1151
1423
1762
1792
1271
1647
1870
1402
1444
1089
1161
1563
1513
1195
1131
965
1857
1292
1215
1783
970
1214
1218
1260
1112
1462
1674
1621
1343
1502
1671
970
980
1673
1018
1703
1684
1710
1298
1386
1854
1840
1852
1854
1056
1294
1859
1677
1716
1503
1759
1675
1027
1344
1693
1179
1503
1759
1679
1479
1481
1656
1009
1654
1473
1771
1007
1046
1183
1816
1307
1526
1307
1765
1042
1095
1037
1519
1526
1851
1023
1026
1536
1568
1783
1145
1227
1364
1534
1297
1417
1815
1370
1651
1844
1534
1655
1600
1014
1082
1585
1471
1639
1590
1865
1202
1864
1869
1204
1748
1317
1743
1214
1328
1529
1583
1866
1329
1424
1541
1112
1054
1823
1062
1070
1777
1347
1613
1376
1225
1335
1190
1562
1739
1352
1610
1683
1569
1740
1058
1293
1509
1486
1095
1245
1847
1828
1132
1331
1828
1834
1495
1688
1223
1619
1304
1332
1341
1719
1060
1371
1639
1696
1130
1406
1516
1062
1070
1762
1494
1344
1447
1603
1157
1564
1647
1823
1102
1424
1511
1564
1377
1140
1802
1240
1159
1509
1080
1091
1192
1273
1825
1273
1566
1160
1537
1111
1369
1502
1090
1158
1201
1428
1526
1683
1305
1352
1683
1375
1657
1544
1229
1230
1384
1405
1490
1168
1697
1850
1846
1282
1786
1797
1658
1107
1460
1799
1130
1569
1331
1504
1716
1834
1421
1601
1484
1855
1721
1182
1195
1450
1117
1263
1398
1593
1489
1751
1496
1732
1500
1830
1837
1631
1699
1831
1180
1396
1827
1619
1267
1360
1124
1798
1360
1535
1720
1364
1366
1137
1647
1615
1849
1850
1285
1368
1707
1202
1159
1149
1421
1669
1670
1176
1518
1623
1536
1541
1646
1364
1649
1410
1414
1548
1791
1507
1853
1152
1507
1648
1782
1859
1155
1271
1775
1631
1458
1482
1566
1427
1647
1648
1641
1792
1194
1375
1661
1779
1482
1566
1226
1230
1171
1522
1322
1218
1415
1806
1811
1815
1517
1449
1737
1575
1811
1406
1633
1247
1396
1758
1760
1318
1195
1485
1545
1187
1486
1413
1751
1752
1219
1220
1788
1831
1315
1342
1519
1279
1606
1809
1319
1602
1826
1524
1563
1485
1632
1215
1859
1385
1688
1387
1744
1610
1625
1822
1205
1207
1274
1698
1625
1210
1592
1737
1213
1734
1736
1737
1736
1324
1477
1781
1636
1637
1221
1224
1304
1613
1329
1620
1225
1229
1230
1805
1534
1234
1234
1395
1399
1238
1808
1242
1706
1830
1704
1715
1781
1739
1785
1739
1740
1248
1262
1251
1251
1252
1254
1397
1399
1500
1837
1258
1491
1793
1267
1636
1319
1428
1735
1617
1344
1693
1669
1597
1733
1272
1868
1322
1303
1873
1412
1767
1791
1280
1659
1808
1746
1359
1368
1646
1644
1493
1523
1552
1290
1611
1621
1292
1294
1344
1747
1296
1298
1594
1662
1672
1318
1468
1678
1420
1314
1698
1591
1845
1845
1309
1603
1313
1585
1590
1312
1314
1557
1314
1557
1872
1317
1745
1317
1803
1322
1391
1761
1762
1775
1324
1799
1532
1618
1527
1326
1328
1434
1638
1565
1363
1622
1468
1334
1816
1335
1623
1576
1624
1339
1341
1871
1719
1434
1597
1355
1629
1349
1813
1871
1616
1627
1429
1638
1357
1612
1645
1362
1649
1357
1798
1601
1367
1372
1691
1829
1389
1643
1694
1585
1517
1685
1413
1866
1749
1381
1381
1565
1383
1680
1820
1499
1388
1513
1388
1744
1442
1596
1729
1584
1395
1578
1395
1686
1596
1445
1525
1446
1774
1568
1838
1634
1705
1412
1690
1767
1411
1548
1412
1629
1776
1769
1548
1419
1420
1659
1465
1812
1430
1700
1506
1423
1773
1424
1427
1773
1574
1687
1564
1466
1434
1478
1454
1467
1436
1794
1630
1442
1728
1771
1440
1487
1441
1442
1540
1596
1497
1771
1598
1717
1581
1605
1808
1710
1637
1455
1685
1454
1456
1834
1461
1479
1461
1463
1721
1676
1474
1711
1678
1680
1732
1625
1628
1824
1677
1824
1503
1570
1476
1818
1713
1476
1497
1681
1482
1483
1483
1533
1549
1545
1491
1562
1658
1492
1546
1741
1524
1689
1586
1692
1505
1804
1760
1699
1788
1811
1532
1561
1512
1865
1591
1682
1742
1541
1588
1821
1712
1861
1579
1701
1835
1806
1710
1844
1846
1681
1820
1575
1666
1807
1720
1713
1844
1721
1651
1718
1725
1551
1579
1772
1727
1661
1800
1621
1595
1733
1738
1795
1740
1585
1576
1643
1608
1741
1786
1778
1850
1668
1778
1814
1852
1579
1686
1582
1584
1584
1598
1714
1867
1872
1745
1735
1736
1596
1862
1599
1714
1732
1730
1718
1730
1770
1607
1606
1609
1627
1618
1620
1723
1624
1634
1635
1638
1636
1641
1642
1641
1642
1829
1643
1646
1790
1717
1653
1658
1663
1662
1667
1666
1862
1672
1675
1676
1676
1678
1758
1681
1683
1757
1688
1689
1692
1695
1696
1701
1835
1702
1705
1709
1832
1814
1707
1840
1852
1713
1788
1718
1724
1725
1857
1763
1729
1733
1733
1738
1795
1737
1743
1745
1819
1749
1753
1759
1827
1868
1773
1774
1776
1864
1814
1776
1791
1868
1777
1862
1843
1784
1861
1859
1860
1787
1789
1803
1797
1795
1853
1868
1804
1811
1817
1809
1838
1862
1818
1817
1833
1833
1841
1839
1839
1851
1848
1855
1857
1858
1873
1872
1873
1873
)


// ************************************************************************* //
