/*--------------------------------*- C++ -*----------------------------------*\
| =========                 |                                                 |
| \\      /  F ield         | OpenFOAM: The Open Source CFD Toolbox           |
|  \\    /   O peration     | Version:  2512                                  |
|   \\  /    A nd           | Website:  www.openfoam.com                      |
|    \\/     M anipulation  |                                                 |
\*---------------------------------------------------------------------------*/
FoamFile
{
    version     2.0;
    format      ascii;
    arch        "LSB;label=32;scalar=64";
    note        "nPoints:644  nCells:1874  nFaces:4252  nInternalFaces:3244";
    class       labelList;
    location    "constant/domain3/polyMesh";
    object      owner;
}
// * * * * * * * * * * * * * * * * * * * * * * * * * * * * * * * * * * * * * //


4252
(
0
0
0
0
1
1
1
2
2
2
2
3
3
3
3
4
4
4
5
5
5
5
6
6
6
7
7
7
8
8
8
9
9
9
9
10
10
10
10
11
11
11
12
12
12
12
13
13
13
14
14
14
15
15
15
15
16
17
17
18
18
18
18
19
19
19
19
20
20
20
21
21
21
22
22
23
23
24
24
24
25
25
25
25
26
26
26
27
27
27
27
28
28
28
29
29
30
30
30
31
31
32
32
32
33
33
33
33
34
34
35
35
35
35
36
36
36
36
37
37
37
38
38
38
39
39
39
40
40
41
42
42
42
43
43
43
44
44
44
44
45
45
45
46
46
47
47
47
47
48
48
49
49
50
50
50
51
51
51
52
52
52
52
53
53
53
53
54
54
55
55
56
56
56
56
57
57
57
58
58
58
58
59
59
59
59
60
60
60
61
61
61
61
62
62
62
62
63
63
63
63
64
64
65
65
65
66
66
66
66
67
67
68
68
68
69
69
69
69
70
70
70
70
71
72
72
72
73
73
74
74
74
74
75
75
75
76
76
76
76
77
77
78
78
78
79
79
80
80
80
81
81
81
82
82
82
82
83
83
83
84
84
84
85
85
85
86
86
87
87
88
88
89
89
89
90
90
90
90
91
91
92
92
92
92
93
93
93
93
94
94
94
95
96
96
97
97
97
98
98
98
98
99
99
99
99
100
100
100
101
102
102
103
103
103
104
104
104
105
105
105
105
106
106
106
106
107
107
108
108
108
108
109
109
110
110
110
110
111
111
112
112
112
112
113
113
114
114
114
114
115
115
115
115
116
116
116
117
118
118
118
119
119
119
119
120
120
120
121
122
122
122
122
123
123
123
124
124
124
125
125
125
126
126
126
126
127
127
128
128
128
129
129
129
129
130
130
131
131
131
131
132
132
133
134
134
134
134
135
135
136
136
136
137
138
138
138
139
139
139
139
140
140
140
140
141
141
142
142
142
143
143
143
143
144
144
144
145
145
145
145
146
146
147
147
147
148
148
148
149
149
149
150
150
150
151
151
151
151
152
152
152
153
153
154
155
155
156
156
156
157
157
157
158
158
158
158
159
159
159
160
160
160
161
161
162
162
163
163
163
164
164
164
165
165
165
166
166
166
166
167
168
169
169
169
169
170
170
170
171
171
172
172
172
172
173
173
173
173
174
174
175
175
175
175
176
176
176
177
177
178
178
179
179
179
180
180
180
180
181
181
181
182
182
182
183
183
183
184
184
184
185
185
186
187
187
187
188
188
188
188
189
189
189
190
190
190
190
191
191
191
191
192
192
193
193
193
194
194
195
196
196
197
197
197
198
198
198
198
199
199
199
199
200
200
200
201
201
201
202
202
202
202
203
203
203
203
204
204
204
204
205
205
205
205
206
206
206
206
207
207
207
208
208
208
209
209
209
210
210
210
210
211
211
211
211
212
212
213
213
214
215
215
215
215
216
216
217
217
217
217
218
218
219
219
219
219
220
220
220
220
221
221
221
221
222
222
222
222
223
223
223
224
224
224
225
225
225
226
226
226
227
227
227
227
228
228
228
228
229
229
229
229
230
230
231
231
232
232
232
233
233
233
233
234
234
235
235
235
235
236
236
237
237
237
238
238
238
239
239
239
240
240
240
241
241
241
242
242
242
243
243
243
244
244
244
244
245
245
245
246
246
246
246
247
247
247
248
248
248
249
249
249
249
250
250
250
251
251
251
252
252
252
253
253
254
254
255
255
255
256
256
256
257
257
258
258
259
259
259
260
260
260
261
261
261
261
262
262
262
263
263
263
263
264
264
264
265
265
266
266
266
266
267
267
267
268
268
268
269
269
269
270
270
270
271
271
271
271
272
272
273
273
274
274
274
275
275
275
275
276
276
276
276
277
277
277
277
278
278
278
278
279
279
280
280
280
281
281
281
282
282
282
282
283
283
284
284
284
285
285
285
286
286
286
287
287
288
288
288
289
289
290
290
290
291
291
292
292
292
293
293
293
294
294
294
294
295
295
296
297
297
297
298
298
299
299
299
300
300
300
301
301
301
302
302
302
303
303
304
304
305
305
305
306
306
306
307
307
308
309
309
309
309
310
310
310
311
311
311
312
312
313
313
313
314
314
315
315
316
316
316
316
317
317
317
318
318
318
319
319
319
320
320
321
321
322
322
322
323
323
323
324
324
324
324
325
325
326
326
327
327
328
329
329
330
330
330
330
331
331
332
332
332
333
333
333
334
334
334
335
335
336
337
337
338
338
338
338
339
339
339
340
340
340
341
341
341
342
342
343
343
343
343
344
344
345
345
345
346
346
346
347
347
348
348
349
349
349
350
350
350
351
351
352
352
352
352
353
353
354
354
355
355
356
356
356
356
357
357
357
358
358
359
359
360
360
360
360
361
361
362
362
362
363
363
364
364
365
365
365
365
366
366
366
367
367
368
368
368
369
369
369
369
370
370
371
371
371
371
372
372
372
372
373
373
374
374
374
375
375
376
376
377
378
378
378
379
379
379
379
380
380
380
381
381
382
382
382
383
383
384
384
384
385
385
385
386
386
386
386
387
387
387
387
388
388
388
389
390
391
391
391
392
392
392
392
393
394
394
395
395
395
396
396
396
396
397
397
397
398
398
398
399
399
399
399
400
401
401
401
402
402
402
403
403
403
404
404
405
405
405
406
406
406
406
407
407
407
407
408
408
409
409
409
410
410
410
411
411
412
412
412
412
413
413
414
414
414
415
415
416
416
416
417
417
418
418
418
419
419
419
419
420
420
420
421
421
422
422
422
423
424
424
425
425
426
426
426
427
427
428
428
429
429
430
430
430
431
431
432
432
433
433
433
434
434
435
435
437
437
438
439
439
439
440
440
441
441
442
442
443
443
443
443
444
444
445
445
445
445
446
446
446
446
447
447
447
449
449
449
450
450
450
451
451
451
452
452
453
453
453
454
454
455
455
455
456
456
457
457
457
458
459
459
460
460
461
461
461
462
462
463
463
464
464
464
464
465
465
465
465
466
466
467
468
468
468
469
469
469
470
470
471
471
471
472
472
473
474
474
474
474
475
475
475
476
476
476
476
477
478
478
479
479
481
482
482
482
483
483
484
484
484
485
485
485
486
487
487
487
488
488
489
490
490
490
491
491
491
492
492
492
492
493
493
494
494
494
495
495
495
496
496
496
496
497
497
497
498
498
498
499
499
499
500
500
501
501
502
502
503
503
503
503
504
504
505
505
505
506
506
507
507
507
508
508
508
509
509
510
510
510
511
511
511
511
512
512
513
513
514
515
515
516
516
516
516
517
517
518
518
518
519
519
520
521
521
521
522
523
524
524
525
525
525
525
526
526
526
527
528
528
529
529
530
530
531
531
531
532
533
533
534
534
534
535
535
535
536
536
538
538
539
539
540
540
540
541
541
541
541
542
542
542
543
544
544
544
545
545
546
546
547
547
548
548
549
549
550
550
550
551
551
551
552
552
552
553
554
554
554
555
555
555
555
556
556
557
557
557
557
558
558
558
559
559
560
561
561
562
562
562
563
563
564
564
564
564
565
565
566
566
567
567
567
568
568
568
569
570
570
571
572
572
572
573
573
573
574
574
574
575
575
575
576
576
577
577
578
578
579
579
580
580
581
581
581
581
582
582
582
583
583
584
584
584
585
585
586
586
587
587
587
588
588
588
589
589
590
590
590
591
591
592
592
592
592
593
594
594
595
595
595
596
596
596
597
597
598
598
598
598
599
600
600
601
601
602
602
602
603
603
604
604
604
605
605
605
606
606
606
607
607
607
608
608
609
609
609
610
610
610
611
611
612
612
613
613
614
614
615
616
617
617
618
618
618
619
619
620
620
621
621
622
622
623
624
624
624
625
625
626
626
627
628
628
628
629
629
629
631
631
631
632
632
633
634
635
635
635
636
637
637
638
638
639
639
639
640
640
640
640
641
642
643
643
643
644
645
645
645
646
646
646
647
647
647
648
648
648
649
650
650
650
651
652
652
653
653
653
653
654
654
655
655
655
656
656
656
657
657
658
658
659
659
660
661
661
662
663
665
665
665
666
666
667
667
668
668
669
669
670
670
670
670
671
671
672
672
672
673
673
674
674
674
675
676
676
677
677
677
678
678
678
679
679
681
682
683
683
683
684
684
684
684
685
685
685
686
687
687
687
688
688
689
689
689
689
690
690
691
691
691
692
693
694
696
696
697
697
698
698
699
699
700
700
700
701
701
701
702
702
703
703
703
704
704
704
705
705
705
706
706
706
707
707
708
708
708
709
709
709
709
710
710
710
711
711
711
712
712
712
713
713
714
714
715
715
716
717
717
717
718
718
718
719
720
720
721
721
721
722
723
723
724
724
725
725
725
726
726
726
727
727
728
728
729
729
730
730
730
731
731
731
732
732
732
732
733
733
734
734
735
735
736
736
736
737
738
738
738
739
739
740
740
741
741
742
742
743
743
743
744
744
745
745
746
747
748
748
749
749
750
752
752
752
752
753
753
753
754
754
754
755
755
755
755
756
756
757
757
757
758
758
759
760
760
761
761
762
763
763
763
763
764
765
765
765
765
766
766
766
767
767
767
768
768
768
769
769
769
770
771
772
772
772
773
774
775
775
776
776
777
777
777
778
779
780
780
780
780
782
782
783
783
784
784
785
785
786
786
787
787
787
788
790
790
791
791
792
793
794
795
795
796
796
797
797
798
798
800
800
801
801
801
802
802
803
803
804
804
804
804
805
806
807
807
807
808
808
808
809
809
810
810
811
811
812
812
815
815
815
816
816
816
818
818
819
819
820
820
821
822
822
823
823
824
824
825
825
826
826
826
827
827
827
827
828
828
829
830
830
831
831
831
832
832
832
833
833
833
833
834
834
835
835
836
836
836
837
838
839
839
839
842
843
843
843
844
844
845
845
846
846
846
847
847
848
849
849
849
849
850
851
851
851
852
852
853
853
853
854
854
854
855
855
855
856
856
857
858
858
859
860
860
861
861
861
862
862
862
864
865
865
865
866
866
867
867
867
868
868
869
869
869
870
871
871
871
872
873
873
874
874
874
875
876
876
876
877
877
877
878
878
879
879
880
880
880
881
881
881
882
882
884
884
884
885
885
886
886
887
888
889
890
891
891
892
893
893
894
894
895
895
897
897
897
898
899
900
900
901
901
901
902
903
903
904
904
905
905
905
906
906
907
907
908
908
908
909
910
911
911
912
912
912
913
914
914
915
915
916
917
918
919
920
921
921
922
922
923
923
924
924
925
925
926
926
926
927
927
928
929
931
932
933
934
935
936
936
936
937
938
938
938
939
940
941
941
942
944
945
945
945
946
947
949
949
950
951
951
951
951
952
953
953
953
954
954
955
955
955
956
958
959
960
960
961
962
962
963
963
963
963
964
964
964
965
966
967
967
968
969
969
970
971
972
972
973
974
974
975
975
975
976
976
977
978
978
979
979
980
981
981
981
982
982
982
983
984
984
986
987
987
988
988
989
990
990
991
992
992
993
993
994
994
995
996
996
996
997
997
997
998
1000
1001
1002
1002
1002
1003
1003
1004
1005
1006
1006
1008
1009
1010
1011
1011
1011
1013
1013
1014
1014
1015
1015
1015
1016
1016
1017
1017
1018
1019
1020
1021
1021
1022
1023
1023
1024
1025
1025
1026
1026
1027
1028
1028
1029
1030
1030
1031
1032
1032
1033
1033
1033
1034
1034
1035
1035
1035
1036
1039
1039
1040
1041
1042
1043
1043
1043
1044
1044
1047
1047
1049
1049
1050
1050
1052
1052
1052
1052
1053
1053
1053
1054
1054
1054
1057
1058
1059
1059
1060
1061
1061
1062
1063
1064
1064
1064
1065
1066
1066
1067
1068
1068
1069
1069
1072
1072
1073
1074
1074
1077
1077
1078
1078
1079
1081
1081
1083
1083
1084
1084
1087
1087
1087
1088
1088
1089
1090
1090
1091
1092
1092
1093
1094
1095
1096
1097
1098
1098
1099
1100
1100
1100
1101
1102
1103
1103
1103
1103
1104
1105
1106
1106
1107
1110
1110
1110
1111
1112
1113
1113
1114
1114
1115
1115
1116
1116
1116
1117
1118
1118
1119
1119
1119
1121
1122
1122
1123
1123
1126
1127
1127
1128
1128
1129
1129
1130
1132
1132
1133
1133
1134
1135
1136
1137
1138
1139
1139
1140
1140
1141
1142
1142
1143
1145
1145
1146
1146
1146
1146
1147
1147
1148
1149
1149
1150
1150
1151
1151
1151
1153
1154
1154
1154
1155
1155
1155
1157
1159
1161
1162
1163
1164
1165
1165
1166
1166
1167
1167
1168
1169
1170
1171
1171
1171
1172
1174
1175
1176
1176
1177
1177
1178
1179
1179
1179
1180
1181
1181
1181
1182
1182
1183
1184
1184
1185
1185
1186
1186
1188
1189
1190
1191
1191
1191
1192
1192
1192
1193
1194
1196
1196
1197
1197
1198
1198
1199
1199
1201
1201
1203
1204
1204
1205
1207
1208
1209
1209
1209
1210
1210
1211
1212
1213
1214
1214
1215
1217
1217
1219
1222
1222
1222
1223
1223
1224
1227
1227
1228
1229
1231
1232
1233
1236
1237
1238
1239
1239
1239
1244
1244
1244
1245
1245
1246
1246
1247
1248
1249
1250
1250
1252
1253
1253
1254
1254
1255
1257
1257
1258
1259
1260
1264
1265
1266
1268
1268
1269
1270
1270
1271
1272
1273
1274
1274
1275
1275
1275
1276
1277
1279
1281
1283
1284
1284
1285
1286
1286
1288
1289
1290
1290
1291
1291
1293
1294
1295
1295
1296
1297
1298
1299
1299
1299
1300
1303
1303
1305
1305
1306
1308
1308
1310
1310
1310
1311
1311
1312
1313
1313
1314
1315
1315
1316
1316
1319
1320
1320
1320
1320
1321
1321
1323
1323
1324
1325
1325
1327
1327
1328
1330
1330
1331
1332
1333
1334
1335
1336
1337
1338
1338
1338
1339
1340
1341
1342
1345
1346
1348
1350
1351
1352
1353
1353
1354
1354
1354
1355
1355
1356
1361
1362
1365
1369
1369
1370
1371
1371
1371
1372
1373
1373
1376
1377
1378
1379
1380
1381
1382
1382
1383
1384
1385
1386
1387
1388
1390
1390
1390
1391
1392
1392
1393
1393
1398
1400
1401
1402
1402
1405
1405
1406
1407
1408
1408
1408
1409
1409
1410
1410
1411
1414
1415
1416
1416
1417
1418
1418
1419
1419
1421
1422
1422
1423
1423
1424
1425
1426
1427
1428
1429
1430
1431
1431
1435
1435
1436
1437
1437
1437
1438
1438
1439
1439
1439
1439
1440
1440
1443
1443
1446
1447
1447
1448
1449
1451
1451
1452
1453
1456
1458
1458
1460
1460
1461
1462
1463
1463
1464
1464
1465
1466
1466
1467
1468
1469
1470
1471
1473
1473
1474
1475
1476
1477
1479
1480
1482
1483
1484
1486
1488
1488
1489
1491
1491
1492
1493
1495
1496
1499
1501
1501
1503
1504
1504
1505
1506
1506
1508
1508
1510
1510
1510
1511
1512
1514
1515
1515
1518
1520
1520
1522
1523
1525
1526
1527
1527
1529
1530
1530
1533
1535
1538
1539
1542
1542
1543
1544
1547
1548
1549
1550
1551
1552
1554
1554
1555
1555
1556
1557
1558
1559
1561
1562
1567
1568
1571
1572
1572
1573
1574
1575
1577
1581
1581
1582
1586
1586
1589
1590
1591
1592
1592
1593
1594
1595
1595
1595
1597
1598
1599
1600
1603
1604
1608
1610
1615
1619
1620
1623
1633
1633
1634
1635
1639
1639
1640
1640
1640
1642
1644
1649
1650
1652
1657
1659
1660
1664
1665
1668
1671
1673
1673
1674
1677
1679
1680
1682
1684
1686
1688
1691
1694
1695
1700
1700
1701
1702
1703
1703
1705
1706
1708
1708
1712
1716
1717
1723
1724
1726
1727
1728
1730
1731
1734
1734
1735
1742
1743
1744
1748
1751
1758
1760
1761
1764
1764
1767
1768
1770
1772
1772
1775
1776
1778
1780
1782
1783
1784
1784
1786
1786
1787
1789
1793
1796
1796
1802
1802
1806
1808
1810
1810
1812
1815
1830
1831
1835
1836
1838
1846
1847
1854
1855
1856
1864
1865
1869
1872
1004
1020
1374
1521
1529
1158
512
1283
1081
913
1817
332
258
1144
892
1131
274
728
1142
834
1511
957
671
545
686
1061
257
269
337
471
512
513
545
574
658
671
724
728
729
834
892
893
894
895
901
913
957
959
1004
1020
1131
1137
1142
1144
1158
1283
1359
1374
1521
1522
1536
1541
234
899
1542
1050
1470
1
795
1201
319
1015
4
911
1613
1645
459
745
1104
71
1206
8
1513
385
306
1078
354
51
1504
807
1549
1620
438
694
1390
179
543
942
1089
16
1361
1847
375
20
1404
1573
1741
24
896
26
31
32
34
40
41
43
45
48
49
50
1588
638
809
1444
965
230
708
680
54
1475
440
1296
803
966
968
1280
1649
1442
55
695
1358
950
1189
432
325
787
734
1174
260
1083
914
1731
928
1707
1134
1194
1068
345
971
64
1651
603
408
1514
500
1019
67
75
77
78
80
1417
837
1794
669
1323
87
88
89
91
95
1676
1684
101
107
948
1750
1256
111
113
1843
116
120
124
1257
125
857
1810
128
132
137
138
924
141
1604
146
152
153
154
156
157
1353
433
161
167
1606
171
1527
174
177
1493
1652
1350
548
182
746
213
1783
909
1681
1128
395
851
1373
1697
1277
704
184
1091
344
1832
1472
1352
1515
590
1108
1272
854
292
720
1175
308
1572
1742
1568
1305
1431
187
967
758
1433
614
376
189
1537
1580
259
192
194
1662
195
196
197
200
296
1407
201
1415
207
208
212
213
214
216
218
806
223
224
225
226
569
231
232
238
239
240
242
243
245
247
279
1690
248
250
251
253
560
254
255
256
262
264
265
267
270
273
273
520
280
283
284
285
286
287
287
288
289
293
295
298
298
300
304
301
1022
701
1232
1269
961
1756
1597
307
1217
1116
311
312
314
946
1329
317
318
1485
912
321
1101
326
329
982
331
1507
800
870
1301
1219
698
748
336
1463
341
342
1698
1274
346
347
348
348
349
350
351
358
359
1768
1138
361
362
363
364
904
1618
1837
366
367
916
916
368
370
1602
373
1363
1397
377
380
381
1096
382
383
1625
927
384
811
530
1109
1474
388
903
389
1298
390
1150
391
393
744
398
1694
1169
1420
1830
1454
1368
523
1713
404
1282
989
1099
1711
409
1481
998
1121
822
410
1295
411
414
416
418
420
421
422
424
427
429
431
436
437
441
442
444
448
451
458
463
466
858
532
472
473
570
1562
477
478
479
481
483
486
490
493
497
499
501
502
504
508
514
522
524
527
528
529
533
536
537
538
547
549
550
553
556
563
565
566
576
577
578
579
580
1164
583
585
591
593
1193
597
599
605
607
608
1782
609
613
615
617
618
921
622
623
661
625
626
627
630
633
634
637
639
642
644
645
648
649
651
652
657
660
663
664
790
672
675
679
682
688
691
693
696
700
702
707
713
716
717
719
722
723
1394
727
1356
1082
1380
731
733
735
737
1249
970
1238
741
742
1622
1148
747
1405
749
1028
1343
750
751
1198
1818
839
1593
1769
1136
753
1110
1803
1591
757
1347
759
1297
760
761
987
766
1793
1757
805
768
1270
1699
1153
771
1186
1715
1341
773
774
775
1816
776
779
1577
781
1451
1738
785
786
788
1188
1555
792
793
794
798
802
810
812
813
813
814
816
817
817
846
1459
818
820
821
823
824
1528
825
828
829
830
832
835
836
838
840
1226
841
842
1284
1678
1125
844
845
937
1455
1718
850
1109
878
855
1258
856
860
861
863
864
866
871
875
1641
879
880
882
1860
883
1427
884
885
1838
1235
1772
1303
889
890
902
905
907
1820
910
1705
918
925
1037
929
1845
930
1792
1435
1030
1426
931
932
1720
947
1854
1747
935
936
1558
1665
1147
1853
1764
939
940
941
943
949
952
954
956
1216
973
974
975
977
978
983
984
990
991
992
993
994
1085
995
996
999
1000
1003
1008
1012
1013
1016
1017
1018
1021
1668
1024
1025
1027
1033
1035
1041
1042
1045
1046
1048
1849
1049
1051
1053
1074
1252
1055
1863
1057
1495
1060
1063
1065
1292
1100
1069
1071
1072
1366
1073
1829
1076
1077
1489
1086
1088
1094
1097
1102
1106
1107
1111
1113
1115
1117
1120
1124
1126
1127
1130
1140
1149
1157
1159
1160
1161
1162
1163
1165
1169
1170
1173
1535
1801
1490
1800
1181
1183
1184
1187
1187
1191
1744
1861
1195
1196
1510
1306
1199
1693
1523
1200
1202
1205
1208
1212
1220
1221
1223
1225
1228
1236
1237
1242
1243
1248
1256
1259
1261
1262
1264
1265
1267
1268
1275
1287
1288
1293
1299
1300
1302
1309
1312
1313
1315
1317
1318
1321
1328
1330
1331
1332
1337
1695
1345
1632
1383
1807
1646
1360
1363
1372
1375
1377
1384
1385
1386
1389
1392
1412
1414
1421
1422
1425
1429
1432
1436
1462
1464
1465
1467
1469
1471
1477
1483
1484
1487
1488
1496
1499
1506
1512
1516
1519
1520
1524
1528
1530
1532
1533
1539
1540
1543
1550
1557
1560
1565
1766
1567
1569
1773
1727
1685
1574
1748
1869
1751
1765
1696
1576
1759
1791
1587
1583
1679
1658
1779
1692
1848
1785
1822
1814
1687
1670
1609
1614
1624
1626
1629
1631
1638
1648
1660
1664
1667
1682
1689
1702
1710
1717
1721
1723
1725
1729
1777
1842
1789
1828
1763
1823
1840
1797
1867
1835
1866
1788
1851
1825
1790
1804
1809
1871
1833
)


// ************************************************************************* //
