/*--------------------------------*- C++ -*----------------------------------*\
| =========                 |                                                 |
| \\      /  F ield         | OpenFOAM: The Open Source CFD Toolbox           |
|  \\    /   O peration     | Version:  2512                                  |
|   \\  /    A nd           | Website:  www.openfoam.com                      |
|    \\/     M anipulation  |                                                 |
\*---------------------------------------------------------------------------*/
FoamFile
{
    version     2.0;
    format      ascii;
    arch        "LSB;label=32;scalar=64";
    class       vectorField;
    location    "constant/domain3/polyMesh";
    object      points;
}
// * * * * * * * * * * * * * * * * * * * * * * * * * * * * * * * * * * * * * //


644
(
(495 -15 18.4808)
(5 -15 18.4808)
(8.32667e-16 -15 18.4808)
(500 -15 18.4808)
(5 -10.1791 20.2354)
(5 -7.61394 24.6784)
(5 -8.50481 29.7308)
(5 -12.4348 33.0285)
(5 -17.5652 33.0285)
(5 -21.4952 29.7308)
(5 -22.3861 24.6784)
(5 -19.8209 20.2354)
(12.0598 -15 18.4808)
(19.6095 -15 18.4808)
(27.1593 -15 18.4808)
(34.7091 -15 18.4808)
(42.2588 -15 18.4808)
(49.8086 -15 18.4808)
(57.3584 -15 18.4808)
(64.9082 -15 18.4808)
(72.4579 -15 18.4808)
(80.0077 -15 18.4808)
(87.5575 -15 18.4808)
(95.1072 -15 18.4808)
(102.657 -15 18.4808)
(110.207 -15 18.4808)
(117.757 -15 18.4808)
(125.306 -15 18.4808)
(132.856 -15 18.4808)
(140.406 -15 18.4808)
(147.956 -15 18.4808)
(155.505 -15 18.4808)
(163.055 -15 18.4808)
(170.605 -15 18.4808)
(178.155 -15 18.4808)
(185.704 -15 18.4808)
(193.254 -15 18.4808)
(200.804 -15 18.4808)
(208.354 -15 18.4808)
(215.904 -15 18.4808)
(223.453 -15 18.4808)
(231.003 -15 18.4808)
(238.553 -15 18.4808)
(246.103 -15 18.4808)
(253.652 -15 18.4808)
(261.202 -15 18.4808)
(268.752 -15 18.4808)
(276.302 -15 18.4808)
(283.851 -15 18.4808)
(291.401 -15 18.4808)
(298.951 -15 18.4808)
(306.501 -15 18.4808)
(314.051 -15 18.4808)
(321.6 -15 18.4808)
(329.15 -15 18.4808)
(336.7 -15 18.4808)
(344.25 -15 18.4808)
(351.799 -15 18.4808)
(359.349 -15 18.4808)
(366.899 -15 18.4808)
(374.449 -15 18.4808)
(381.998 -15 18.4808)
(389.548 -15 18.4808)
(397.098 -15 18.4808)
(404.648 -15 18.4808)
(412.198 -15 18.4808)
(419.747 -15 18.4808)
(427.297 -15 18.4808)
(434.847 -15 18.4808)
(442.397 -15 18.4808)
(449.946 -15 18.4808)
(457.496 -15 18.4808)
(465.046 -15 18.4808)
(472.596 -15 18.4808)
(480.145 -15 18.4808)
(487.695 -15 18.4808)
(495 -10.1791 20.2354)
(495 -7.61394 24.6784)
(495 -8.50481 29.7308)
(495 -12.4348 33.0285)
(495 -17.5652 33.0285)
(495 -21.4952 29.7308)
(495 -22.3861 24.6784)
(495 -19.8209 20.2354)
(6.3786e-16 -10.1791 20.2354)
(1.44591e-16 -7.61394 24.6784)
(-4.16334e-16 -8.50481 29.7308)
(-7.82451e-16 -12.4348 33.0285)
(-7.82451e-16 -17.5652 33.0285)
(-4.16334e-16 -21.4952 29.7308)
(1.44591e-16 -22.3861 24.6784)
(6.3786e-16 -19.8209 20.2354)
(500 -10.1791 20.2354)
(500 -7.61394 24.6784)
(500 -8.50481 29.7308)
(500 -12.4348 33.0285)
(500 -17.5652 33.0285)
(500 -21.4952 29.7308)
(500 -22.3861 24.6784)
(500 -19.8209 20.2354)
(11.1263 -8.91961 21.59)
(11.2336 -7.56075 26.9334)
(11.0281 -10.0704 31.6331)
(10.7867 -15.0789 33.4803)
(10.5703 -19.9482 31.6169)
(10.1048 -22.381 27.3113)
(9.10137 -21.7769 22.7677)
(10.6438 -19.0789 19.6869)
(16.5456 -10.777 19.7827)
(30.3807 -9.3098 21.0949)
(45.7274 -9.03005 21.441)
(60.8838 -8.96491 21.5279)
(76.0065 -8.95308 21.544)
(91.1114 -8.95264 21.5446)
(106.208 -8.95485 21.5416)
(121.308 -8.95223 21.5452)
(136.417 -8.95083 21.5471)
(151.518 -8.95076 21.5472)
(166.607 -8.95358 21.5433)
(181.721 -8.9482 21.5507)
(196.811 -8.95623 21.5397)
(211.91 -8.96086 21.5334)
(227.009 -8.95706 21.5386)
(242.122 -8.949 21.5496)
(257.209 -8.95487 21.5416)
(272.311 -8.96391 21.5293)
(287.403 -8.99799 21.4834)
(302.509 -9.01894 21.4556)
(317.603 -9.02875 21.4427)
(332.706 -9.02902 21.4423)
(347.811 -9.02854 21.443)
(362.904 -9.02997 21.4411)
(378.008 -9.02574 21.4466)
(393.116 -9.01435 21.4617)
(408.213 -8.99043 21.4936)
(423.315 -8.97326 21.5166)
(438.435 -8.94757 21.5515)
(453.598 -8.89276 21.6274)
(468.634 -8.88257 21.6418)
(482.806 -9.26364 21.1492)
(489.231 -8.7074 21.8999)
(490.699 -7.56165 26.9405)
(489.576 -9.66399 31.2512)
(489.067 -14.4296 33.459)
(489.157 -19.5567 31.9378)
(489.805 -22.3283 27.5762)
(490.863 -21.8234 22.8677)
(489.278 -19.1271 19.7184)
(17.1461 -19.5185 19.9947)
(24.1607 -20.084 20.4669)
(31.5521 -20.5108 20.8934)
(39.1331 -20.6945 21.0999)
(46.7761 -20.7149 21.1239)
(54.405 -20.6967 21.1025)
(62.0028 -20.6813 21.0846)
(69.5768 -20.6721 21.0739)
(77.1377 -20.6671 21.0681)
(84.6909 -20.6656 21.0664)
(92.2419 -20.6647 21.0654)
(99.7905 -20.6657 21.0666)
(107.34 -20.666 21.0669)
(114.889 -20.6664 21.0673)
(122.441 -20.6646 21.0653)
(129.992 -20.665 21.0657)
(137.541 -20.666 21.0669)
(145.092 -20.6637 21.0643)
(152.642 -20.6632 21.0636)
(160.19 -20.666 21.0668)
(167.739 -20.6668 21.0677)
(175.291 -20.6646 21.0652)
(182.843 -20.6642 21.0648)
(190.392 -20.6658 21.0667)
(197.942 -20.6673 21.0684)
(205.489 -20.6705 21.0721)
(213.038 -20.6709 21.0726)
(220.589 -20.6697 21.0711)
(228.138 -20.6694 21.0708)
(235.69 -20.6659 21.0668)
(243.241 -20.6644 21.0651)
(250.79 -20.6669 21.0679)
(258.341 -20.6695 21.0709)
(265.895 -20.6731 21.0751)
(273.449 -20.6805 21.0836)
(281.004 -20.6899 21.0945)
(288.557 -20.7014 21.108)
(296.11 -20.7096 21.1176)
(303.661 -20.7155 21.1245)
(311.211 -20.7188 21.1284)
(318.76 -20.7202 21.1301)
(326.309 -20.7208 21.1307)
(333.859 -20.7211 21.1311)
(341.409 -20.7213 21.1313)
(348.958 -20.7212 21.1312)
(356.507 -20.7207 21.1307)
(364.057 -20.7202 21.13)
(371.606 -20.7194 21.1291)
(379.154 -20.7177 21.1271)
(386.701 -20.7139 21.1226)
(394.247 -20.7073 21.1149)
(401.793 -20.6987 21.1048)
(409.339 -20.6901 21.0948)
(416.886 -20.684 21.0877)
(424.431 -20.6786 21.0814)
(431.975 -20.6698 21.0712)
(439.508 -20.657 21.0565)
(447.015 -20.6284 21.0238)
(454.466 -20.5564 20.9432)
(461.813 -20.3978 20.7737)
(469.089 -20.225 20.6003)
(476.151 -20.0184 20.4071)
(482.885 -19.5937 20.0522)
(38.0954 -9.15302 21.2837)
(22.9886 -9.82477 20.5524)
(53.3172 -8.97973 21.5079)
(68.4573 -8.95308 21.544)
(83.5688 -8.94817 21.5507)
(98.6692 -8.94931 21.5491)
(113.766 -8.94902 21.5496)
(128.863 -8.95167 21.5459)
(143.97 -8.94897 21.5496)
(159.067 -8.95156 21.5461)
(174.164 -8.9495 21.5489)
(189.261 -8.9533 21.5437)
(204.356 -8.96217 21.5316)
(219.465 -8.95762 21.5378)
(234.568 -8.95052 21.5475)
(249.659 -8.95453 21.542)
(264.757 -8.95878 21.5363)
(279.846 -8.98504 21.5008)
(294.946 -9.01426 21.4618)
(310.059 -9.02362 21.4494)
(325.163 -9.0268 21.4452)
(340.268 -9.02707 21.4449)
(355.368 -9.02736 21.4445)
(370.463 -9.02592 21.4464)
(385.573 -9.01922 21.4552)
(400.675 -8.99921 21.4818)
(415.77 -8.97865 21.5094)
(430.863 -8.96609 21.5263)
(446.002 -8.93162 21.5734)
(461.166 -8.84894 21.6895)
(475.863 -9.0871 21.3669)
(64.4054 -7.83653 28.2022)
(33.8003 -7.61449 27.2862)
(56.8438 -7.83059 28.1829)
(17.5426 -7.74128 24.0937)
(79.5488 -7.84579 28.2318)
(25.1655 -7.54263 26.7793)
(94.6519 -7.8444 28.2274)
(71.9835 -7.84251 28.2214)
(109.734 -7.84156 28.2183)
(87.1031 -7.84576 28.2317)
(124.849 -7.8452 28.2299)
(102.204 -7.84498 28.2292)
(139.96 -7.84583 28.2319)
(117.298 -7.84684 28.2351)
(155.052 -7.84423 28.2269)
(132.4 -7.84292 28.2227)
(170.149 -7.84605 28.2326)
(147.521 -7.84836 28.24)
(185.258 -7.84507 28.2295)
(200.342 -7.8378 28.2063)
(49.2033 -7.80203 28.0877)
(215.449 -7.83678 28.203)
(253.199 -7.84329 28.2239)
(230.556 -7.84308 28.2232)
(192.813 -7.84475 28.2285)
(245.657 -7.84448 28.2277)
(268.286 -7.83474 28.1964)
(283.369 -7.8037 28.0934)
(298.472 -7.78084 28.0139)
(313.604 -7.77582 27.996)
(328.693 -7.77326 27.9868)
(343.803 -7.7729 27.9855)
(358.897 -7.77328 27.9869)
(373.993 -7.77458 27.9915)
(389.119 -7.78175 28.0171)
(404.214 -7.80515 28.0983)
(419.306 -7.81875 28.144)
(434.404 -7.83501 28.1973)
(449.591 -7.8712 28.311)
(464.969 -8.0137 28.7087)
(479.294 -7.65539 27.4995)
(207.874 -7.82997 28.1809)
(162.584 -7.84077 28.2158)
(177.706 -7.84632 28.2335)
(485.429 -7.55929 26.922)
(485.688 -22.1881 23.8405)
(20.6755 -22.4137 24.846)
(27.9774 -22.4945 26.2673)
(35.762 -22.4165 27.0971)
(43.626 -22.3994 27.205)
(51.3819 -22.4087 27.1474)
(59.0376 -22.4159 27.1007)
(66.6393 -22.4198 27.0744)
(74.2161 -22.4227 27.0551)
(81.7722 -22.4228 27.0541)
(89.3279 -22.4239 27.0465)
(96.873 -22.4229 27.0534)
(104.423 -22.4232 27.051)
(111.969 -22.4223 27.0575)
(119.526 -22.4236 27.0483)
(127.079 -22.4239 27.0463)
(134.623 -22.4224 27.0567)
(142.179 -22.4237 27.0478)
(149.732 -22.4248 27.0403)
(157.274 -22.4232 27.0514)
(164.819 -22.4221 27.0588)
(172.377 -22.4235 27.0493)
(179.933 -22.4243 27.0439)
(187.479 -22.423 27.0526)
(195.031 -22.4231 27.0517)
(202.574 -22.421 27.0663)
(210.12 -22.4202 27.0716)
(217.675 -22.4217 27.0616)
(225.221 -22.4208 27.0679)
(232.778 -22.4226 27.0553)
(240.333 -22.4242 27.0444)
(247.876 -22.423 27.0529)
(255.424 -22.4218 27.0607)
(262.982 -22.4213 27.0642)
(270.536 -22.418 27.0865)
(278.097 -22.4147 27.1086)
(285.65 -22.4083 27.1501)
(293.21 -22.4041 27.1765)
(300.766 -22.4006 27.1978)
(308.317 -22.3985 27.2107)
(315.867 -22.3976 27.2161)
(323.416 -22.3973 27.2178)
(330.966 -22.3971 27.2188)
(338.516 -22.3969 27.2198)
(346.066 -22.3969 27.2201)
(353.615 -22.3971 27.2191)
(361.164 -22.3974 27.2173)
(368.713 -22.3977 27.2155)
(376.261 -22.3981 27.2127)
(383.808 -22.3994 27.2052)
(391.353 -22.4021 27.1888)
(398.896 -22.4063 27.1627)
(406.44 -22.4108 27.1338)
(413.981 -22.4141 27.1123)
(421.52 -22.4158 27.1017)
(429.069 -22.4195 27.0767)
(436.608 -22.4232 27.0513)
(444.125 -22.4289 27.0109)
(451.6 -22.4444 26.8927)
(458.941 -22.473 26.6164)
(466 -22.5 25.9774)
(473.03 -22.4944 25.6901)
(222.986 -7.83628 28.2014)
(16.5167 -12.5721 33.0769)
(16.2673 -18.2265 32.7513)
(16.0382 -21.9107 28.8948)
(14.3233 -22.108 23.5879)
(17.467 -8.39631 29.5362)
(483.644 -10.6209 32.0695)
(483.784 -21.6042 29.5353)
(238.122 -7.84725 28.2365)
(41.5063 -7.73786 27.8546)
(260.742 -7.84022 28.214)
(275.85 -7.82725 28.172)
(290.936 -7.79214 28.0536)
(306.04 -7.77735 28.0015)
(321.132 -7.77237 27.9836)
(336.248 -7.77278 27.9851)
(351.364 -7.77374 27.9885)
(366.43 -7.77229 27.9833)
(381.552 -7.77624 27.9975)
(396.661 -7.78956 28.0446)
(411.747 -7.81316 28.1254)
(426.853 -7.82652 28.1696)
(442 -7.85263 28.2535)
(457.267 -7.92496 28.4695)
(472.415 -7.90466 28.411)
(479.599 -22.4486 25.1039)
(482.965 -16.7295 33.2786)
(120.786 -12.5459 33.0679)
(105.64 -12.5042 33.0533)
(90.5699 -12.5226 33.0598)
(75.4398 -12.5069 33.0543)
(30.0034 -10.7701 32.1742)
(218.916 -12.499 33.0515)
(60.2977 -12.4823 33.0456)
(44.9653 -12.2848 32.972)
(271.787 -12.4906 33.0485)
(67.885 -12.5119 33.056)
(83.0342 -12.5407 33.0661)
(113.209 -12.5219 33.0595)
(249.118 -12.5173 33.0579)
(37.1483 -11.9079 32.8137)
(166.046 -12.5077 33.0545)
(158.508 -12.5151 33.0572)
(98.1134 -12.5225 33.0598)
(301.941 -12.2175 32.9455)
(286.815 -12.2868 32.9728)
(264.2 -12.4907 33.0486)
(279.313 -12.4122 33.0202)
(294.382 -12.2489 32.958)
(415.218 -12.4098 33.0193)
(317.051 -12.1977 32.9376)
(332.152 -12.1929 32.9356)
(347.257 -12.1903 32.9346)
(362.349 -12.1953 32.9366)
(377.451 -12.2007 32.9388)
(392.558 -12.2367 32.9531)
(407.7 -12.401 33.0161)
(469.447 -14.0263 33.4173)
(437.869 -12.4967 33.0507)
(453.079 -12.6685 33.1092)
(460.872 -12.9788 33.2033)
(477.124 -12.1864 32.933)
(21.052 -15.7442 33.4437)
(31.9828 -18.8836 32.3969)
(40.3022 -18.7313 32.4867)
(48.2396 -18.8396 32.4234)
(55.9281 -18.9002 32.3869)
(63.5327 -18.9248 32.3718)
(71.1599 -18.9676 32.3454)
(78.6902 -18.9498 32.3564)
(86.2855 -18.9815 32.3367)
(93.7979 -18.9537 32.354)
(101.375 -18.974 32.3413)
(108.885 -18.9457 32.3589)
(116.463 -18.9673 32.3456)
(124.039 -18.9841 32.335)
(131.546 -18.9485 32.3572)
(139.118 -18.9636 32.3478)
(146.699 -18.9893 32.3318)
(154.217 -18.9677 32.3453)
(161.736 -18.9457 32.359)
(169.313 -18.9635 32.3479)
(176.895 -18.9859 32.3339)
(184.407 -18.9553 32.353)
(191.991 -18.976 32.3401)
(199.514 -18.9502 32.3562)
(207.038 -18.922 32.3735)
(214.634 -18.9669 32.3458)
(222.143 -18.9344 32.3659)
(229.717 -18.9535 32.3541)
(237.3 -18.9834 32.3355)
(244.821 -18.9659 32.3464)
(252.346 -18.9476 32.3578)
(259.933 -18.966 32.3464)
(267.455 -18.9251 32.3717)
(275.05 -18.9226 32.3732)
(282.568 -18.8524 32.4158)
(290.151 -18.8255 32.4318)
(297.717 -18.7943 32.4502)
(305.273 -18.7733 32.4625)
(312.825 -18.7643 32.4677)
(320.374 -18.762 32.469)
(327.924 -18.7609 32.4697)
(335.475 -18.7593 32.4706)
(343.026 -18.7577 32.4715)
(350.576 -18.7582 32.4712)
(358.123 -18.761 32.4696)
(365.671 -18.7633 32.4682)
(373.221 -18.7649 32.4673)
(380.771 -18.7693 32.4648)
(388.318 -18.7832 32.4567)
(395.863 -18.8132 32.4391)
(403.405 -18.8532 32.4153)
(410.954 -18.8895 32.3934)
(418.454 -18.8842 32.3966)
(426.024 -18.9245 32.3721)
(433.587 -18.9555 32.3529)
(441.096 -18.9621 32.3488)
(448.676 -19.0559 32.2894)
(456.15 -19.2042 32.1916)
(463.549 -19.6647 31.8536)
(469.905 -20.7268 30.8237)
(430.33 -12.4829 33.0457)
(23.0849 -20.6931 30.8633)
(256.665 -12.5196 33.0587)
(445.479 -12.5754 33.0781)
(52.6713 -12.423 33.0241)
(135.855 -12.5056 33.0538)
(22.9325 -10.7015 32.1267)
(226.452 -12.4914 33.0488)
(369.897 -12.1963 32.937)
(324.599 -12.1936 32.9359)
(173.639 -12.5453 33.0677)
(128.316 -12.5182 33.0582)
(150.978 -12.5312 33.0628)
(143.445 -12.5442 33.0673)
(188.727 -12.5244 33.0604)
(309.5 -12.2027 32.9396)
(339.705 -12.1911 32.9349)
(354.806 -12.1933 32.9358)
(385.005 -12.2105 32.9427)
(400.113 -12.2851 32.9722)
(476.699 -19.8405 31.7096)
(422.728 -12.3746 33.0062)
(203.797 -12.4826 33.0456)
(181.177 -12.5246 33.0605)
(241.581 -12.5271 33.0614)
(211.319 -12.4378 33.0295)
(196.269 -12.5135 33.0566)
(234.045 -12.536 33.0644)
(26.4156 -15.565 33.4595)
(3.32678e-16 -14.105 22.9843)
(-2.41779e-16 -13.1348 28.1585)
(-3.66281e-17 -18.0937 26.3107)
(500 -14.105 22.9843)
(500 -13.1348 28.1585)
(500 -18.0937 26.3107)
(407.372 -15.3289 25.877)
(431.549 -17.061 25.3617)
(444.029 -15.2548 26.1304)
(468.001 -12.8871 28.1756)
(25.3264 -16.648 28.1883)
(89.7002 -14.3772 25.7269)
(319.193 -19.1251 26.6826)
(344.168 -16.9915 28.2004)
(19.8799 -13.9874 25.9751)
(52.445 -14.4113 26.1937)
(80.158 -15.8591 26.2157)
(135.021 -15.545 26.0381)
(366.272 -15.4691 25.7861)
(45.064 -14.6443 25.8634)
(217.328 -15.9983 28.5336)
(400.473 -15.6044 27.5812)
(236.216 -15.1425 27.0949)
(464.309 -17.0861 27.5508)
(73.6319 -15.0649 26.1098)
(9.90992 -19.6412 29.6005)
(353.743 -15.6021 29.7243)
(230.54 -17.919 25.9749)
(255.555 -14.8412 25.3352)
(303.825 -15.6868 26.5737)
(278.923 -13.4511 28.5584)
(425.33 -16.8487 26.1439)
(113.192 -15.5927 26.0555)
(328.527 -14.284 26.3508)
(211.393 -17.5493 27.9172)
(94.8631 -15.5128 25.9911)
(106.841 -14.6984 26.1506)
(249.278 -14.6492 26.2173)
(32.8458 -15.9418 25.4592)
(494.087 -14.8415 21.699)
(14.1785 -14.4887 25.1026)
(285.156 -13.7363 27.6667)
(221.553 -13.4618 24.8779)
(265.526 -12.9244 28.8434)
(421.014 -13.6031 24.2848)
(198.342 -17.3057 28.0194)
(296.281 -13.862 27.7347)
(291.99 -15.7261 23.6409)
(451.573 -15.8695 26.3477)
(124.486 -13.9164 23.8776)
(66.861 -14.002 26.2158)
(200.829 -13.8411 24.3675)
(488.529 -14.8812 27.7618)
(391.49 -13.8552 24.6668)
(59.5335 -12.5182 25.0338)
(484.693 -13.6948 27.3121)
(158.071 -16.4279 28.4918)
(145.79 -15.5762 25.8207)
(162.925 -13.8765 25.3715)
(358.585 -14.9597 26.384)
(314.949 -15.6834 26.7244)
(185.429 -13.2873 26.6442)
(119.809 -14.6558 26.9077)
(180.977 -16.7334 25.2504)
(339.158 -17.0501 29.3011)
(261.376 -15.8115 26.3376)
(176.757 -12.9266 25.9401)
(153.333 -15.3281 25.2606)
(380.584 -14.8244 26.0182)
(373.05 -14.8903 25.5131)
(428.021 -12.3881 26.6732)
(8.5705 -12.5914 26.6621)
(475.549 -13.6124 25.2134)
(20.2842 -18.6047 29.6112)
(131.112 -19.4777 27.6632)
(275.842 -17.8154 27.4198)
(468.42 -17.0613 24.8287)
(458.229 -16.1575 26.4183)
(223.935 -17.3657 27.6372)
(214.187 -14.7044 23.932)
(321.617 -14.7209 25.644)
(414.56 -14.5693 26.6773)
(343.15 -14.241 22.922)
(479.882 -16.6521 26.7289)
(26.3956 -12.9673 24.7596)
(208.256 -13.1448 24.6543)
(15.5637 -10.6751 26.3224)
(124.831 -18.3496 27.5263)
(140.106 -12.7512 26.7015)
(351.919 -13.8157 24.8774)
(393.28 -17.4439 28.0643)
(338.358 -14.5635 24.1929)
(193.115 -14.8367 26.0007)
(298.014 -18.8944 27.1884)
(334.221 -15.8855 27.829)
(309.859 -13.0147 24.6041)
(437.532 -14.4309 25.6058)
(39.9252 -16.8676 24.3733)
(16.665 -18.8566 28.9254)
(173.967 -17.5718 25.9243)
(493.534 -16.8577 28.3585)
(57.4731 -17.6969 26.2862)
(1.73881 -15.3961 20.3715)
(266.643 -16.3229 24.0666)
(285.975 -15.8976 22.8759)
(487.098 -19.0072 27.7504)
(228.19 -13.0563 24.7079)
(243.324 -12.933 28.1083)
(350.888 -18.2343 26.7077)
(204.706 -17.4636 27.3327)
(387.159 -16.5972 28.7588)
(100.513 -15.4964 26.3175)
(39.1667 -12.8227 27.7697)
(62.8605 -17.4049 25.1254)
(280.003 -16.634 24.3063)
(275.195 -13.0527 25.5472)
(85.6356 -16.8979 24.3397)
(5.54182 -19.8305 28.0201)
(462.122 -12.5182 26.7113)
(455.84 -12.1789 27.9855)
(489.865 -16.8512 21.2471)
(472.789 -15.1969 28.9018)
(486.333 -17.0176 30.4819)
(209.551 -17.9789 23.7269)
(290.843 -12.8694 27.7127)
(310.069 -17.5093 27.8618)
(168.11 -16.9775 27.3638)
(433.537 -12.992 28.2698)
(187.148 -17.1617 23.5696)
(84.9166 -12.8688 28.0538)
(270.745 -16.5649 28.6953)
(130.341 -12.7687 24.1247)
(207.247 -14.1205 29.6631)
(447.804 -19.2249 26.6283)
(170.913 -12.3197 26.0934)
(465.654 -11.9863 24.2671)
(181.305 -11.1942 27.0419)
(140.055 -18.041 25.1158)
(243.118 -16.886 24.4465)
(486.02 -18.6959 22.2598)
(204.618 -11.4639 27.0655)
(419.983 -17.7979 27.101)
(488.187 -17.7732 23.6638)
(4.85332 -14.3025 22.9741)
)


// ************************************************************************* //
