/*--------------------------------*- C++ -*----------------------------------*\
| =========                 |                                                 |
| \\      /  F ield         | OpenFOAM: The Open Source CFD Toolbox           |
|  \\    /   O peration     | Version:  2512                                  |
|   \\  /    A nd           | Website:  www.openfoam.com                      |
|    \\/     M anipulation  |                                                 |
\*---------------------------------------------------------------------------*/
FoamFile
{
    version     2.0;
    format      ascii;
    arch        "LSB;label=32;scalar=64";
    class       labelList;
    location    "constant/domain6/polyMesh";
    object      cellRegionAddressing;
}
// * * * * * * * * * * * * * * * * * * * * * * * * * * * * * * * * * * * * * //


1762
(
38
53
54
70
74
86
89
90
106
222
257
261
373
392
626
1142
1147
1148
1161
1166
1168
1178
1184
1188
1198
1204
1210
1214
1215
1227
1228
1234
1248
1253
1254
1261
1267
1276
1279
1281
1550
2013
2558
2912
2936
3420
3579
4148
4158
4184
4186
4195
4196
4213
4214
4218
4232
4239
4240
4249
4270
4290
4310
4326
4333
4334
4342
4362
4365
4387
4396
4403
4410
4411
4412
4415
4416
4420
4425
4430
4435
4436
4437
4443
4447
4448
4452
4455
4473
4474
4476
4481
4483
4486
4528
4547
4549
4550
4554
4555
4557
4570
4574
4576
4582
4594
4595
4600
4604
4610
4614
4624
4627
4628
4630
4636
4646
4647
4662
4667
4676
4679
4682
4694
4707
4709
4726
4728
4749
4759
4764
4768
4770
4781
4784
4791
4793
4795
4797
4810
4834
5167
5287
5619
5934
5935
6540
6689
6938
7554
7843
8176
8577
8746
9116
9711
10520
10692
11503
11697
11703
11705
11706
11729
11737
11742
11743
11746
11748
11759
11785
11786
11787
11789
11794
11799
11800
11812
11813
11814
11815
11816
11819
11820
11822
11825
11833
11836
11842
11857
11862
11876
11905
11941
11943
11948
11967
11987
11988
11997
12002
12007
12009
12019
12020
12035
12042
12050
12101
12108
12109
12111
12121
12127
12128
12142
12143
12155
12159
12160
12162
12170
12180
12181
12184
12188
12193
12195
12196
12204
12205
12206
12215
12216
12218
12227
12231
12233
12246
12282
12298
12308
12314
12319
12321
12324
12333
12335
12339
12342
12344
12345
12346
12354
12358
12359
12361
12376
12392
12405
12412
12413
12448
12450
12455
12464
12474
12483
12495
12501
12502
12508
12521
12531
12534
12538
12542
12545
12549
12552
12553
12559
12560
12576
12581
12582
12590
12598
12601
12602
12616
12620
12633
12635
12639
12658
12667
12676
12719
12727
12728
12753
12755
12757
12765
12767
12768
12779
12784
12789
12801
12807
12820
12827
12829
12834
12840
12864
12900
12906
12907
12915
12920
12924
12929
12930
12932
12936
12938
12954
12964
12970
12978
12997
13005
13007
13025
13027
13030
13042
13070
13074
14111
14584
14835
14966
15739
15983
16179
16612
16919
17372
17559
19263
19811
19858
19946
20405
20513
20678
21075
21106
21109
21188
21193
21267
21278
21279
21316
21330
21396
21402
21416
21462
21463
21464
21483
21487
21508
21562
21564
21573
21580
21591
21605
21607
21627
21628
21646
21688
21692
21707
21719
21726
21768
21770
21787
21792
21799
21815
21822
21828
21847
21849
21851
21861
21868
21896
21900
21901
21915
21917
21928
21930
21937
21938
21941
21943
21946
21950
21952
21969
21970
21971
21975
21982
21983
21986
21997
22002
22008
22012
22016
22043
22055
22058
22059
22060
22070
22071
22076
22098
22110
22114
22136
22141
22152
22171
22172
22175
22177
22198
22207
22209
22212
22219
22222
22223
22230
22233
22238
22262
22270
22273
22274
22276
22301
22307
22321
22324
22339
22341
22346
22357
22358
22360
22361
22363
22364
22365
22368
22391
22395
22400
22402
22403
22411
22415
22417
22425
22429
22430
22432
22436
22439
22454
22459
22464
22465
22466
22468
22476
22482
22492
22503
22504
22508
22512
22517
22518
22519
22520
22526
22530
22550
22552
22553
22567
22568
22570
22571
22577
22580
22608
22615
22618
22628
22629
22634
22637
22643
22654
22655
22657
22659
22664
22669
22693
22694
22709
22710
22711
22712
22714
22717
22721
22722
22735
22742
22744
22747
22752
22753
22755
22758
22761
22763
22769
22778
22781
22807
22810
22823
22825
22831
22835
22844
22850
22851
22856
22857
22864
22883
22884
22885
22886
22891
22893
22894
22906
22917
22923
22944
22945
22946
22954
22958
22962
22967
22970
22984
22992
22996
23003
23008
23016
23022
23031
23043
23062
23067
23069
23070
23089
23108
23117
23130
23135
23142
23146
23152
23155
23175
23190
23210
23216
23252
23293
23309
23398
23440
23454
23459
23471
23482
23520
23558
23560
23583
23606
23621
23634
23680
23704
23712
23714
23738
23765
23775
23806
23823
23827
23846
23904
23922
23934
23947
23974
23980
23984
23990
23991
24009
24016
24033
24040
24073
24089
24096
24097
24109
24155
24209
24219
24243
24245
24247
24248
24254
24349
24354
24355
24368
24369
24373
24390
24393
24394
24413
24424
24451
24458
24460
24465
24487
24500
24508
24524
24525
24528
24538
24556
24558
24568
24576
24580
24584
24619
24625
24637
24680
24708
24711
24747
24751
24766
24784
24795
24839
24852
24862
24866
24875
24898
24905
24909
24920
24943
25019
25041
25051
25059
25091
25105
25109
25125
25150
25167
25168
25186
25206
25214
25221
25226
25265
25271
25273
25313
25347
25359
25368
25377
25408
25429
25433
25442
25449
25466
25503
25559
25574
25608
25640
25667
25688
25689
25690
25692
25724
25727
25737
25738
25749
25768
25775
25820
25824
25895
25906
25927
25937
25940
25941
25947
26016
26022
26079
26081
26084
26097
26109
26123
26137
26143
26177
26178
26227
26234
26244
26267
26282
26328
26356
26375
26377
26404
26435
26436
26439
26447
26456
26462
26564
26566
26595
26614
26635
26644
26705
26721
26769
26772
26787
26850
26900
26915
26936
26964
26982
26999
27035
27059
27064
27071
27150
27181
27184
27215
27251
27257
27262
27300
27328
27340
27370
27371
27398
27399
27403
27426
27430
27456
27475
27477
27478
27484
27489
27500
27508
27513
27637
27672
27700
27702
27714
27720
27725
27737
27742
27776
27784
27796
27800
27818
27844
27865
27871
27877
27914
27920
27936
27944
27948
27951
27957
27976
27992
28034
28060
28061
28064
28067
28076
28089
28108
28123
28135
28150
28154
28165
28176
28190
28221
28227
28231
28232
28238
28279
28291
28298
28299
28300
28314
28317
28325
28338
28348
28364
28365
28389
28393
28405
28430
28451
28459
28488
28489
28500
28509
28522
28541
28548
28572
28586
28589
28598
28606
28616
28628
28633
28637
28645
28646
28650
28656
28667
28697
28698
28745
28779
28791
28794
28844
28893
28896
28943
28950
28955
28964
28966
29015
29017
29047
29087
29108
29172
29177
29187
29211
29224
29253
29256
29279
29291
29301
29338
29367
29369
29385
29414
29421
29434
29455
29538
29540
29554
29573
29593
29602
29639
29648
29665
29666
29703
29728
29737
29740
29741
29766
29817
29819
29861
29863
29870
29873
29907
29931
29936
29939
29942
29948
29950
29958
29969
29984
29986
29994
29998
30029
30031
30037
30043
30056
30065
30085
30098
30100
30116
30126
30139
30172
30178
30195
30196
30225
30231
30249
30260
30284
30286
30287
30304
30306
30334
30349
30376
30388
30403
30417
30446
30465
30491
30501
30502
30521
30550
30551
30591
30624
30723
30755
30786
30791
30800
30802
30804
30828
30843
30855
30858
30875
30877
30884
30885
30889
30891
30910
30912
30938
30952
30954
30959
30963
30966
30975
30978
30985
30986
30998
31008
31009
31019
31022
31023
31026
31071
31072
31104
31114
31118
31122
31136
31139
31141
31169
31170
31177
31178
31186
31200
31201
31206
31217
31244
31247
31248
31257
31281
31285
31287
31303
31304
31341
31372
31376
31380
31383
31390
31396
31409
31413
31437
31442
31443
31448
31456
31478
31490
31493
31522
31531
31532
31534
31539
31541
31569
31573
31578
31584
31585
31586
31591
31598
31603
31604
31607
31608
31610
31613
31649
31652
31653
31654
31655
31656
31659
31671
31679
31687
31689
31691
31699
31723
31725
31727
31732
31733
31744
31745
31760
31776
31783
31799
31807
31808
31816
31819
31821
31829
31835
31851
31866
31867
31875
31876
31878
31887
31888
31891
31893
31895
31900
31903
31904
31905
31907
31925
31943
31946
31948
31949
31962
31969
31970
31975
31982
31997
32012
32014
32015
32017
32036
32039
32051
32057
32060
32074
32081
32083
32086
32090
32091
32096
32097
32106
32117
32124
32135
32139
32144
32158
32161
32163
32164
32168
32171
32181
32183
32189
32192
32197
32207
32212
32219
32224
32230
32231
32232
32234
32236
32237
32240
32246
32247
32250
32254
32258
32261
32264
32267
32268
32278
32281
32284
32287
32298
32300
32302
32307
32308
32324
32325
32330
32332
32336
32341
32353
32354
32355
32359
32360
32361
32367
32369
32376
32387
32389
32395
32399
32408
32413
32414
32416
32419
32420
32422
32423
32424
32431
32432
32436
32444
32448
32449
32451
32459
32460
32466
32470
32479
32481
32487
32493
32496
32498
32506
32512
32517
32521
32523
32526
32531
32533
32543
32546
32553
32554
32557
32558
32574
32590
32601
32603
32604
32606
32613
32618
32619
32624
32630
32641
32643
32647
32673
32681
32694
32695
32700
32702
32703
32706
32711
32712
32729
32734
32738
32739
32742
32750
32752
32753
32763
32766
32768
32798
32832
32834
32836
32841
32845
32850
32853
32858
32866
32867
32868
32872
32885
32887
32925
32932
32964
32975
32986
32988
32990
32996
33009
33013
33048
33061
33084
33100
33104
33105
33157
33167
33172
33179
33216
33290
33293
33299
33310
33316
33318
33329
33352
33358
33359
33385
33409
33414
33433
33444
33470
33483
33568
33581
33602
33640
33645
33684
33694
33696
33704
33717
33719
33745
33753
33755
33777
33829
33864
33892
33923
33956
33958
33991
33998
34013
34022
34049
34097
34112
34115
34130
34196
34230
34234
34253
34276
34278
34330
34335
34380
34393
34395
34402
34419
34427
34507
34523
34556
34579
34582
34594
34607
34608
34624
34631
34635
34654
34666
34692
34693
34746
34753
34766
34786
34788
34849
34854
34855
34876
34884
34923
34936
34960
34962
34983
35015
35017
35021
35027
35032
35035
35047
35052
35055
35058
35066
35080
35133
35145
35201
35250
35251
35266
35268
35270
35279
35326
35409
35448
35454
35471
35472
35473
35519
35556
35558
35573
35578
35676
35684
35687
35691
35695
35727
35736
35775
35779
35784
35811
35859
35860
35874
35879
35905
35924
35938
35964
35995
36003
36031
36032
36037
36046
36062
36080
36090
36111
36118
36124
36139
36148
36152
36177
36199
36202
36226
36243
36244
36269
36292
36299
36337
36368
36411
36421
36423
36429
36486
36522
36655
36673
36676
36690
36692
36694
36699
36724
36749
36753
36772
36800
36817
36818
36845
36871
36873
36877
36887
36892
36894
36909
36911
36919
36921
36926
36940
36949
36982
36987
37008
37022
37046
37069
37100
37106
37108
37121
37142
37165
37192
37201
37239
37246
37252
37271
37279
37333
37334
37356
37366
37417
37422
37425
37428
37430
37558
37584
37605
37626
37634
37636
37685
37689
37691
37694
37708
37714
38268
38540
39096
39377
39469
39512
40012
40019
40029
40037
40043
40047
40052
40057
40059
40062
40063
40067
40068
40069
40070
40072
40075
40086
40087
40097
40105
40114
40116
40119
40122
40123
40135
40142
40158
40164
40165
40170
40174
40176
40184
40191
40199
40203
40216
40231
40312
40342
40355
40546
40571
40592
40610
40733
40823
40834
40922
40952
40959
40992
41067
41094
41114
41180
41223
41263
41290
41333
41536
41550
41580
41588
41700
41742
41771
41794
41834
41873
41938
42004
42019
42052
42076
42151
42194
42195
42207
42222
42238
42319
42361
42369
42422
42491
42503
42582
42595
42632
42640
42783
42825
42871
42909
42925
43001
43002
43107
43130
43206
43261
43313
43314
43398
43464
43520
43521
43638
43786
43882
)


// ************************************************************************* //
