/*--------------------------------*- C++ -*----------------------------------*\
| =========                 |                                                 |
| \\      /  F ield         | OpenFOAM: The Open Source CFD Toolbox           |
|  \\    /   O peration     | Version:  2512                                  |
|   \\  /    A nd           | Website:  www.openfoam.com                      |
|    \\/     M anipulation  |                                                 |
\*---------------------------------------------------------------------------*/
FoamFile
{
    version     2.0;
    format      ascii;
    arch        "LSB;label=32;scalar=64";
    class       labelList;
    location    "constant/domain6/polyMesh";
    object      faceRegionAddressing;
}
// * * * * * * * * * * * * * * * * * * * * * * * * * * * * * * * * * * * * * //


4027
(
150
151
152
153
210
211
213
214
215
216
217
276
277
278
291
292
293
338
339
340
350
352
353
354
355
356
411
412
850
851
852
985
986
987
1000
1001
1425
1426
1427
1428
1500
1501
1502
2386
2387
2388
2389
4295
4296
4297
4298
4314
4315
4316
4318
4319
4365
4366
4367
4368
4384
4385
4386
4390
4391
4392
4393
4424
4444
4445
4446
4458
4459
4490
4491
4492
4493
4512
4513
4515
4535
4536
4549
4550
4551
4552
4553
4554
4555
4599
4600
4601
4602
4603
4604
4605
4623
4625
4672
4673
4674
4675
4688
4689
4690
4691
4692
4715
4717
4718
4739
4740
4741
4742
4773
4774
4775
4784
4785
4786
4792
5761
5762
5763
7402
7403
7404
9351
9352
9353
10591
10592
10593
10594
10669
10670
10671
10672
12335
12336
12337
12873
12874
12875
12876
14826
14827
14828
14829
14864
14865
14955
14956
14957
14958
14962
14963
14965
14990
14991
14993
14994
14995
15055
15056
15057
15058
15059
15061
15073
15074
15075
15118
15119
15120
15121
15144
15145
15146
15147
15148
15149
15175
15176
15242
15243
15244
15245
15314
15315
15317
15382
15384
15435
15436
15437
15438
15460
15461
15462
15463
15464
15490
15491
15492
15563
15564
15565
15566
15575
15576
15652
15653
15654
15655
15687
15688
15689
15711
15712
15713
15714
15733
15734
15735
15736
15737
15739
15740
15741
15742
15751
15752
15753
15754
15755
15757
15769
15770
15771
15786
15787
15801
15802
15817
15818
15819
15820
15821
15822
15823
15824
15825
15826
15827
15842
15844
15845
15857
15859
15860
15861
15873
15874
15883
15884
15885
15886
15938
15940
15941
15942
15943
15944
15949
15950
15951
15952
15968
15969
15970
15975
15984
15985
16133
16134
16135
16136
16201
16202
16203
16204
16208
16209
16210
16211
16212
16213
16225
16227
16228
16229
16230
16234
16235
16236
16237
16280
16281
16283
16291
16292
16297
16298
16299
16300
16314
16315
16316
16359
16360
16361
16362
16363
16364
16378
16380
16390
16391
16392
16412
16413
16414
16426
16427
16428
16429
16456
16457
16458
16459
16467
16469
16470
16471
16473
16478
16479
16480
16501
16532
16533
16534
16535
16537
16538
16577
16578
16579
16596
16597
16598
16599
16627
16628
16629
16637
16638
16648
16649
16650
16691
16692
16693
16734
16740
16741
16795
16796
16797
16798
16803
16804
16805
16871
16873
16874
16904
16905
16906
16907
16920
16921
16933
16934
16935
16936
16941
16943
16971
16972
16973
16982
16983
16984
16985
17004
17005
17006
17010
17011
17015
17016
17017
17023
17024
17066
17067
17068
17069
17144
17145
18202
18203
18603
18604
19675
19676
19677
20713
20714
20716
20717
20718
22704
22705
22706
23181
23182
23183
23992
23993
23994
25941
25942
25943
26885
26886
26887
27908
27909
27910
29111
29112
29113
29603
29604
29605
29606
30688
30689
30691
32482
32483
32484
32485
34867
34868
34869
34870
35359
35360
35361
37616
37617
38154
38155
38157
38174
38176
38179
38180
38181
38182
38183
38184
38246
38248
38249
38269
38270
38271
38283
38284
38285
38286
38287
38288
38289
38294
38295
38299
38301
38327
38328
38397
38398
38399
38400
38401
38402
38403
38404
38405
38406
38407
38412
38413
38427
38428
38442
38443
38444
38445
38446
38447
38480
38482
38483
38484
38485
38486
38487
38488
38489
38490
38491
38492
38493
38495
38496
38502
38503
38504
38505
38506
38510
38511
38512
38518
38519
38520
38545
38546
38547
38554
38555
38556
38573
38574
38612
38613
38614
38615
38630
38631
38670
38671
38672
38759
38760
38761
38851
38852
38853
38858
38859
38860
38872
38873
38874
38919
38920
38921
38972
38973
38974
38995
38996
38997
38998
39010
39011
39025
39026
39027
39028
39032
39033
39052
39053
39054
39094
39095
39096
39117
39118
39119
39142
39143
39144
39265
39266
39267
39282
39283
39284
39285
39286
39290
39291
39292
39293
39318
39319
39320
39330
39331
39333
39334
39335
39336
39369
39370
39371
39372
39373
39374
39375
39400
39401
39402
39409
39410
39411
39412
39413
39414
39418
39419
39436
39464
39465
39466
39467
39468
39469
39474
39475
39476
39484
39485
39486
39496
39497
39498
39503
39504
39505
39506
39507
39508
39509
39524
39525
39526
39527
39528
39529
39551
39552
39553
39554
39555
39556
39557
39558
39562
39563
39564
39585
39586
39587
39588
39595
39596
39599
39600
39639
39641
39642
39736
39737
39772
39773
39774
39775
39803
39804
39822
39823
39833
39834
39835
39840
39841
39842
39849
39850
39879
39880
39881
39882
39887
39888
39899
39900
39908
39909
39910
39911
39914
39915
39916
39917
39918
39919
39920
39921
39922
39942
39943
39944
39954
39955
39956
39957
39958
39959
39961
39964
39965
39997
39998
39999
40035
40036
40063
40064
40065
40082
40083
40084
40086
40188
40189
40190
40191
40195
40196
40197
40210
40211
40212
40239
40240
40241
40242
40268
40269
40270
40289
40290
40291
40292
40317
40318
40319
40320
40332
40333
40335
40351
40352
40353
40387
40388
40417
40418
40419
40420
40434
40435
40444
40445
40446
40453
40454
40455
40463
40464
40466
40467
40468
40469
40470
40488
40489
40490
40491
40492
40530
40538
40539
40540
40541
40542
40543
40544
40545
40568
40569
40592
40593
40597
40598
40599
40600
40635
40636
40637
40638
40644
40646
40647
40674
40675
40677
40678
40680
40686
40687
40688
40727
40728
40729
40750
40751
40752
40753
40779
40780
40884
40885
40886
40900
40901
40902
40903
40904
40905
40906
40971
40972
40973
40976
40977
40982
40983
41005
41009
41010
41011
41012
41013
41014
41015
41037
41038
41039
41048
41049
41065
41067
41068
41098
41099
41114
41115
41116
41146
41162
41163
41164
41165
41168
41169
41170
41182
41183
41196
41197
41256
41257
41258
41259
41360
41361
41362
41376
41377
41379
41380
41381
41382
41405
41406
41419
41420
41421
41429
41430
41431
41443
41444
41445
41446
41451
41452
41453
41454
41463
41464
41468
41469
41513
41514
41539
41540
41541
41554
41555
41571
41572
41623
41624
41644
41645
41646
41647
41652
41653
41654
41695
41696
41701
41702
41703
41710
41711
41712
41713
41742
41743
41828
41829
41839
41840
44520
44521
44522
45753
45754
45755
46385
46386
46704
46705
46706
48554
48555
48556
48557
49123
49124
49125
49610
49611
49612
50622
50623
50624
50625
51408
52430
52431
52432
52864
52865
52866
56500
56501
56502
56503
57622
57623
57624
57716
57718
57719
57891
58792
58793
58794
58996
58997
58998
59312
59313
59314
60055
60056
60057
60058
60116
60117
60125
60126
60285
60286
60287
60288
60295
60296
60447
60448
60449
60472
60473
60474
60475
60476
60546
60547
60548
60571
60572
60573
60574
60703
60704
60705
60715
60716
60739
60740
60741
60825
60826
60827
60828
60829
60830
60831
60832
60833
60863
60864
60865
60871
60872
60873
60913
61024
61025
61027
61028
61029
61030
61046
61065
61066
61078
61079
61080
61081
61110
61114
61115
61116
61154
61155
61157
61159
61160
61196
61197
61198
61275
61276
61277
61278
61285
61286
61287
61322
61323
61324
61325
61351
61352
61353
61371
61373
61448
61449
61453
61454
61487
61488
61499
61508
61509
61510
61543
61544
61545
61562
61563
61564
61573
61574
61616
61617
61618
61619
61621
61622
61623
61626
61650
61651
61652
61668
61714
61715
61716
61717
61725
61726
61728
61729
61730
61759
61760
61764
61765
61790
61791
61792
61807
61808
61809
61810
61811
61818
61819
61822
61823
61824
61825
61831
61832
61833
61840
61841
61842
61845
61846
61847
61879
61880
61882
61883
61884
61885
61886
61887
61893
61894
61905
61906
61907
61908
61909
61910
61911
61917
61918
61937
61943
61956
61957
61961
61962
61963
61964
61975
61976
62034
62052
62057
62058
62059
62060
62061
62062
62063
62064
62065
62084
62085
62086
62087
62088
62089
62098
62099
62100
62137
62138
62157
62158
62159
62164
62165
62207
62208
62209
62219
62220
62240
62276
62277
62278
62279
62280
62281
62285
62286
62287
62291
62292
62293
62325
62326
62327
62342
62343
62346
62347
62348
62349
62353
62354
62355
62368
62369
62370
62376
62377
62378
62379
62398
62399
62400
62405
62406
62413
62414
62415
62464
62465
62480
62481
62482
62486
62487
62488
62489
62490
62495
62496
62497
62554
62567
62568
62569
62598
62599
62626
62627
62628
62632
62633
62642
62643
62666
62667
62668
62669
62670
62672
62673
62674
62675
62676
62681
62682
62683
62684
62686
62687
62688
62694
62695
62696
62740
62742
62743
62750
62751
62752
62761
62762
62763
62764
62768
62769
62770
62771
62772
62773
62774
62784
62785
62789
62790
62793
62794
62796
62814
62815
62822
62823
62824
62825
62826
62827
62828
62832
62833
62834
62835
62841
62842
62843
62849
62873
62874
62884
62885
62895
62896
62897
62898
62899
62900
62901
62904
62905
62906
62920
62921
62929
62945
62946
62947
62966
62967
62968
62969
62975
62976
62983
62984
62985
62993
62994
62995
62996
62998
62999
63000
63001
63002
63011
63012
63020
63021
63022
63057
63058
63059
63060
63063
63064
63065
63066
63067
63068
63086
63087
63088
63089
63090
63091
63092
63095
63096
63097
63098
63100
63112
63113
63114
63118
63119
63171
63172
63173
63185
63186
63188
63192
63193
63194
63211
63212
63213
63214
63215
63216
63217
63224
63225
63226
63228
63229
63230
63231
63235
63236
63237
63254
63255
63258
63260
63265
63266
63267
63276
63277
63278
63288
63289
63290
63325
63326
63327
63328
63354
63356
63357
63358
63359
63360
63361
63362
63366
63367
63374
63378
63379
63380
63381
63382
63383
63384
63411
63412
63426
63427
63430
63431
63436
63437
63446
63447
63448
63449
63450
63452
63453
63454
63459
63460
63461
63464
63465
63468
63480
63481
63491
63492
63497
63498
63541
63544
63562
63563
63564
63568
63569
63573
63579
63580
63595
63596
63608
63609
63610
63612
63618
63619
63621
63631
63632
63633
63669
63670
63671
63672
63673
63675
63676
63677
63684
63685
63686
63690
63691
63692
63693
63694
63695
63716
63718
63734
63735
63736
63746
63782
63783
63784
63785
63786
63787
63788
63789
63790
63802
63803
63804
63812
63813
63814
63819
63832
63833
63838
63839
63840
63862
63863
63875
63876
63877
63878
63883
63884
63885
63897
63898
63916
63917
63929
63930
63948
63949
63950
63951
63977
63978
64008
64009
64018
64019
64020
64021
64024
64025
64026
64027
64028
64057
64089
64090
64106
64129
64130
64135
64136
64137
64149
64157
64158
64159
64169
64170
64171
64178
64179
64214
64215
64242
64243
64271
64272
64273
64282
64283
64284
64334
64335
64405
64406
64433
64434
64578
64579
64580
64665
64666
64667
64668
64693
64694
64703
64704
64740
64741
64742
64806
64874
64875
64881
64931
64932
64933
64934
64979
64980
65108
65148
65149
65162
65163
65164
65166
65212
65213
65265
65266
65282
65349
65350
65351
65375
65376
65385
65386
65387
65537
65538
65539
65573
65574
65575
65601
65620
65621
65678
65679
65680
65689
65690
65696
65697
65704
65705
65706
65707
65708
65709
65740
65752
65753
65754
65790
65792
65805
65806
65807
65878
65879
65908
65909
65922
65923
65925
65946
65947
65948
65949
66032
66033
66034
66035
66126
66127
66148
66188
66189
66190
66191
66193
66194
66199
66200
66201
66202
66210
66389
66390
66391
66398
66399
66400
66401
66402
66403
66404
66429
66431
66432
66439
66440
66468
66470
66476
66477
66478
66479
66518
66519
66520
66540
66541
66591
66592
66603
66605
66606
66613
66614
66652
66653
66654
66672
66673
66687
66712
66713
66714
66715
66716
66717
66718
66719
66723
66724
66725
66741
66742
66770
66774
66791
66792
66806
66812
66813
66814
66820
66886
66887
66888
66901
66923
66924
67008
67009
67010
67011
67059
67061
67062
67068
67069
67142
67143
67149
67150
67151
67179
67180
67205
67206
67207
67224
67225
67305
67306
67307
67325
67326
67345
67347
67355
67357
67377
67378
67422
67437
67438
67444
67445
67460
67461
67462
67634
67635
67636
67681
67697
67698
67706
67707
67708
67763
67764
67765
67795
67796
67800
67816
67817
67853
67877
67878
67879
67880
67881
67904
67928
67929
67941
67942
67943
67957
67958
67959
67963
68020
68021
68022
68023
68035
68036
68039
68103
68104
68145
68146
68147
68148
68163
68164
68165
68174
68175
68176
68177
68195
68196
68255
68256
68284
68290
68292
68305
68306
68316
68317
68345
68396
68481
68506
68507
68566
68567
68568
68619
68657
68679
68681
68682
68683
68684
68685
68686
68691
68692
68739
68740
68742
68746
68758
68759
68777
68778
68809
68822
68823
68899
68900
68905
69016
69017
69019
69034
69035
69064
69065
69081
69086
69087
69088
69099
69216
69217
69218
69226
69292
69293
69298
69299
69319
69337
69338
69339
69361
69362
69382
69383
69393
69394
69441
69442
69443
69444
69445
69527
69536
69537
69558
69596
69597
69625
69626
69710
69711
69712
69766
69802
69803
69804
69805
69806
69851
69902
69906
69907
69908
69935
69936
69944
70128
70129
70130
70187
70188
70221
70222
70223
70254
70255
70256
70268
70269
70270
70376
70377
70378
70401
70402
70496
70497
70617
70619
70691
70692
70693
70719
70720
70751
70752
70753
70799
70800
70801
70829
70830
70859
70860
70861
70921
70922
70923
70963
70964
70969
70970
70985
70986
70988
71117
71118
71180
71183
71245
71246
71294
71301
71311
71312
71374
71440
71441
71482
71484
71486
71487
71520
71521
71522
71529
71531
71560
71561
71562
71565
71566
71604
71605
71629
71630
71631
71638
71639
71645
71646
71647
71658
71659
71669
71671
71675
71838
71884
71885
71886
71922
71923
71924
71945
71955
71959
71960
71961
71979
71980
71981
71983
72040
72059
72060
72066
72067
72082
72113
72114
72145
72146
72153
72154
72155
72156
72217
72218
72225
72239
72240
72249
72250
72256
72257
72261
72262
72263
72269
72270
72297
72319
72321
72322
72377
72378
72411
72412
72414
72419
72423
72425
72426
72458
72459
72482
72498
72515
72516
72537
72538
72540
72541
72550
72551
72552
72570
72592
72594
72646
72647
72660
72661
72662
72673
72674
72742
72743
72744
72756
72757
72766
72767
72768
72769
72770
72771
72790
72795
72796
72828
72846
72847
72870
72871
72872
72873
72903
72904
72905
72911
72912
72929
72930
72968
72969
72996
72997
73001
73002
73034
73035
73036
73037
73058
73059
73060
73077
73096
73097
73106
73151
73152
73153
73155
73156
73166
73167
73183
73193
73194
73195
73216
73217
73229
73230
73244
73246
73247
73251
73252
73253
73262
73263
73278
73279
73323
73324
73325
73326
73394
73395
73396
73448
73449
73450
73467
73468
73474
73550
73551
73552
73631
73632
73635
73699
73700
73710
73711
73715
73716
73717
73739
73812
73813
73814
73816
73932
73933
73967
73968
74058
74067
74084
74085
74086
74121
74122
74139
74180
74181
74184
74217
74237
74250
74251
74308
74349
74350
74352
74378
74379
74414
74415
74424
74444
74473
74474
74587
74588
74611
74612
74644
74677
74678
74695
74759
74760
74770
74893
74896
74897
74935
74936
74993
74996
74997
75051
75052
75053
75056
75058
75059
75068
75069
75116
75148
75149
75156
75157
75161
75164
75165
75174
75175
75182
75184
75194
75195
75210
75213
75222
75225
75227
75265
75266
75268
75270
75281
75287
75288
75301
75302
75303
75312
75335
75350
75351
75352
75376
75377
75386
75406
75407
75408
75447
75456
75474
75475
75507
75512
75533
75547
75548
75578
75580
75598
75599
75601
75602
75627
75628
75643
75665
75666
75667
75683
75684
75685
75705
75706
75725
75752
75773
75775
75798
75799
75800
75813
75814
75816
75859
75946
76058
76088
76089
76129
76130
76135
76136
76140
76175
76192
76203
76204
76208
76227
76228
76239
76246
76247
76262
76263
76264
76266
76312
76313
76323
76324
76325
76342
76344
76353
76371
76372
76380
76395
76398
76466
76467
76468
76509
76519
76526
76527
76529
76531
76551
76556
76557
76559
76591
76592
76596
76597
76603
76616
76617
76623
76624
76640
76641
76675
76676
76677
76679
76680
76682
76715
76720
76724
76725
76726
76811
76812
76818
76836
76837
76849
76855
76856
76884
76885
76893
76905
76906
76929
76943
76947
76986
76998
77001
77005
77006
77008
77009
77042
77043
77053
77054
77061
77062
77063
77069
77076
77077
77078
77082
77083
77084
77086
77087
77089
77094
77133
77134
77135
77136
77137
77138
77139
77142
77143
77153
77165
77178
77181
77182
77188
77189
77213
77215
77219
77230
77231
77278
77279
77280
77305
77306
77307
77322
77323
77328
77329
77343
77344
77351
77374
77375
77400
77401
77408
77409
77410
77413
77414
77425
77426
77427
77428
77429
77431
77432
77435
77441
77442
77445
77446
77447
77448
77449
77451
77471
77472
77494
77495
77497
77498
77499
77512
77513
77526
77528
77535
77545
77559
77560
77563
77564
77565
77567
77568
77588
77589
77605
77606
77611
77613
77614
77635
77636
77651
77657
77658
77665
77666
77667
77677
77678
77690
77691
77702
77720
77724
77728
77751
77752
77756
77761
77762
77765
77775
77779
77780
77786
77787
77788
77791
77792
77798
77813
77814
77820
77828
77829
77830
77843
77844
77845
77846
77847
77848
77850
77851
77852
77854
77855
77863
77865
77866
77872
77873
77874
77879
77883
77887
77892
77893
77904
77908
77909
77913
77917
77926
77928
77929
77934
77957
77965
77966
77967
77968
77973
77980
77981
77994
77997
77998
78008
78017
78018
78034
78041
78044
78053
78054
78059
78061
78062
78068
78069
78072
78073
78074
78080
78081
78088
78099
78100
78103
78104
78105
78107
78108
78117
78118
78119
78120
78123
78124
78125
78130
78131
78138
78145
78151
78152
78155
78156
78157
78158
78165
78166
78173
78178
78179
78180
78182
78183
78184
78194
78209
78210
78222
78228
78229
78230
78249
78268
78286
78287
78288
78289
78290
78291
78298
78299
78300
78303
78304
78311
78312
78335
78343
78372
78383
78403
78404
78405
78407
78408
78409
78410
78411
78423
78436
78442
78447
78448
78453
78454
78461
78464
78472
78474
78475
78476
78563
78566
78571
78578
78579
78580
78581
78582
78583
78585
78586
78587
78596
78598
78599
78639
78674
78681
78682
78697
78698
78701
78705
78721
78728
78767
78778
78779
78804
78805
78825
78829
78830
78831
79028
79030
79036
79047
79073
79074
79099
79104
79129
79188
79189
79217
79218
79232
79321
79322
79350
79388
79425
79426
79440
79442
79474
79508
79509
79510
79539
79588
79589
79712
79716
79788
79827
79828
80027
80028
80130
80184
80191
80208
80283
80337
80361
80412
80447
80481
80482
80550
80586
80587
80591
80671
80672
80673
80695
80737
80738
80763
80809
80823
80836
80837
80842
80907
80919
80920
80959
81001
81009
81010
81011
81017
81265
81274
81276
81392
81393
81429
81437
81466
81471
81477
81548
81549
81608
81609
81631
81698
81703
81758
81764
81774
81787
81801
81815
81830
81831
81854
81871
81889
81890
81906
81914
81915
81965
82004
82081
82101
82226
82227
82228
82229
82272
82283
82316
82335
82336
82356
82357
82394
82400
82402
82408
82427
82428
82465
82479
82532
82571
82607
82608
82609
82638
82751
82827
82829
82831
82956
82972
82988
82997
83027
83028
84390
84424
84767
84773
84774
84802
84808
84832
84839
84854
84878
84956
85110
85120
85283
85284
85431
85432
85593
85602
85626
85711
85960
86336
86949
86950
86951
86952
86953
86954
86955
86956
86957
86958
86959
86960
86961
87014
87015
87016
87017
87018
87019
87020
87021
87022
87023
87024
87025
87026
87912
87913
87915
87916
87917
87933
88108
88123
88168
88200
88225
88227
88237
88238
88243
88254
88259
88289
88294
88303
88334
88344
88353
88359
88361
88363
88383
88386
88399
88426
88455
88456
88461
88462
88465
88468
-129
212
341
351
-560
-580
-732
853
-1041
-1408
-1536
-1579
-1860
-1904
-2033
-2546
-2960
-3396
-3973
-4023
-4107
-4130
-4190
-4258
-4311
4317
-4419
-4422
4423
4514
4624
4716
4791
-4963
-5155
-5317
-5473
-5504
-5546
5760
-6125
-6563
-6703
-6856
-6901
-6991
-7172
-7330
7405
-7529
-7620
-7658
-7661
-7904
-8101
-8242
-8415
-8632
-8650
-8788
-8826
-8862
9354
-9379
-9728
-9883
-11195
-11320
-11624
-11753
-11900
-12084
-12139
-12252
-12284
-12453
-12770
-13195
-13272
-13776
-13815
-13940
-14022
-14082
-14137
-14230
-14319
-14340
-14440
-14466
-14599
14863
14964
14992
15060
15143
15174
-15200
15316
-15347
15383
15465
15489
15577
15738
15756
-15774
15843
15858
-15901
15939
-15974
15976
16226
16282
16379
16468
16472
16500
16536
16639
16733
-16735
16739
16872
16922
16942
-16955
17022
-17059
-17078
-17124
-17130
17143
-17182
-17302
-18020
-18029
18204
-18436
-18586
-18862
-19160
-19268
-19413
-19493
19678
-20252
-20479
-20541
-20542
20715
-20793
-20864
-20925
-21261
-21295
-21312
-21323
-21356
-21402
-21483
-21566
-21581
-21639
-21665
-21702
-21736
-23471
-24098
-24141
-24289
-24380
-25388
-25578
-25740
-25904
-26057
-26094
-26128
-26167
-26206
-26287
-26342
-26479
-26493
-27483
27907
-28360
-28383
-28456
-28599
-28610
-28787
-28896
-28898
-28902
-28991
-28994
-29002
29110
-29137
-29431
-29442
-29556
-29880
-29882
-29899
-29927
-30008
-30048
-30105
-30107
-30141
-30177
-30199
-30201
-30207
-30281
-30311
-30366
-30387
-30395
-30435
-30446
-30461
-30491
-30574
-30664
30690
-30716
-30751
-30778
-30781
-30785
-30884
-30904
-31019
-31074
-31314
-31365
-31586
-31616
-31921
-32227
-32236
-32250
-32356
-32450
-32578
-32603
-32848
-33037
-33107
-33654
-34013
-34078
-34082
-35189
-35222
-35233
-35303
-35925
-36221
-36284
-36292
-36307
-36324
-36422
-36524
-36608
-36614
-36618
-36646
-36752
-36871
-36921
-36925
-37009
-37010
-37129
-37135
-37141
-37206
-37214
-37228
-37286
37615
-38092
38156
38175
38247
38300
38481
38494
38501
38572
38629
-38646
38758
-38787
38854
38971
39012
39097
39120
-39165
-39187
-39277
-39295
39332
-39387
39435
39523
39601
39640
-39687
-39689
39824
39886
39945
39960
-40023
-40081
40085
-40181
40209
40334
40433
-40557
-40590
40645
-40653
40679
40778
-40809
-40850
-40929
-40934
-40957
41004
-41027
41050
41066
-41086
41147
-41291
41378
41447
41467
41573
41622
41697
41741
-42969
-43058
-43274
-43319
-43813
-43910
-43920
-43983
-43986
-44080
-44131
-44210
-44217
-44271
-44313
-44315
-44334
-44388
-44432
-44493
-44501
-44592
-44593
-44645
-44707
-44717
-44718
-44776
-44781
-44867
-46544
-46938
-47276
-47427
-47492
-47510
-47555
-49592
-49779
-49802
-49852
-49873
-49878
-49912
-49913
-49921
-49931
-49965
-49969
-49971
-49972
-50025
-50039
-50042
-50064
-50131
-50185
-50199
-50219
-50228
-50253
-50309
-50319
-51181
-51555
-51565
-51744
-52707
52863
-53000
-53008
-53041
-53218
-53392
-53423
-53445
-53548
-53575
-53664
-53761
-54244
-54470
-55094
-55220
-55238
-55291
-55352
-55360
-55407
-55440
-55506
-55633
-55854
-55917
-55922
-55954
-55975
-56013
-56018
-56039
-56048
-56058
-56139
-56171
-56192
-56195
-56199
-56272
-56296
-56322
-56366
-56384
-56406
-56424
-56482
-56558
-56576
-56579
-56605
-56620
-56673
-56695
-56764
-57074
-57123
-57153
-57175
-57252
-57286
-57501
-57555
-57617
-57652
57717
-57732
-57817
-58124
-58139
-58161
-58333
-58676
-58872
-58938
-58955
-58965
-59473
-59627
-60767
-60799
-60804
60834
-60848
-60861
-60862
60866
-60869
-60910
-60919
-60935
-60944
-60967
-60977
-61021
-61022
-61070
-61104
61111
61156
61158
-61162
-61164
-61179
-61188
-61203
-61212
-61220
-61223
-61251
-61262
61288
61372
61450
61561
61627
61727
61789
61794
61881
61919
61974
62160
62282
62380
-62472
-62621
62671
62680
62685
-62690
-62707
-62739
62741
62791
62795
62813
62872
62922
-62923
62930
62997
63003
-63007
-63046
63099
63187
63259
-63274
63355
63375
-63424
63432
63463
63479
63493
-63504
63567
63572
63594
63611
63620
-63641
63674
63687
63717
63791
-63835
63896
-64005
64058
-64079
64107
64168
64177
64216
64702
64743
64876
64882
65036
65150
65161
65165
-65315
-65326
65425
-65582
65619
65791
65880
65924
-65926
-65968
-65987
-65994
-66102
-66118
-66142
-66171
-66180
-66192
-66228
-66242
-66248
-66249
-66251
-66289
-66346
-66371
-66381
-66394
-66424
-66425
66430
-66437
-66444
-66445
-66461
-66465
66469
-66482
-66494
-66505
-66511
-66559
66601
66604
-66607
-66647
66740
66769
66807
66815
67060
67141
67208
67346
67356
67376
67423
67446
67497
67637
67705
67818
67854
67903
68197
68291
-68326
-68348
-68349
-68365
68397
68482
68569
68656
68680
68690
68741
68821
-68830
-68928
-68931
69018
69036
-69052
69066
69080
-69229
-69285
-69287
69320
69384
-69545
69559
69627
69767
-69849
-69874
-69881
-69898
69901
69903
-69963
-70008
-70019
-70029
-70040
-70060
-70072
-70140
-70159
-70168
-70170
70186
-70201
-70228
-70277
-70289
70375
70501
70525
70618
70987
-71149
-71305
71313
71442
71483
71485
71530
-71558
71559
-71599
71670
71954
71982
72031
72041
72061
72065
72083
-72115
-72222
72255
72298
72320
-72393
72413
72420
72424
72593
72663
72672
72931
73098
73168
73182
73215
73226
73245
73327
73451
-73463
73469
-73498
73738
73811
73866
73934
-74017
-74055
-74096
74120
-74137
74140
-74145
-74158
-74162
-74166
-74279
74416
-74418
-74432
-74440
74475
-74497
-74502
74589
75057
75072
75150
75166
75183
75212
75223
75226
75269
75280
75473
75534
75581
-75673
75726
75774
-75787
-75806
75815
75858
75901
-75960
-75966
-76014
-76022
-76023
-76070
76139
-76141
76143
-76168
-76196
-76213
76240
76243
-76280
76316
-76318
-76320
-76322
-76328
76354
76396
-76512
76518
76530
76681
76819
76848
76946
-76958
-76971
76999
77010
-77014
-77016
-77017
-77032
-77034
-77058
77068
-77100
-77126
-77144
-77161
-77169
-77197
-77198
-77200
-77204
-77226
77229
77330
77434
77440
77473
77527
77536
77566
77647
77668
77757
77880
77888
77914
77930
77931
77972
77995
77996
-78037
78040
78060
78223
78285
78322
78344
78416
78471
78511
78551
78554
-78562
78565
-78570
78696
-78708
78727
78766
78806
-78807
-78882
78943
79473
79522
79892
-79981
79999
-80067
-80121
80139
-80157
-80165
-80172
80183
80300
80590
80696
80808
81275
81564
81591
81668
81694
81757
81765
-81923
82232
-82273
-82332
-82365
-82373
82509
83465
-84401
-84439
-84451
-84494
-84554
84749
84810
)


// ************************************************************************* //
