/*--------------------------------*- C++ -*----------------------------------*\
| =========                 |                                                 |
| \\      /  F ield         | OpenFOAM: The Open Source CFD Toolbox           |
|  \\    /   O peration     | Version:  2512                                  |
|   \\  /    A nd           | Website:  www.openfoam.com                      |
|    \\/     M anipulation  |                                                 |
\*---------------------------------------------------------------------------*/
FoamFile
{
    version     2.0;
    format      ascii;
    arch        "LSB;label=32;scalar=64";
    class       faceList;
    location    "constant/domain6/polyMesh";
    object      faces;
}
// * * * * * * * * * * * * * * * * * * * * * * * * * * * * * * * * * * * * * //


4027
(
3(599 565 608)
3(565 29 608)
3(599 608 29)
3(599 29 565)
3(593 103 102)
3(593 102 352)
3(593 352 103)
3(500 501 560)
3(11 501 500)
3(11 560 501)
3(11 500 560)
3(596 103 102)
3(596 593 103)
3(596 102 593)
3(103 500 596)
3(103 102 500)
3(102 596 500)
3(351 102 621)
3(102 101 621)
3(351 621 101)
3(352 621 351)
3(352 102 621)
3(351 621 543)
3(621 246 543)
3(351 543 246)
3(351 246 621)
3(352 621 543)
3(352 543 351)
3(495 547 434)
3(434 547 492)
3(495 492 547)
3(596 560 103)
3(103 560 593)
3(596 593 560)
3(500 560 103)
3(500 596 560)
3(514 605 494)
3(514 411 605)
3(494 605 411)
3(514 494 411)
3(494 585 605)
3(514 605 585)
3(514 585 494)
3(578 615 216)
3(161 216 615)
3(578 216 161)
3(578 161 615)
3(526 538 448)
3(326 448 538)
3(526 326 538)
3(526 448 326)
3(448 526 397)
3(448 397 538)
3(526 538 397)
3(481 526 397)
3(481 448 526)
3(620 315 602)
3(556 602 315)
3(556 315 620)
3(556 620 602)
3(172 620 315)
3(172 602 620)
3(172 315 602)
3(173 315 620)
3(315 530 620)
3(173 530 315)
3(173 620 530)
3(620 173 172)
3(602 437 556)
3(602 315 437)
3(437 315 556)
3(315 530 556)
3(556 530 620)
3(460 542 561)
3(542 525 561)
3(460 525 542)
3(460 561 525)
3(460 561 337)
3(338 337 561)
3(338 561 460)
3(337 542 561)
3(337 460 542)
3(542 233 561)
3(233 525 561)
3(542 525 233)
3(537 277 561)
3(133 277 537)
3(133 561 277)
3(133 537 561)
3(523 512 424)
3(302 424 512)
3(302 523 424)
3(302 512 523)
3(490 424 523)
3(490 512 424)
3(490 523 512)
3(472 523 490)
3(472 424 523)
3(521 621 100)
3(108 100 621)
3(108 621 521)
3(108 521 100)
3(521 101 621)
3(102 521 621)
3(102 101 521)
3(521 101 100)
3(101 621 100)
3(406 509 368)
3(368 509 278)
3(406 278 509)
3(145 564 588)
3(140 564 145)
3(140 145 588)
3(140 588 564)
3(145 564 288)
3(288 564 588)
3(145 288 588)
3(145 144 564)
3(564 144 140)
3(145 140 144)
3(288 144 564)
3(444 546 394)
3(394 546 443)
3(444 443 546)
3(225 45 546)
3(45 46 546)
3(225 546 46)
3(357 566 223)
3(566 122 223)
3(357 122 566)
3(353 146 562)
3(146 543 562)
3(353 562 543)
3(353 543 146)
3(352 572 374)
3(543 572 352)
3(543 374 572)
3(543 352 374)
3(529 566 223)
3(357 529 223)
3(357 566 529)
3(162 565 304)
3(615 565 162)
3(615 304 565)
3(615 162 304)
3(379 244 522)
3(533 379 522)
3(533 522 244)
3(533 244 379)
3(249 244 522)
3(379 249 522)
3(509 406 570)
3(463 406 509)
3(463 570 406)
3(463 509 570)
3(570 464 463)
3(393 464 570)
3(393 570 463)
3(368 406 570)
3(509 368 570)
3(420 520 377)
3(420 385 520)
3(377 520 385)
3(578 496 425)
3(578 523 496)
3(578 425 523)
3(425 496 523)
3(426 578 496)
3(426 425 578)
3(548 578 523)
3(548 496 578)
3(548 523 496)
3(284 488 599)
3(488 615 599)
3(284 615 488)
3(284 599 615)
3(284 256 599)
3(488 599 256)
3(528 405 358)
3(528 358 546)
3(358 405 546)
3(528 546 405)
3(268 358 528)
3(405 268 528)
3(178 45 546)
3(546 45 528)
3(178 546 528)
3(178 528 45)
3(517 383 446)
3(517 446 445)
3(517 445 383)
3(326 325 538)
3(325 448 538)
3(592 417 582)
3(592 382 417)
3(592 582 382)
3(417 382 582)
3(582 212 417)
3(592 212 582)
3(592 417 212)
3(384 417 592)
3(384 592 382)
3(308 431 574)
3(308 574 309)
3(431 309 574)
3(455 401 569)
3(511 455 569)
3(511 569 401)
3(511 401 455)
3(476 401 569)
3(455 476 569)
3(549 519 369)
3(486 519 549)
3(486 549 369)
3(486 369 519)
3(135 519 369)
3(549 519 135)
3(549 135 369)
3(407 507 557)
3(407 557 282)
3(407 282 507)
3(557 507 282)
3(470 557 407)
3(470 507 557)
3(470 407 507)
3(407 557 372)
3(372 557 282)
3(506 567 493)
3(493 567 497)
3(506 493 497)
3(506 497 567)
3(266 506 493)
3(266 493 556)
3(266 556 506)
3(506 556 493)
3(506 493 354)
3(506 354 266)
3(556 602 506)
3(602 437 506)
3(556 506 437)
3(493 354 567)
3(506 567 354)
3(556 620 506)
3(602 506 620)
3(222 556 620)
3(222 620 506)
3(222 506 556)
3(531 619 346)
3(531 203 619)
3(531 346 203)
3(203 346 619)
3(471 467 619)
3(532 467 471)
3(532 471 619)
3(532 619 467)
3(346 619 468)
3(619 345 468)
3(346 345 619)
3(471 468 619)
3(468 467 619)
3(619 468 531)
3(468 346 531)
3(471 531 619)
3(468 531 471)
3(533 414 474)
3(414 539 474)
3(533 539 414)
3(533 474 539)
3(533 413 474)
3(414 413 533)
3(418 592 618)
3(384 418 618)
3(384 618 592)
3(384 592 418)
3(378 618 418)
3(618 559 418)
3(378 418 559)
3(378 559 618)
3(418 212 618)
3(592 618 212)
3(592 212 418)
3(384 378 618)
3(212 559 418)
3(618 559 212)
3(508 567 498)
3(508 264 567)
3(508 498 264)
3(567 264 498)
3(387 612 603)
3(513 603 612)
3(387 513 612)
3(387 603 513)
3(387 555 612)
3(261 387 612)
3(261 612 555)
3(261 555 387)
3(612 603 555)
3(387 555 603)
3(245 387 612)
3(245 612 261)
3(151 603 612)
3(513 603 151)
3(513 151 612)
3(456 511 505)
3(456 505 401)
3(401 505 511)
3(456 401 511)
3(456 505 333)
3(334 333 505)
3(456 334 505)
3(511 505 333)
3(456 511 333)
3(475 505 568)
3(568 505 401)
3(475 401 505)
3(475 568 401)
3(593 572 374)
3(593 352 572)
3(593 374 352)
3(593 572 242)
3(593 242 374)
3(242 572 374)
3(352 353 572)
3(572 353 543)
3(352 543 353)
3(423 490 512)
3(423 512 424)
3(490 512 553)
3(423 490 553)
3(423 553 512)
3(490 252 553)
3(252 512 553)
3(490 512 252)
3(144 576 503)
3(503 576 617)
3(144 503 617)
3(144 617 576)
3(241 564 617)
3(576 564 241)
3(576 241 617)
3(576 617 564)
3(82 617 143)
3(143 617 144)
3(82 144 617)
3(81 617 143)
3(81 82 617)
3(241 143 617)
3(143 564 617)
3(241 564 143)
3(81 617 241)
3(197 509 340)
3(340 509 571)
3(197 340 571)
3(197 571 509)
3(198 509 340)
3(198 197 509)
3(571 340 462)
3(571 462 509)
3(462 340 509)
3(520 616 389)
3(616 157 389)
3(520 389 157)
3(520 157 616)
3(421 389 520)
3(421 616 389)
3(421 520 616)
3(389 520 377)
3(377 520 421)
3(389 616 553)
3(157 389 553)
3(157 553 616)
3(389 616 422)
3(422 616 553)
3(389 422 553)
3(422 421 616)
3(250 520 377)
3(389 520 250)
3(607 564 286)
3(241 564 607)
3(241 607 286)
3(241 286 564)
3(514 564 286)
3(607 514 286)
3(607 564 514)
3(600 312 170)
3(600 169 312)
3(600 170 169)
3(555 355 390)
3(555 390 539)
3(390 355 539)
3(555 539 355)
3(555 261 390)
3(555 355 261)
3(404 525 460)
3(460 525 537)
3(404 460 537)
3(404 537 525)
3(460 403 525)
3(404 525 403)
3(537 525 561)
3(525 277 561)
3(537 277 525)
3(410 557 585)
3(372 410 585)
3(372 585 557)
3(372 557 410)
3(494 585 557)
3(557 585 605)
3(494 557 605)
3(410 494 585)
3(410 557 494)
3(207 585 605)
3(557 585 207)
3(557 207 605)
3(494 585 375)
3(410 375 585)
3(362 229 527)
3(563 362 527)
3(563 527 229)
3(563 229 362)
3(527 128 229)
3(362 128 527)
3(305 565 304)
3(162 565 305)
3(593 352 353)
3(572 593 353)
3(258 480 552)
3(285 258 552)
3(285 552 480)
3(480 552 386)
3(258 386 552)
3(352 521 593)
3(353 593 521)
3(353 521 352)
3(375 259 607)
3(375 607 240)
3(259 240 607)
3(514 564 247)
3(247 564 286)
3(514 247 286)
3(145 588 75)
3(145 75 140)
3(75 588 140)
3(288 514 564)
3(288 564 247)
3(288 247 514)
3(563 399 527)
3(362 399 563)
3(362 527 399)
3(563 452 330)
3(563 329 452)
3(563 330 329)
3(545 179 322)
3(545 322 180)
3(545 180 179)
3(452 478 563)
3(534 452 563)
3(534 478 452)
3(534 563 478)
3(374 392 562)
3(242 562 392)
3(374 562 242)
3(574 431 491)
3(491 431 544)
3(574 491 544)
3(574 544 431)
3(544 580 219)
3(544 34 580)
3(544 219 34)
3(34 219 580)
3(374 562 543)
3(374 572 562)
3(572 543 562)
3(374 473 562)
3(473 392 562)
3(560 106 10)
3(560 10 105)
3(560 105 106)
3(106 11 560)
3(10 560 11)
3(106 596 560)
3(106 11 596)
3(596 11 560)
3(579 106 596)
3(579 560 106)
3(579 596 560)
3(458 457 518)
3(458 518 402)
3(457 402 518)
3(578 496 615)
3(426 578 615)
3(426 615 496)
3(578 284 615)
3(578 496 284)
3(284 496 615)
3(488 565 615)
3(488 615 427)
3(427 615 565)
3(488 427 565)
3(565 615 599)
3(488 565 599)
3(427 426 615)
3(488 615 426)
3(284 216 578)
3(284 615 216)
3(614 518 475)
3(614 365 518)
3(365 475 518)
3(614 475 365)
3(614 595 475)
3(518 475 595)
3(518 595 614)
3(475 568 614)
3(568 275 614)
3(475 614 275)
3(475 275 568)
3(505 614 475)
3(505 568 614)
3(505 595 475)
3(614 595 505)
3(131 275 614)
3(568 131 614)
3(568 275 131)
3(475 456 595)
3(505 456 475)
3(505 595 456)
3(454 515 331)
3(332 331 515)
3(332 515 454)
3(535 454 515)
3(535 515 331)
3(535 331 454)
3(454 569 535)
3(569 515 535)
3(454 515 569)
3(447 479 613)
3(613 479 510)
3(447 510 479)
3(447 613 510)
3(383 479 517)
3(446 517 479)
3(447 446 613)
3(613 446 479)
3(479 573 613)
3(479 510 573)
3(573 510 613)
3(573 517 479)
3(613 517 573)
3(613 479 517)
3(573 270 479)
3(573 517 270)
3(270 517 479)
3(569 511 332)
3(455 332 511)
3(455 569 332)
3(190 511 332)
3(569 190 332)
3(569 511 190)
3(476 364 569)
3(364 401 569)
3(400 534 453)
3(534 535 453)
3(400 535 534)
3(400 453 535)
3(478 400 534)
3(478 534 453)
3(535 331 534)
3(534 331 453)
3(535 453 331)
3(359 270 517)
3(383 359 517)
3(383 517 270)
3(153 550 295)
3(153 152 550)
3(550 152 295)
3(550 295 212)
3(550 212 153)
3(153 212 295)
3(550 417 212)
3(295 212 417)
3(550 295 417)
3(250 584 377)
3(520 584 250)
3(520 377 584)
3(421 420 520)
3(253 584 377)
3(250 584 253)
3(344 466 549)
3(466 532 549)
3(344 549 532)
3(344 532 466)
3(466 549 343)
3(344 343 549)
3(612 245 111)
3(513 245 612)
3(513 111 245)
3(513 612 111)
3(612 211 111)
3(612 245 211)
3(245 387 513)
3(498 493 567)
3(498 567 497)
3(268 528 124)
3(224 528 268)
3(224 124 528)
3(274 535 130)
3(230 130 535)
3(230 535 274)
3(535 569 274)
3(535 130 569)
3(274 569 130)
3(83 554 144)
3(145 144 554)
3(83 145 554)
3(503 144 554)
3(144 576 554)
3(503 554 576)
3(503 144 83)
3(503 83 554)
3(347 611 516)
3(347 469 611)
3(469 516 611)
3(347 516 469)
3(205 347 611)
3(205 516 347)
3(205 611 516)
3(611 204 347)
3(611 205 204)
3(531 346 611)
3(204 346 531)
3(204 611 346)
3(204 531 611)
3(469 346 611)
3(531 469 611)
3(531 346 469)
3(610 438 566)
3(610 530 438)
3(530 566 438)
3(610 566 530)
3(388 610 438)
3(388 438 566)
3(388 566 610)
3(438 556 610)
3(438 610 391)
3(438 391 556)
3(610 556 391)
3(438 556 530)
3(610 530 556)
3(438 556 315)
3(438 315 530)
3(610 391 388)
3(401 597 568)
3(597 364 568)
3(401 568 364)
3(401 364 597)
3(568 505 597)
3(401 597 505)
3(597 364 231)
3(231 364 568)
3(597 231 568)
3(505 58 568)
3(58 597 568)
3(505 597 58)
3(385 609 420)
3(385 520 609)
3(609 520 420)
3(385 609 540)
3(385 419 609)
3(609 419 540)
3(385 540 419)
3(609 583 385)
3(540 583 609)
3(540 385 583)
3(609 420 419)
3(609 155 385)
3(155 583 385)
3(609 583 155)
3(609 155 520)
3(385 520 155)
3(565 428 608)
3(541 565 608)
3(541 608 428)
3(541 428 565)
3(608 477 285)
3(608 552 477)
3(608 285 552)
3(285 477 552)
3(565 477 608)
3(477 428 608)
3(565 428 477)
3(552 541 30)
3(30 541 608)
3(552 608 541)
3(552 30 608)
3(608 599 477)
3(565 477 599)
3(477 256 608)
3(285 608 256)
3(442 528 319)
3(319 528 320)
3(442 320 528)
3(559 419 418)
3(559 378 419)
3(464 341 519)
3(570 341 464)
3(570 464 519)
3(570 519 341)
3(342 341 519)
3(464 342 519)
3(199 341 519)
3(342 199 519)
3(524 361 127)
3(524 228 361)
3(524 127 228)
3(375 514 607)
3(375 259 514)
3(607 514 259)
3(375 286 607)
3(375 514 286)
3(240 607 142)
3(240 142 576)
3(240 576 607)
3(142 607 576)
3(142 607 375)
3(142 286 607)
3(564 607 576)
3(607 241 576)
3(412 507 516)
3(470 516 507)
3(412 516 470)
3(412 470 507)
3(483 430 574)
3(483 574 551)
3(574 430 551)
3(483 551 430)
3(574 483 431)
3(574 431 430)
3(483 265 551)
3(574 551 265)
3(483 574 265)
3(219 260 574)
3(260 118 574)
3(219 574 118)
3(434 581 600)
3(547 581 434)
3(547 434 600)
3(547 600 581)
3(434 600 311)
3(312 311 600)
3(434 312 600)
3(311 581 600)
3(434 581 311)
3(379 522 413)
3(379 413 533)
3(533 413 522)
3(522 413 392)
3(522 392 379)
3(578 523 160)
3(578 160 548)
3(160 523 548)
3(284 548 496)
3(284 578 548)
3(548 254 284)
3(548 496 254)
3(577 311 581)
3(536 581 311)
3(577 536 311)
3(577 581 536)
3(433 581 577)
3(311 581 433)
3(311 433 577)
3(495 433 581)
3(489 581 433)
3(489 495 581)
3(606 598 485)
3(458 606 485)
3(458 598 606)
3(458 485 598)
3(598 590 606)
3(485 590 598)
3(485 606 590)
3(459 485 606)
3(542 459 606)
3(542 606 485)
3(542 485 459)
3(606 194 598)
3(606 598 336)
3(336 598 194)
3(606 336 194)
3(194 590 606)
3(598 590 194)
3(459 458 606)
3(521 352 621)
3(521 621 543)
3(521 543 352)
3(352 521 102)
3(102 521 593)
3(577 544 309)
3(167 309 544)
3(167 577 309)
3(167 544 577)
3(406 509 462)
3(463 462 509)
3(527 187 563)
3(187 229 563)
3(527 229 187)
3(527 329 187)
3(527 187 186)
3(527 186 329)
3(329 563 527)
3(187 563 329)
3(373 411 605)
3(373 605 514)
3(373 514 411)
3(557 605 411)
3(557 411 494)
3(411 349 605)
3(411 557 349)
3(349 557 605)
3(207 514 605)
3(207 585 514)
3(373 349 605)
3(604 531 471)
3(604 471 281)
3(604 281 531)
3(281 471 531)
3(370 471 604)
3(370 532 471)
3(471 532 604)
3(370 604 532)
3(531 619 604)
3(471 604 619)
3(531 203 604)
3(619 604 203)
3(203 604 70)
3(70 604 531)
3(203 70 531)
3(370 281 604)
3(382 513 550)
3(382 582 513)
3(513 582 550)
3(382 550 582)
3(416 382 550)
3(417 416 550)
3(417 550 382)
3(382 513 416)
3(416 513 550)
3(248 583 213)
3(112 583 248)
3(112 213 583)
3(248 584 213)
3(213 584 583)
3(248 583 584)
3(583 248 540)
3(540 248 112)
3(583 540 112)
3(450 527 484)
3(484 527 524)
3(450 524 527)
3(450 484 524)
3(451 527 484)
3(451 450 527)
3(524 272 527)
3(484 527 272)
3(524 484 272)
3(603 589 387)
3(415 603 387)
3(415 589 603)
3(415 387 589)
3(612 17 603)
3(151 17 612)
3(151 603 17)
3(416 387 603)
3(513 387 416)
3(513 416 603)
3(612 17 555)
3(555 17 603)
3(589 387 555)
3(589 555 603)
3(416 415 603)
3(529 381 591)
3(381 440 591)
3(529 591 440)
3(529 440 381)
3(529 267 591)
3(381 591 267)
3(381 267 529)
3(123 267 591)
3(529 123 591)
3(529 267 123)
3(390 539 474)
3(414 539 390)
3(414 539 291)
3(414 292 539)
3(291 539 292)
3(291 414 533)
3(291 533 539)
3(314 602 437)
3(314 506 602)
3(314 437 506)
3(315 314 602)
3(586 601 250)
3(389 250 601)
3(586 250 389)
3(586 389 601)
3(214 250 601)
3(113 214 601)
3(113 601 250)
3(214 250 586)
3(214 586 601)
3(389 520 601)
3(250 601 520)
3(508 547 435)
3(435 547 312)
3(508 312 547)
3(508 435 312)
3(498 547 435)
3(498 435 508)
3(498 508 547)
3(547 435 492)
3(547 492 498)
3(445 322 517)
3(545 322 445)
3(545 517 322)
3(545 445 517)
3(323 322 517)
3(445 323 517)
3(517 180 323)
3(517 323 181)
3(517 181 180)
3(108 543 246)
3(210 246 543)
3(108 210 543)
3(621 246 108)
3(621 108 543)
3(543 249 351)
3(543 246 249)
3(239 557 585)
3(557 73 585)
3(239 73 557)
3(239 585 73)
3(283 585 372)
3(283 410 585)
3(410 557 407)
3(407 557 494)
3(239 557 372)
3(239 372 585)
3(124 546 358)
3(225 546 124)
3(225 358 546)
3(124 528 358)
3(124 546 528)
3(512 301 424)
3(512 302 301)
3(399 478 563)
3(452 399 563)
3(229 563 273)
3(534 563 229)
3(534 229 273)
3(534 273 563)
3(397 510 448)
3(397 538 510)
3(510 538 448)
3(447 397 510)
3(448 447 510)
3(588 259 139)
3(140 588 139)
3(140 259 588)
3(220 547 120)
3(600 220 120)
3(600 120 547)
3(600 547 220)
3(220 547 350)
3(350 547 120)
3(542 460 403)
3(542 403 525)
3(459 542 460)
3(459 403 542)
3(161 28 615)
3(216 28 161)
3(216 615 28)
3(287 544 219)
3(219 544 260)
3(287 260 544)
3(287 544 580)
3(287 580 219)
3(85 499 622)
3(499 84 622)
3(85 622 84)
3(500 575 622)
3(500 622 499)
3(500 499 575)
3(499 622 575)
3(524 361 526)
3(127 524 526)
3(127 526 361)
3(4 575 622)
3(4 500 575)
3(4 622 500)
3(5 6 596)
3(500 6 5)
3(500 5 596)
3(500 596 6)
3(85 500 622)
3(101 5 596)
3(100 596 5)
3(101 596 100)
3(561 195 338)
3(561 196 195)
3(561 338 196)
3(537 196 63)
3(537 63 561)
3(196 561 63)
3(537 561 196)
3(103 560 104)
3(103 104 593)
3(104 560 593)
3(9 560 105)
3(104 105 560)
3(9 104 560)
3(560 10 9)
3(212 559 295)
3(418 295 559)
3(212 295 418)
3(378 251 618)
3(378 559 251)
3(251 559 618)
3(459 337 606)
3(459 606 336)
3(336 606 337)
3(444 321 545)
3(546 444 545)
3(546 545 321)
3(546 321 444)
3(322 321 545)
3(444 322 545)
3(394 444 545)
3(546 394 545)
3(529 396 439)
3(529 566 396)
3(529 439 566)
3(396 566 439)
3(440 529 396)
3(440 439 529)
3(282 238 507)
3(238 138 507)
3(282 507 138)
3(516 507 282)
3(516 238 507)
3(516 282 238)
3(507 282 412)
3(412 282 516)
3(559 251 212)
3(559 212 112)
3(559 112 251)
3(219 574 544)
3(574 558 544)
3(219 544 558)
3(219 558 574)
3(577 432 309)
3(577 544 432)
3(432 544 309)
3(310 309 577)
3(432 310 577)
3(489 577 544)
3(432 577 489)
3(432 489 544)
3(549 343 519)
3(549 465 343)
3(549 519 465)
3(465 519 343)
3(343 200 549)
3(519 549 200)
3(519 200 343)
3(201 200 549)
3(343 201 549)
3(599 217 256)
3(599 256 116)
3(599 116 217)
3(608 256 599)
3(608 599 217)
3(608 217 256)
3(256 599 477)
3(458 598 336)
3(458 336 606)
3(598 458 335)
3(598 518 458)
3(458 518 335)
3(598 335 518)
3(335 598 336)
3(518 485 598)
3(518 458 485)
3(130 364 597)
3(130 597 569)
3(130 569 364)
3(364 569 597)
3(130 231 597)
3(401 511 597)
3(511 569 597)
3(401 597 569)
3(438 437 556)
3(391 556 437)
3(252 376 586)
3(255 586 376)
3(252 586 255)
3(252 553 586)
3(252 376 553)
3(376 586 553)
3(210 249 522)
3(249 543 522)
3(210 543 249)
3(210 522 543)
3(562 289 392)
3(290 289 562)
3(290 562 392)
3(236 68 549)
3(532 68 236)
3(532 236 549)
3(532 549 68)
3(532 408 466)
3(549 466 408)
3(549 408 532)
3(532 408 487)
3(466 532 487)
3(586 250 255)
3(586 255 389)
3(389 520 586)
3(601 586 520)
3(389 157 586)
3(157 520 586)
3(101 6 596)
3(107 596 579)
3(106 596 107)
3(106 107 579)
3(520 584 113)
3(113 584 250)
3(520 113 250)
3(253 584 113)
3(213 584 253)
3(213 113 584)
3(253 584 385)
3(385 584 377)
3(518 595 335)
3(192 335 595)
3(518 192 595)
3(518 335 192)
3(457 475 595)
3(457 595 518)
3(457 518 475)
3(457 456 595)
3(595 457 335)
3(595 335 334)
3(595 334 457)
3(457 335 518)
3(164 306 541)
3(306 552 541)
3(164 552 306)
3(164 541 552)
3(164 163 541)
3(541 163 306)
3(306 552 428)
3(428 552 541)
3(306 428 541)
3(498 435 567)
3(508 567 435)
3(436 435 567)
3(498 436 567)
3(276 518 365)
3(365 518 402)
3(276 402 518)
3(563 534 330)
3(452 330 534)
3(187 534 330)
3(187 563 534)
3(187 330 563)
3(330 188 534)
3(187 534 188)
3(594 430 587)
3(308 430 594)
3(308 594 587)
3(308 587 430)
3(430 551 594)
3(587 551 430)
3(587 594 551)
3(552 551 594)
3(430 552 594)
3(430 551 552)
3(552 218 594)
3(552 551 218)
3(218 551 594)
3(594 307 430)
3(308 307 594)
3(307 430 552)
3(307 552 594)
3(596 521 579)
3(593 521 596)
3(593 579 521)
3(593 596 579)
3(107 521 579)
3(596 521 107)
3(353 521 579)
3(107 353 579)
3(107 521 353)
3(593 105 353)
3(579 105 593)
3(579 593 353)
3(579 353 105)
3(593 242 353)
3(593 105 242)
3(102 521 596)
3(242 353 572)
3(510 270 479)
3(510 573 270)
3(538 510 182)
3(49 538 182)
3(49 510 538)
3(49 182 510)
3(360 510 270)
3(360 479 510)
3(204 203 531)
3(180 322 517)
3(47 517 545)
3(47 545 125)
3(47 125 517)
3(125 545 517)
3(617 80 576)
3(617 503 80)
3(503 576 80)
3(241 80 576)
3(241 617 80)
3(538 127 271)
3(538 227 127)
3(538 271 227)
3(538 127 526)
3(271 526 127)
3(271 538 526)
3(538 127 184)
3(538 184 526)
3(184 127 526)
3(581 495 547)
3(581 434 495)
3(581 350 495)
3(581 262 350)
3(581 495 262)
3(581 350 547)
3(495 547 350)
3(384 592 251)
3(251 592 243)
3(384 243 592)
3(618 592 251)
3(384 618 251)
3(418 417 592)
3(367 537 277)
3(404 277 537)
3(404 537 367)
3(265 587 118)
3(218 587 265)
3(218 118 587)
3(574 265 587)
3(574 587 118)
3(574 118 265)
3(551 587 265)
3(551 218 587)
3(551 265 218)
3(426 304 578)
3(426 578 303)
3(304 303 578)
3(615 426 304)
3(615 304 578)
3(526 524 449)
3(526 481 524)
3(449 524 481)
3(526 449 481)
3(327 449 526)
3(327 524 449)
3(327 526 524)
3(10 501 91)
3(501 11 91)
3(10 11 501)
3(9 90 501)
3(9 501 89)
3(327 326 526)
3(449 526 326)
3(425 303 523)
3(425 523 302)
3(302 523 303)
3(303 578 425)
3(303 523 578)
3(513 245 582)
3(382 582 245)
3(382 245 513)
3(501 10 90)
3(9 10 501)
3(513 19 550)
3(19 582 550)
3(513 582 19)
3(111 245 582)
3(513 111 582)
3(152 550 513)
3(19 550 152)
3(19 152 513)
3(294 513 152)
3(550 513 294)
3(550 294 152)
3(9 501 88)
3(421 520 298)
3(299 298 520)
3(299 520 421)
3(552 428 608)
3(477 428 552)
3(565 163 608)
3(565 29 163)
3(163 29 608)
3(477 565 427)
3(428 427 565)
3(163 608 541)
3(565 163 541)
3(203 604 532)
3(203 69 604)
3(604 69 532)
3(203 532 69)
3(562 289 242)
3(203 619 532)
3(532 619 604)
3(257 512 215)
3(252 215 512)
3(252 512 257)
3(345 467 619)
3(296 419 583)
3(297 296 583)
3(297 583 419)
3(419 583 559)
3(296 559 583)
3(419 559 296)
3(419 583 540)
3(559 419 540)
3(559 540 583)
3(33 34 558)
3(219 558 34)
3(219 33 558)
3(296 559 154)
3(296 154 583)
3(154 559 583)
3(522 14 533)
3(109 522 533)
3(109 14 522)
3(109 533 14)
3(319 318 591)
3(441 591 318)
3(441 319 591)
3(528 442 591)
3(482 442 528)
3(482 591 442)
3(482 528 591)
3(528 319 591)
3(319 442 591)
3(318 591 176)
3(319 176 591)
3(591 441 381)
3(591 381 482)
3(591 482 441)
3(439 566 388)
3(439 438 566)
3(528 177 320)
3(528 178 177)
3(528 320 178)
3(366 590 485)
3(590 542 485)
3(366 542 590)
3(366 485 542)
3(590 485 518)
3(590 276 485)
3(485 276 518)
3(590 518 276)
3(522 14 148)
3(522 148 533)
3(148 14 533)
3(574 544 260)
3(14 147 522)
3(148 522 147)
3(109 244 522)
3(249 109 522)
3(575 91 1)
3(2 91 575)
3(2 575 1)
3(148 290 522)
3(148 533 290)
3(522 290 533)
3(518 590 598)
3(194 542 606)
3(542 590 606)
3(194 590 542)
3(238 72 507)
3(72 138 507)
3(590 276 366)
3(555 390 589)
3(539 589 390)
3(539 555 589)
3(373 605 207)
3(373 207 514)
3(368 393 570)
3(393 406 570)
3(387 390 589)
3(555 390 387)
3(415 589 293)
3(293 589 603)
3(415 293 603)
3(292 539 589)
3(539 414 589)
3(292 589 414)
3(415 390 589)
3(293 292 589)
3(415 589 292)
3(11 107 4)
3(1 4 107)
3(1 11 4)
3(411 470 557)
3(411 557 407)
3(349 557 470)
3(349 507 557)
3(349 470 507)
3(533 15 539)
3(533 209 15)
3(533 539 209)
3(209 539 15)
3(517 226 359)
3(125 226 517)
3(125 517 359)
3(149 15 539)
3(149 539 533)
3(149 533 15)
3(40 530 41)
3(174 41 530)
3(40 174 530)
3(537 461 571)
3(339 571 461)
3(339 461 537)
3(339 537 571)
3(537 380 571)
3(380 461 571)
3(537 461 380)
3(462 571 339)
3(340 339 571)
3(318 176 529)
3(318 529 175)
3(176 175 529)
3(591 176 529)
3(591 529 318)
3(602 172 506)
3(314 172 602)
3(314 506 172)
3(181 324 573)
3(324 182 573)
3(181 573 182)
3(181 517 573)
3(324 517 181)
3(324 573 517)
3(517 47 573)
3(226 517 573)
3(226 47 517)
3(226 573 47)
3(512 159 158)
3(512 158 301)
3(512 301 159)
3(534 188 331)
3(331 188 535)
3(534 535 188)
3(363 535 129)
3(534 129 535)
3(534 363 129)
3(534 535 363)
3(278 509 134)
3(509 234 134)
3(278 234 509)
3(109 244 533)
3(109 522 210)
3(509 340 341)
3(509 341 198)
3(99 504 83)
3(99 83 502)
3(502 83 504)
3(554 77 141)
3(554 141 140)
3(554 140 77)
3(141 554 503)
3(77 503 554)
3(77 141 503)
3(561 195 337)
3(489 580 287)
3(489 544 580)
3(489 287 544)
3(262 489 580)
3(262 580 287)
3(333 332 511)
3(333 511 455)
3(544 580 577)
3(489 577 580)
3(580 577 34)
3(34 577 544)
3(374 473 543)
3(562 543 473)
3(352 473 543)
3(167 558 309)
3(558 166 309)
3(167 166 558)
3(146 521 13)
3(543 146 13)
3(543 13 521)
3(543 521 146)
3(394 546 405)
3(405 546 443)
3(288 514 588)
3(564 588 514)
3(208 288 588)
3(208 588 145)
3(566 41 223)
3(566 122 41)
3(288 514 208)
3(208 514 588)
3(70 71 531)
3(137 531 71)
3(70 531 137)
3(259 585 588)
3(139 585 259)
3(139 588 585)
3(235 570 65)
3(235 134 570)
3(570 134 65)
3(67 68 549)
3(236 67 549)
3(203 345 619)
3(167 34 558)
3(33 167 558)
3(514 247 373)
3(514 411 247)
3(71 531 204)
3(204 531 70)
3(483 491 574)
3(570 341 463)
3(538 325 182)
3(510 182 325)
3(510 325 538)
3(538 325 183)
3(538 183 182)
3(466 549 465)
3(115 257 512)
3(115 512 215)
3(186 128 52)
3(53 128 186)
3(563 451 527)
3(451 399 527)
3(563 399 451)
3(331 534 330)
3(563 451 329)
3(329 451 527)
3(484 399 527)
3(263 222 530)
3(122 530 222)
3(122 263 530)
3(516 347 507)
3(205 516 507)
3(205 507 347)
3(470 347 507)
3(516 347 470)
3(412 516 469)
3(470 469 516)
3(537 460 561)
3(542 337 195)
3(542 195 194)
3(542 194 337)
3(542 61 561)
3(233 61 542)
3(233 561 61)
3(614 59 58)
3(614 192 59)
3(614 58 192)
3(15 533 109)
3(209 109 533)
3(546 321 178)
3(546 320 321)
3(546 178 320)
3(308 430 574)
3(262 580 581)
3(220 581 580)
3(262 220 580)
3(262 581 220)
3(291 533 148)
3(291 149 533)
3(533 149 148)
3(59 131 614)
3(131 58 614)
3(569 535 476)
3(454 476 535)
3(454 569 476)
3(535 569 56)
3(515 56 569)
3(535 56 515)
3(523 424 425)
3(569 274 476)
3(274 535 476)
3(259 514 585)
3(375 259 585)
3(375 585 514)
3(514 585 588)
3(259 514 588)
3(553 114 586)
3(553 586 24)
3(553 24 114)
3(24 586 114)
3(60 518 193)
3(193 518 59)
3(60 59 518)
3(585 375 283)
3(585 283 259)
3(114 586 252)
3(114 252 553)
3(592 212 251)
3(592 243 212)
3(531 137 516)
3(371 516 137)
3(371 531 516)
3(371 137 531)
3(531 71 516)
3(71 137 516)
3(486 519 465)
3(549 486 465)
3(279 393 519)
3(570 393 279)
3(570 519 393)
3(570 279 519)
3(71 611 531)
3(71 516 611)
3(531 611 516)
3(486 519 464)
3(465 464 519)
3(547 435 434)
3(557 138 239)
3(557 372 138)
3(452 563 451)
3(181 47 573)
3(517 47 181)
3(437 506 497)
3(437 436 506)
3(497 506 436)
3(437 506 493)
3(186 52 228)
3(52 185 228)
3(186 228 185)
3(198 570 199)
3(341 199 570)
3(198 341 570)
3(481 526 271)
3(526 397 271)
3(450 524 449)
3(450 327 524)
3(12 521 13)
3(146 521 12)
3(17 555 211)
3(612 211 555)
3(612 17 211)
3(152 18 513)
3(18 151 513)
3(152 513 151)
3(542 459 337)
3(542 337 606)
3(213 21 155)
3(22 213 155)
3(534 453 330)
3(534 452 453)
3(560 105 593)
3(560 579 105)
3(560 593 579)
3(224 528 43)
3(591 528 224)
3(591 43 528)
3(591 224 43)
3(557 73 207)
3(207 73 585)
3(551 386 265)
3(483 386 551)
3(296 153 559)
3(559 153 295)
3(296 559 295)
3(379 474 533)
3(319 177 591)
3(177 176 591)
3(153 19 550)
3(77 92 554)
3(502 77 554)
3(502 554 92)
3(502 92 77)
3(528 319 177)
3(528 177 591)
3(73 557 138)
3(427 565 304)
3(305 565 427)
3(29 28 599)
3(162 29 599)
3(162 599 28)
3(362 563 273)
3(122 530 41)
3(122 40 530)
3(236 532 136)
3(136 532 68)
3(284 116 599)
3(344 549 201)
3(549 532 201)
3(344 201 532)
3(391 556 266)
3(391 493 556)
3(263 556 391)
3(610 556 263)
3(610 263 391)
3(190 597 57)
3(57 597 191)
3(190 191 597)
3(192 595 505)
3(192 614 595)
3(192 505 614)
3(427 304 615)
3(243 245 582)
3(111 243 582)
3(587 166 32)
3(587 165 166)
3(587 32 165)
3(556 530 222)
3(222 530 620)
3(532 487 471)
3(532 467 487)
3(192 58 505)
3(58 191 505)
3(192 505 191)
3(567 171 313)
3(567 313 314)
3(567 314 171)
3(585 239 283)
3(532 202 344)
3(345 532 344)
3(345 202 532)
3(505 191 333)
3(505 334 191)
3(170 508 312)
3(312 508 600)
3(170 600 508)
3(142 80 576)
3(142 576 241)
3(147 522 13)
3(14 13 522)
3(121 506 354)
3(121 266 506)
3(190 511 333)
3(190 56 597)
3(569 597 56)
3(569 190 597)
3(569 56 190)
3(60 232 590)
3(60 590 518)
3(60 518 232)
3(518 590 232)
3(132 590 60)
3(132 232 590)
3(179 321 545)
3(39 506 620)
3(39 620 172)
3(172 620 506)
3(39 172 506)
3(179 321 546)
3(179 546 545)
3(620 39 222)
3(39 506 222)
3(131 365 614)
3(365 275 614)
3(124 45 546)
3(580 536 34)
3(577 536 580)
3(577 34 536)
3(536 600 220)
3(220 600 35)
3(536 35 600)
3(536 220 35)
3(34 35 580)
3(119 580 35)
3(34 580 119)
3(498 354 567)
3(67 200 549)
3(201 67 549)
3(489 580 581)
3(489 581 262)
3(515 189 331)
3(332 189 515)
3(130 56 535)
3(130 569 56)
3(32 118 587)
3(32 587 218)
3(269 395 545)
3(394 545 395)
3(394 269 545)
3(553 157 586)
3(389 553 586)
3(553 157 24)
3(24 157 586)
3(300 553 299)
3(157 299 553)
3(300 157 553)
3(206 557 73)
3(206 207 557)
3(221 567 264)
3(354 264 567)
3(221 354 567)
3(349 557 207)
3(605 349 207)
3(263 556 266)
3(574 33 587)
3(166 587 33)
3(166 574 587)
3(166 33 574)
3(545 225 269)
3(225 546 269)
3(545 269 546)
3(545 546 225)
3(155 520 298)
3(520 609 298)
3(155 298 609)
3(25 512 159)
3(25 158 512)
3(569 274 364)
3(551 587 574)
3(535 189 331)
3(535 515 189)
3(407 412 507)
3(0 554 75)
3(75 554 76)
3(0 76 554)
3(296 418 559)
3(46 125 545)
3(225 545 125)
3(225 46 545)
3(445 545 444)
3(118 33 587)
3(574 33 118)
3(63 571 537)
3(571 234 537)
3(63 234 571)
3(63 537 234)
3(21 583 154)
3(154 583 20)
3(21 20 583)
3(19 550 212)
3(19 212 153)
3(18 612 211)
3(18 111 612)
3(584 113 22)
3(584 22 520)
3(113 520 22)
3(110 555 211)
3(17 555 110)
3(13 562 147)
3(146 147 562)
3(146 562 13)
3(63 571 196)
3(537 196 571)
3(521 12 596)
3(107 12 521)
3(107 596 12)
3(552 306 307)
3(552 307 164)
3(100 596 4)
3(4 596 5)
3(261 555 211)
3(110 555 261)
3(343 342 519)
3(465 519 342)
3(208 588 75)
3(272 361 524)
3(272 524 228)
3(75 145 554)
3(0 554 145)
3(185 524 328)
3(185 327 524)
3(328 524 327)
3(238 71 516)
3(71 72 516)
3(238 516 72)
3(186 128 228)
3(50 538 227)
3(50 127 538)
3(538 50 49)
3(538 49 183)
3(538 183 50)
3(500 8 501)
3(88 8 500)
3(88 501 8)
3(39 40 620)
3(222 620 40)
3(39 620 173)
3(131 232 614)
3(365 614 232)
3(324 517 323)
3(447 324 613)
3(324 446 613)
3(158 553 301)
3(300 301 553)
3(158 300 553)
3(323 517 446)
3(357 263 566)
3(263 122 566)
3(85 500 5)
3(500 622 5)
3(85 5 622)
3(280 532 370)
3(280 136 532)
3(136 370 532)
3(473 543 351)
3(176 123 529)
3(42 529 123)
3(42 123 176)
3(42 176 529)
3(75 74 588)
3(208 588 74)
3(195 542 561)
3(467 344 532)
3(466 467 532)
3(174 566 316)
3(316 566 530)
3(174 530 566)
3(174 316 530)
3(158 553 24)
3(24 553 25)
3(158 25 553)
3(150 539 16)
3(16 539 555)
3(150 555 539)
3(150 16 555)
3(30 541 164)
3(30 163 541)
3(545 444 395)
3(545 395 445)
3(57 56 597)
3(472 523 257)
3(257 523 490)
3(163 565 162)
3(29 162 565)
3(554 140 75)
3(554 76 140)
3(30 552 164)
3(376 553 490)
3(488 496 615)
3(67 519 549)
3(67 200 519)
3(66 519 135)
3(135 519 67)
3(66 67 519)
3(519 200 342)
3(230 56 535)
3(486 393 519)
3(279 486 519)
3(568 58 131)
3(231 568 131)
3(231 58 568)
3(562 147 522)
3(562 522 13)
3(478 363 534)
3(363 400 534)
3(29 30 608)
3(29 608 217)
3(217 608 30)
3(30 163 608)
3(180 545 517)
3(18 513 19)
3(198 64 509)
3(64 197 509)
3(517 226 270)
3(432 431 544)
3(491 432 544)
3(167 558 544)
3(309 544 558)
3(577 310 167)
3(48 573 49)
3(48 182 573)
3(182 49 573)
3(422 553 299)
3(422 300 553)
3(44 528 43)
3(224 528 44)
3(423 376 553)
3(462 571 461)
3(197 571 196)
3(63 571 197)
3(261 612 211)
3(206 507 73)
3(557 507 206)
3(557 73 507)
3(520 298 420)
3(356 267 591)
3(123 356 591)
3(44 528 177)
3(177 528 43)
3(312 434 547)
3(168 169 536)
3(168 536 35)
3(35 536 169)
3(97 81 504)
3(81 96 504)
3(523 303 160)
3(523 160 302)
3(212 550 582)
3(417 582 550)
3(585 74 514)
3(588 74 585)
3(588 514 74)
3(143 288 564)
3(143 564 247)
3(554 140 145)
3(47 517 180)
3(545 47 180)
3(533 244 474)
3(29 217 599)
3(29 599 116)
3(318 529 317)
3(175 317 529)
3(503 504 80)
3(96 80 504)
3(96 503 80)
3(488 599 477)
3(223 529 41)
3(566 41 529)
3(151 294 603)
3(151 513 294)
3(513 603 294)
3(201 68 549)
3(592 382 243)
3(91 575 501)
3(91 499 575)
3(499 501 575)
3(416 550 294)
3(417 294 550)
3(474 355 539)
3(293 150 603)
3(589 603 150)
3(589 150 293)
3(51 228 524)
3(51 524 127)
3(500 6 7)
3(500 7 86)
3(500 86 6)
3(356 528 224)
3(356 591 528)
3(356 224 591)
3(589 150 539)
3(589 292 150)
3(539 150 292)
3(174 175 566)
3(174 566 41)
3(41 566 175)
3(585 74 207)
3(207 74 514)
3(468 531 409)
3(409 531 471)
3(517 395 359)
3(517 383 395)
3(281 531 237)
3(604 237 531)
3(604 281 237)
3(206 507 72)
3(72 507 73)
3(590 60 598)
3(194 598 60)
3(194 60 590)
3(193 598 335)
3(193 518 598)
3(193 335 518)
3(286 494 514)
3(375 514 494)
3(538 271 510)
3(227 538 510)
3(227 510 271)
3(48 126 573)
3(126 226 573)
3(48 573 226)
3(161 162 615)
3(162 28 615)
3(178 179 546)
3(45 546 179)
3(412 409 516)
3(371 516 409)
3(412 516 371)
3(544 34 558)
3(167 34 544)
3(584 253 248)
3(423 512 301)
3(26 512 159)
3(26 25 512)
3(158 553 157)
3(14 522 210)
3(42 529 41)
3(223 529 42)
3(518 60 598)
3(181 48 573)
3(48 47 573)
3(147 289 562)
3(290 147 562)
3(235 66 519)
3(235 519 135)
3(124 45 528)
3(279 519 369)
3(135 519 279)
3(316 530 315)
3(316 173 530)
3(357 396 566)
3(388 566 396)
3(388 357 566)
3(529 440 318)
3(529 317 440)
3(565 162 599)
3(162 615 599)
3(557 282 138)
3(214 601 23)
3(113 23 601)
3(590 61 132)
3(590 60 61)
3(140 576 554)
3(144 576 140)
3(144 140 554)
3(575 91 11)
3(575 11 1)
3(198 570 65)
3(570 199 65)
3(545 46 47)
3(214 255 586)
3(508 313 567)
3(508 567 171)
3(508 171 313)
3(35 536 34)
3(580 536 35)
3(347 611 346)
3(598 336 193)
3(189 188 535)
3(554 0 83)
3(554 83 3)
3(554 3 0)
3(121 567 354)
3(121 506 567)
3(130 57 597)
3(231 597 57)
3(604 70 69)
3(317 566 174)
3(317 175 566)
3(70 237 604)
3(237 69 604)
3(114 553 25)
3(177 43 591)
3(176 591 43)
3(345 619 532)
3(345 532 203)
3(20 559 153)
3(153 559 212)
3(20 212 559)
3(20 153 212)
3(141 576 554)
3(140 576 141)
3(437 493 556)
3(143 564 144)
3(144 564 617)
3(135 67 549)
3(135 549 236)
3(16 539 149)
3(16 15 539)
3(542 132 590)
3(542 61 132)
3(542 590 61)
3(140 564 576)
3(144 576 564)
3(291 413 533)
3(280 549 236)
3(236 549 369)
3(280 369 549)
3(400 476 535)
3(400 535 454)
3(532 280 487)
3(532 408 280)
3(487 532 370)
3(32 33 587)
3(117 552 218)
3(31 552 117)
3(31 218 552)
3(236 280 532)
3(280 549 532)
3(268 356 528)
3(618 212 251)
3(102 6 596)
3(101 102 596)
3(175 529 41)
3(42 529 175)
3(373 288 514)
3(373 514 208)
3(136 69 532)
3(604 136 532)
3(604 69 136)
3(238 137 516)
3(311 536 168)
3(311 169 536)
3(71 205 516)
3(205 72 516)
3(284 116 615)
3(599 615 116)
3(227 49 538)
3(313 508 312)
3(170 508 313)
3(155 584 583)
3(213 155 583)
3(213 584 155)
3(568 614 58)
3(505 58 614)
3(216 578 27)
3(216 548 578)
3(548 27 578)
3(216 27 548)
3(161 27 216)
3(161 578 27)
3(284 216 548)
3(429 552 428)
3(429 306 552)
3(545 125 269)
3(71 204 611)
3(71 611 205)
3(616 299 422)
3(616 553 299)
3(214 586 23)
3(586 601 23)
3(209 244 539)
3(533 539 244)
3(533 244 209)
3(23 157 586)
3(24 23 586)
3(7 500 103)
3(7 102 500)
3(429 552 386)
3(429 480 552)
3(12 521 108)
3(108 521 13)
3(23 520 586)
3(157 520 23)
3(214 24 586)
3(114 214 586)
3(61 542 195)
3(61 194 542)
3(192 595 334)
3(334 595 505)
3(192 334 505)
3(200 519 66)
3(38 506 39)
3(38 172 506)
3(126 573 49)
3(510 126 573)
3(510 49 126)
3(510 573 49)
3(104 8 560)
3(103 560 8)
3(289 353 562)
3(242 562 353)
3(522 147 290)
3(100 12 596)
3(521 100 596)
3(521 12 100)
3(287 544 491)
3(489 491 544)
3(389 553 376)
3(389 376 586)
3(213 22 584)
3(559 153 154)
3(559 154 20)
3(503 77 502)
3(502 77 93)
3(503 93 77)
3(508 264 221)
3(508 221 567)
3(503 95 79)
3(503 79 94)
3(520 22 156)
3(520 156 23)
3(520 23 22)
3(75 588 139)
3(182 510 324)
3(324 510 573)
3(182 573 510)
3(524 361 398)
3(524 481 361)
3(524 398 481)
3(8 7 500)
3(8 500 103)
3(107 11 596)
3(309 558 574)
3(166 574 558)
3(166 309 574)
3(512 159 160)
3(26 512 160)
3(4 12 596)
3(506 39 121)
3(506 121 38)
3(503 95 80)
3(503 80 79)
3(81 80 617)
3(617 80 82)
3(81 82 80)
3(528 44 124)
3(585 139 239)
3(585 239 74)
3(585 74 139)
3(74 73 585)
3(429 552 430)
3(386 430 552)
3(263 530 556)
3(263 610 530)
3(480 552 428)
3(509 134 368)
3(571 367 537)
3(367 234 537)
3(571 234 367)
3(571 63 64)
3(571 64 234)
3(59 232 614)
3(511 191 333)
3(505 191 511)
3(398 524 272)
3(44 528 178)
3(130 56 597)
3(332 515 569)
3(332 569 454)
3(574 309 544)
3(566 530 41)
3(566 122 530)
3(317 566 316)
3(512 553 301)
3(512 158 553)
3(104 593 105)
3(104 242 593)
3(116 28 599)
3(6 102 500)
3(529 267 357)
3(529 223 267)
3(535 274 363)
3(535 363 230)
3(190 515 569)
3(190 332 515)
3(87 500 7)
3(527 53 186)
3(527 187 53)
3(488 565 477)
3(504 98 82)
3(504 82 97)
3(173 40 620)
3(504 83 98)
3(194 337 606)
3(222 556 263)
3(530 316 438)
3(316 566 438)
3(610 263 388)
3(498 264 547)
3(547 264 508)
3(37 508 120)
3(221 120 508)
3(221 508 37)
3(37 36 508)
3(170 508 36)
3(170 37 508)
3(205 72 507)
3(507 72 516)
3(193 60 598)
3(62 195 561)
3(62 561 196)
3(547 508 600)
3(312 547 600)
3(279 570 368)
3(231 275 568)
3(275 364 568)
3(120 36 508)
3(423 553 301)
3(609 297 419)
3(609 420 297)
3(155 584 385)
3(385 584 583)
3(300 423 553)
3(553 376 422)
3(608 217 285)
3(21 213 583)
3(21 583 112)
3(436 313 567)
3(313 435 567)
3(142 79 576)
3(80 576 79)
3(286 411 514)
3(77 76 554)
3(76 92 554)
3(503 82 80)
3(82 504 80)
3(503 504 82)
3(155 583 21)
3(139 74 588)
3(303 160 578)
3(25 512 215)
3(215 512 26)
3(115 160 27)
3(26 160 115)
3(154 155 583)
3(189 535 55)
3(189 56 535)
3(56 55 535)
3(82 504 83)
3(55 188 535)
3(150 539 149)
3(201 68 532)
3(394 546 358)
3(506 314 436)
3(574 260 265)
3(539 149 291)
3(539 292 149)
3(291 533 290)
3(390 414 589)
3(119 287 580)
3(119 580 219)
3(555 110 16)
3(555 16 17)
3(365 232 518)
3(276 518 232)
3(469 516 531)
3(531 371 409)
3(531 281 371)
3(531 409 281)
3(228 524 185)
3(51 185 524)
3(228 185 51)
3(53 187 229)
3(187 54 229)
3(238 371 516)
3(546 321 443)
3(355 244 539)
3(209 355 539)
3(198 509 65)
3(570 509 198)
3(570 65 509)
3(483 260 574)
3(574 260 491)
3(289 562 146)
3(64 509 65)
3(11 575 501)
3(229 534 187)
3(308 165 594)
3(165 307 594)
3(306 541 305)
3(541 163 305)
3(534 188 54)
3(187 534 54)
3(201 532 202)
3(193 194 598)
3(574 430 587)
3(308 587 165)
3(308 166 587)
3(165 594 587)
3(308 574 587)
3(166 574 308)
3(307 429 552)
3(117 552 258)
3(258 552 218)
3(523 254 257)
3(523 257 115)
3(523 115 254)
3(141 576 503)
3(530 40 222)
3(530 620 40)
3(436 567 314)
3(506 567 436)
3(506 314 567)
3(241 564 247)
3(436 497 567)
3(313 435 508)
3(374 104 593)
3(374 593 103)
3(114 586 255)
3(464 393 519)
3(199 570 519)
3(534 54 55)
3(534 55 129)
3(534 129 54)
3(283 585 139)
3(285 117 552)
3(581 600 536)
3(311 536 600)
3(317 566 439)
3(439 566 316)
3(357 396 529)
3(529 317 566)
3(529 439 317)
3(396 529 267)
3(161 578 303)
3(161 160 578)
3(155 584 520)
3(385 520 584)
3(385 248 584)
3(105 106 579)
3(385 248 583)
3(155 22 520)
3(155 584 22)
3(165 552 594)
3(307 552 165)
3(575 4 84)
3(575 1 4)
3(575 84 1)
3(473 249 522)
3(473 522 379)
3(9 8 560)
3(297 154 583)
3(609 419 583)
3(155 297 583)
3(297 609 583)
3(155 609 297)
3(360 510 126)
3(126 510 270)
3(474 244 539)
3(399 273 563)
3(273 478 563)
3(600 169 311)
3(220 36 600)
3(120 600 36)
3(82 503 617)
3(144 503 82)
3(248 540 385)
3(137 531 237)
3(281 531 137)
3(503 82 83)
3(206 507 205)
3(616 299 421)
3(142 241 607)
3(194 61 590)
3(565 305 163)
3(36 169 600)
3(36 600 170)
3(197 571 339)
3(339 571 196)
3(155 520 156)
3(298 156 520)
3(33 558 166)
3(33 574 558)
3(168 577 536)
3(168 311 577)
3(549 465 408)
3(367 537 133)
3(165 552 164)
3(165 31 552)
3(31 164 552)
3(233 277 561)
3(525 277 233)
3(233 133 561)
3(243 582 382)
3(243 592 582)
3(243 212 582)
3(582 111 212)
3(491 544 260)
3(50 127 184)
3(50 184 538)
3(485 518 402)
3(481 361 526)
3(271 361 526)
3(518 614 232)
3(518 614 59)
3(518 59 232)
3(475 518 402)
3(434 433 581)
3(176 123 591)
3(65 66 570)
3(235 570 66)
3(123 591 43)
3(176 123 43)
3(349 557 206)
3(70 531 237)
3(191 190 511)
3(482 405 528)
3(528 405 442)
3(524 527 185)
3(328 185 527)
3(328 527 524)
3(524 228 527)
3(272 527 228)
3(228 527 185)
3(285 117 608)
3(552 608 117)
3(477 552 480)
3(217 117 608)
3(266 222 506)
3(556 222 266)
3(121 222 506)
3(114 512 553)
3(114 252 512)
3(422 553 423)
3(173 40 530)
3(348 347 507)
3(470 348 507)
3(517 446 324)
3(269 545 359)
3(545 125 359)
3(554 502 83)
3(554 503 502)
3(503 83 502)
3(502 83 3)
3(502 3 554)
3(3 92 554)
3(76 3 554)
3(110 555 355)
3(509 340 463)
3(509 463 341)
3(240 79 576)
3(536 581 580)
3(220 581 536)
3(220 536 580)
3(580 577 581)
3(219 574 33)
3(262 119 580)
3(220 580 119)
3(293 151 603)
3(151 150 603)
3(110 16 539)
3(110 539 555)
3(395 545 359)
3(517 545 359)
3(517 395 545)
3(348 205 507)
3(195 61 561)
3(106 353 579)
3(589 150 555)
3(259 564 140)
3(259 588 564)
3(415 414 589)
3(560 8 501)
3(500 8 560)
3(408 486 549)
3(369 408 549)
3(443 528 546)
3(443 405 528)
3(576 259 564)
3(576 140 259)
3(443 546 320)
3(528 546 320)
3(443 528 320)
3(161 304 578)
3(161 615 304)
3(358 546 269)
3(581 600 220)
3(394 546 269)
3(157 299 616)
3(229 129 534)
3(273 534 129)
3(520 157 299)
3(520 299 616)
3(520 156 299)
3(157 156 520)
3(489 577 581)
3(489 577 433)
3(433 432 577)
3(168 536 34)
3(472 496 523)
3(472 523 425)
3(334 456 595)
3(512 302 160)
3(512 159 302)
3(167 34 577)
3(523 160 512)
3(460 537 461)
3(461 537 404)
3(251 378 540)
3(378 559 540)
3(251 540 559)
3(597 191 58)
3(597 58 57)
3(146 521 107)
3(378 540 248)
3(251 248 540)
3(378 419 540)
3(141 78 503)
3(503 78 576)
3(141 576 78)
3(259 607 576)
3(564 607 259)
3(259 240 576)
3(500 6 85)
3(141 576 259)
3(240 576 141)
3(513 387 382)
3(535 274 400)
3(535 400 363)
3(533 413 290)
3(522 290 413)
3(36 600 35)
3(55 188 534)
3(55 534 535)
3(221 37 567)
3(38 221 567)
3(38 567 37)
3(230 535 129)
3(2 499 575)
3(220 350 581)
3(500 501 575)
3(500 11 575)
3(220 547 581)
3(499 84 575)
3(84 622 575)
3(68 69 532)
3(2 84 575)
3(84 622 4)
3(208 74 514)
3(207 208 514)
3(309 431 544)
3(345 532 467)
3(397 271 510)
3(538 271 397)
3(397 510 360)
3(397 479 510)
3(360 271 510)
3(126 227 510)
3(360 510 227)
3(259 564 514)
3(134 509 64)
3(64 509 234)
3(521 101 596)
3(246 621 100)
3(101 621 246)
3(290 392 522)
3(216 548 254)
3(326 183 538)
3(538 184 326)
3(326 184 526)
3(538 184 183)
3(573 126 270)
3(573 270 226)
3(9 8 501)
3(560 9 501)
3(613 324 573)
3(613 517 324)
3(216 116 615)
3(519 200 199)
3(242 572 562)
3(572 562 353)
3(449 398 524)
3(450 524 398)
3(128 527 53)
3(128 186 527)
3(150 555 603)
3(4 500 5)
3(4 596 500)
3(484 527 362)
3(362 527 272)
3(150 17 603)
3(555 17 150)
3(366 542 403)
3(525 542 366)
3(525 366 403)
3(366 542 132)
3(366 132 590)
3(123 223 529)
3(403 485 542)
3(366 542 233)
3(132 233 542)
3(233 366 525)
3(509 571 380)
3(509 380 462)
3(462 380 571)
3(18 151 612)
3(18 612 513)
3(484 398 524)
3(278 380 571)
3(367 571 380)
3(278 571 367)
3(278 509 571)
3(278 380 509)
3(169 600 35)
3(367 537 380)
3(263 610 566)
3(263 566 530)
3(263 566 388)
3(258 386 551)
3(258 551 552)
3(386 552 551)
3(366 525 277)
3(551 258 265)
3(547 508 120)
3(120 508 600)
3(547 264 492)
3(547 350 264)
3(547 492 350)
3(293 294 603)
3(562 522 473)
3(543 473 522)
3(562 543 522)
3(212 19 582)
3(18 17 612)
3(522 392 562)
3(522 473 392)
3(473 543 249)
3(206 507 348)
3(527 229 53)
3(441 440 591)
3(368 134 570)
3(235 368 570)
3(134 570 509)
3(482 528 268)
3(482 356 528)
3(279 235 570)
3(235 519 570)
3(279 519 235)
3(455 454 569)
3(23 520 601)
3(275 401 568)
3(513 19 111)
3(513 111 18)
3(114 512 25)
3(512 553 25)
3(500 87 8)
3(512 114 215)
3(121 567 221)
3(516 469 409)
3(409 516 531)
3(409 531 469)
3(62 61 561)
3(604 370 237)
3(277 525 404)
3(165 587 218)
3(165 218 32)
3(62 133 561)
3(233 62 561)
3(133 63 561)
3(133 537 63)
3(339 537 338)
3(339 196 537)
3(196 338 537)
3(30 117 608)
3(165 552 218)
3(165 218 594)
3(416 513 294)
3(19 582 111)
3(184 185 524)
3(184 524 51)
3(527 328 450)
3(451 328 527)
3(184 51 127)
3(133 234 537)
3(537 338 461)
3(460 537 338)
3(416 293 603)
3(128 527 228)
3(272 527 128)
3(507 349 206)
3(507 348 349)
3(327 524 184)
3(417 418 212)
3(327 526 184)
3(526 524 184)
3(524 127 184)
3(356 381 591)
3(566 529 175)
3(518 192 614)
3(548 27 160)
3(27 578 160)
3(518 192 59)
3(396 529 381)
3(123 591 224)
3(113 520 601)
3(113 23 520)
3(503 79 78)
3(503 78 94)
3(218 258 551)
3(202 69 532)
3(68 202 532)
3(565 428 305)
3(559 583 20)
3(38 171 506)
3(172 506 171)
3(356 482 591)
3(218 587 594)
3(511 597 505)
3(559 112 20)
3(112 583 20)
3(559 583 112)
3(179 46 546)
3(545 46 546)
3(179 46 545)
3(62 63 561)
3(132 590 276)
3(510 324 325)
3(120 264 508)
3(120 547 264)
3(148 15 533)
3(15 14 533)
3(10 501 560)
3(138 507 73)
3(186 527 228)
3(30 117 552)
3(186 527 185)
3(430 386 551)
3(428 541 305)
3(44 45 528)
3(31 552 30)
3(290 562 522)
3(210 13 522)
3(537 380 404)
3(55 535 129)
3(230 535 55)
3(197 64 571)
3(278 571 234)
3(107 4 596)
3(4 11 596)
3(254 472 523)
3(210 13 543)
3(522 543 13)
3(508 37 567)
3(503 77 78)
3(108 543 521)
3(523 512 115)
3(523 257 512)
3(12 4 107)
3(192 193 518)
3(82 504 81)
3(81 504 80)
3(503 83 504)
3(220 580 35)
3(165 31 218)
3(115 27 548)
3(115 548 216)
3(575 11 4)
3(550 294 295)
3(447 510 325)
3(448 325 510)
3(577 168 34)
3(577 167 168)
3(503 93 78)
3(548 115 160)
3(615 599 28)
3(385 378 540)
3(511 190 597)
3(565 541 305)
3(116 615 28)
3(508 37 171)
3(171 37 567)
3(534 54 229)
3(46 545 180)
3(115 512 26)
3(577 433 310)
3(108 13 543)
3(562 13 543)
3(310 168 577)
3(600 36 508)
3(523 254 496)
3(160 512 115)
3(160 115 523)
3(561 537 338)
3(251 112 540)
3(209 16 539)
3(209 539 110)
3(510 227 49)
3(79 78 576)
3(503 79 576)
3(112 540 559)
3(443 528 442)
3(534 363 273)
3(535 453 454)
3(310 311 577)
3(38 567 506)
3(38 171 567)
3(567 171 506)
3(11 4 500)
3(199 66 570)
3(531 468 469)
3(199 66 519)
3(519 66 570)
3(622 4 5)
3(622 5 84)
3(134 509 65)
3(174 530 173)
3(318 440 591)
3(441 442 591)
3(527 186 328)
3(329 527 328)
3(328 524 450)
3(449 526 448)
3(509 571 234)
3(231 58 597)
3(56 515 190)
3(190 515 189)
3(56 189 515)
3(64 509 571)
3(420 609 298)
3(371 516 282)
3(406 380 509)
3(509 341 570)
3(511 455 456)
3(240 78 576)
3(324 510 613)
3(508 170 171)
3(121 567 38)
3(191 597 511)
3(169 600 536)
3(280 408 549)
3(416 603 294)
3(257 490 512)
3(191 505 597)
3(447 510 324)
3(110 539 355)
3(138 507 557)
3(500 11 596)
3(506 171 314)
3(613 517 446)
3(276 590 232)
3(297 609 298)
3(523 254 548)
3(353 543 521)
3(146 353 521)
3(548 115 254)
3(548 523 115)
3(532 203 202)
3(370 604 136)
3(237 136 604)
3(277 525 403)
3(517 395 445)
3(478 273 534)
3(2 499 84)
3(85 84 499)
3(86 85 500)
3(87 86 500)
3(85 499 500)
3(500 88 87)
3(501 89 88)
3(501 90 89)
3(88 500 501)
3(501 91 90)
3(2 91 499)
3(91 501 499)
3(499 501 500)
3(3 92 502)
3(93 502 92)
3(94 503 93)
3(503 502 93)
3(503 94 95)
3(503 95 96)
3(97 504 96)
3(96 504 503)
3(504 97 98)
3(504 98 99)
3(99 3 502)
3(99 502 504)
3(502 503 504)
3(10 91 11)
3(9 89 90)
3(9 90 10)
3(9 88 89)
3(10 90 91)
3(2 1 91)
3(97 96 81)
3(6 86 7)
3(11 91 1)
3(0 3 83)
3(94 79 95)
3(80 95 79)
3(87 7 86)
3(98 97 82)
3(99 98 83)
3(77 92 76)
3(82 83 98)
3(4 1 84)
3(76 92 3)
3(5 85 6)
3(88 8 87)
3(7 87 8)
3(94 78 79)
3(99 83 3)
3(86 6 85)
3(9 8 88)
3(0 76 3)
3(93 92 77)
3(81 82 97)
3(77 78 93)
3(2 84 1)
3(4 84 5)
3(85 5 84)
3(81 96 80)
3(94 93 78)
3(80 96 95)
3(161 28 162)
3(102 103 352)
3(351 101 102)
3(352 351 102)
3(482 441 442)
3(403 404 277)
3(375 240 259)
3(495 434 492)
3(206 207 349)
3(378 418 419)
3(124 358 225)
3(109 249 244)
3(69 136 237)
3(176 175 42)
3(172 171 38)
3(271 127 227)
3(213 22 21)
3(279 368 393)
3(283 372 410)
3(132 60 232)
3(20 112 21)
3(301 423 300)
3(215 252 257)
3(335 192 193)
3(329 186 187)
3(481 397 448)
3(324 182 325)
3(54 229 129)
3(173 315 172)
3(338 460 337)
3(472 490 424)
3(406 368 278)
3(288 145 144)
3(34 119 35)
3(40 39 222)
3(309 166 167)
3(309 167 310)
3(346 204 347)
3(480 428 429)
3(444 394 443)
3(474 379 413)
3(274 363 400)
3(260 265 483)
3(327 184 185)
3(240 141 259)
3(456 475 401)
3(137 237 281)
3(493 498 497)
3(225 46 45)
3(157 23 24)
3(415 387 390)
3(246 249 210)
3(367 277 404)
3(382 387 416)
3(334 457 456)
3(432 309 310)
3(473 392 379)
3(318 175 176)
3(487 467 471)
3(26 160 159)
3(300 158 301)
3(175 41 42)
3(357 223 122)
3(49 48 126)
3(272 361 398)
3(279 486 369)
3(131 58 231)
3(114 24 214)
3(359 270 226)
3(194 193 60)
3(405 442 443)
3(150 292 149)
3(384 251 243)
3(283 239 372)
3(125 47 46)
3(106 353 105)
3(481 361 271)
3(150 151 293)
3(40 122 41)
3(46 225 125)
3(319 442 441)
3(219 260 287)
3(161 162 304)
3(385 253 248)
3(19 212 20)
3(135 369 236)
3(313 171 314)
3(426 304 427)
3(179 46 180)
3(408 280 369)
3(267 381 356)
3(379 244 249)
3(393 463 464)
3(420 377 385)
3(426 496 425)
3(284 488 256)
3(405 358 268)
3(338 196 339)
3(445 446 383)
3(465 486 464)
3(326 448 325)
3(384 382 417)
3(308 309 431)
3(455 401 476)
3(407 372 282)
3(493 266 354)
3(42 123 43)
3(346 468 345)
3(471 467 468)
3(396 267 357)
3(414 474 413)
3(348 349 470)
3(384 418 378)
3(245 261 387)
3(456 333 334)
3(423 424 490)
3(82 143 144)
3(81 143 82)
3(81 241 143)
3(198 340 197)
3(389 377 421)
3(422 389 421)
3(428 306 429)
3(389 250 377)
3(170 312 169)
3(390 261 355)
3(460 404 403)
3(125 269 359)
3(494 375 410)
3(450 398 449)
3(63 197 196)
3(153 154 296)
3(154 21 155)
3(362 229 128)
3(404 461 380)
3(177 178 320)
3(100 5 101)
3(5 6 101)
3(162 305 304)
3(366 277 233)
3(447 397 479)
3(305 306 428)
3(223 123 42)
3(150 293 292)
3(341 342 464)
3(388 357 263)
3(285 480 258)
3(190 189 56)
3(201 200 67)
3(40 174 173)
3(36 170 169)
3(480 386 258)
3(129 55 54)
3(367 404 380)
3(439 396 388)
3(58 59 192)
3(203 204 346)
3(153 19 20)
3(121 354 266)
3(133 233 277)
3(151 150 17)
3(250 255 214)
3(121 222 39)
3(493 391 266)
3(245 111 211)
3(451 452 399)
3(422 423 376)
3(256 116 284)
3(436 437 497)
3(384 378 251)
3(73 138 239)
3(140 141 77)
3(290 413 392)
3(251 248 112)
3(370 136 280)
3(351 352 473)
3(51 50 127)
3(121 38 221)
3(301 424 423)
3(156 22 23)
3(228 127 361)
3(139 75 74)
3(31 218 32)
3(29 163 162)
3(409 471 468)
3(110 211 17)
3(109 14 210)
3(330 452 329)
3(243 251 212)
3(212 111 243)
3(251 112 212)
3(219 33 118)
3(219 119 34)
3(108 12 100)
3(62 233 133)
3(461 338 339)
3(380 278 367)
3(216 115 254)
3(70 237 137)
3(121 266 222)
3(180 322 179)
3(359 226 125)
3(253 377 250)
3(252 215 114)
3(440 317 318)
3(290 291 413)
3(392 413 379)
3(264 350 492)
3(161 303 160)
3(414 415 390)
3(432 431 309)
3(234 133 367)
3(272 398 484)
3(328 327 185)
3(254 115 257)
3(359 269 395)
3(113 250 214)
3(395 445 383)
3(134 234 278)
3(272 228 361)
3(282 238 371)
3(494 407 411)
3(286 375 494)
3(56 57 190)
3(131 275 365)
3(323 180 181)
3(498 354 264)
3(104 103 8)
3(411 407 470)
3(374 242 392)
3(312 313 435)
3(172 314 171)
3(495 433 434)
3(246 210 108)
3(483 431 491)
3(204 203 70)
3(62 195 61)
3(406 278 380)
3(458 485 402)
3(323 322 180)
3(446 324 447)
3(341 464 463)
3(469 346 347)
3(308 431 430)
3(293 151 294)
3(294 151 152)
3(18 152 151)
3(444 321 322)
3(411 349 373)
3(329 187 330)
3(52 186 185)
3(430 483 386)
3(337 459 336)
3(301 159 302)
3(472 424 425)
3(74 73 239)
3(444 445 395)
3(383 479 270)
3(128 52 228)
3(109 210 249)
3(216 116 28)
3(59 60 193)
3(161 27 28)
3(56 189 55)
3(330 187 188)
3(62 63 196)
3(14 147 13)
3(154 297 296)
3(201 67 68)
3(25 158 24)
3(384 417 418)
3(212 19 111)
3(417 294 295)
3(452 330 453)
3(146 147 289)
3(184 51 185)
3(230 55 129)
3(55 188 54)
3(307 165 308)
3(304 426 303)
3(239 138 372)
3(143 288 144)
3(356 224 123)
3(300 157 158)
3(173 39 40)
3(437 493 497)
3(370 471 281)
3(374 392 473)
3(322 323 445)
3(10 106 105)
3(10 11 106)
3(458 402 457)
3(427 488 426)
3(332 454 331)
3(446 479 383)
3(447 479 446)
3(476 401 364)
3(478 453 400)
3(436 313 314)
3(383 270 359)
3(144 145 83)
3(153 295 152)
3(377 420 421)
3(344 466 343)
3(224 268 124)
3(230 274 130)
3(201 68 202)
3(444 322 445)
3(73 207 206)
3(206 72 73)
3(205 347 204)
3(139 239 283)
3(438 388 391)
3(385 419 420)
3(477 285 256)
3(442 319 320)
3(483 430 431)
3(302 425 424)
3(342 341 199)
3(142 375 286)
3(219 118 260)
3(434 311 312)
3(326 184 327)
3(114 214 255)
3(284 254 496)
3(38 121 39)
3(489 433 495)
3(459 485 458)
3(406 462 463)
3(44 178 177)
3(166 32 33)
3(417 382 416)
3(48 226 126)
3(112 248 213)
3(451 484 450)
3(117 31 30)
3(403 459 460)
3(41 174 40)
3(444 443 321)
3(29 116 217)
3(416 387 415)
3(53 229 54)
3(414 390 474)
3(414 291 292)
3(139 259 140)
3(437 314 315)
3(62 61 233)
3(498 492 435)
3(249 246 351)
3(410 407 494)
3(302 424 301)
3(452 478 399)
3(448 397 447)
3(220 350 120)
3(161 160 27)
3(371 137 281)
3(417 295 418)
3(179 178 45)
3(246 108 100)
3(366 233 132)
3(464 342 465)
3(155 21 22)
3(377 253 385)
3(18 111 19)
3(225 358 269)
3(436 435 313)
3(437 436 314)
3(495 262 489)
3(364 401 275)
3(271 361 127)
3(362 399 273)
3(208 74 75)
3(399 362 484)
3(374 103 104)
3(293 294 416)
3(469 347 470)
3(469 468 346)
3(40 222 122)
3(308 165 166)
3(318 319 441)
3(28 116 29)
3(47 125 226)
3(179 321 178)
3(291 149 292)
3(72 206 205)
3(164 307 306)
3(221 37 120)
3(176 43 177)
3(106 11 107)
3(432 433 489)
3(53 54 187)
3(477 427 428)
3(9 10 105)
3(126 226 270)
3(160 302 159)
3(160 26 27)
3(264 354 221)
3(336 335 193)
3(194 61 195)
3(459 337 460)
3(345 203 346)
3(124 45 44)
3(394 269 358)
3(443 320 321)
3(125 225 269)
3(287 262 119)
3(117 258 218)
3(32 218 118)
3(69 203 202)
3(194 60 61)
3(374 352 103)
3(261 390 387)
3(455 456 401)
3(471 409 281)
3(394 405 443)
3(399 478 273)
3(429 386 480)
3(441 440 318)
3(164 30 31)
3(326 325 183)
3(66 200 199)
3(316 173 174)
3(196 338 195)
3(265 218 258)
3(305 163 306)
3(45 124 225)
3(257 115 215)
3(37 171 170)
3(47 180 46)
3(191 58 192)
3(14 13 210)
3(158 159 301)
3(135 236 67)
3(235 65 134)
3(70 137 71)
3(19 152 18)
3(337 195 338)
3(25 215 26)
3(26 215 115)
3(447 324 325)
3(146 107 12)
3(146 12 13)
3(159 25 26)
3(351 473 249)
3(158 157 24)
3(36 35 220)
3(403 366 485)
3(12 108 13)
3(344 202 345)
3(164 165 307)
3(44 177 43)
3(41 122 223)
3(64 134 65)
3(245 211 261)
3(110 17 16)
3(39 173 172)
3(216 27 115)
3(406 463 393)
3(252 114 255)
3(132 233 61)
3(153 20 154)
3(187 186 53)
3(322 321 179)
3(267 356 123)
3(459 458 336)
3(439 440 396)
3(406 393 368)
3(113 214 23)
3(334 335 457)
3(157 299 156)
3(122 222 263)
3(381 482 356)
3(300 423 422)
3(305 162 163)
3(373 288 247)
3(467 466 344)
3(294 152 295)
3(122 263 357)
3(222 266 263)
3(263 391 388)
3(484 362 272)
3(421 420 298)
3(421 298 299)
3(291 148 149)
3(331 454 453)
3(230 56 55)
3(274 400 476)
3(9 105 104)
3(370 487 471)
3(436 498 435)
3(245 382 243)
3(332 333 455)
3(443 442 320)
3(190 332 189)
3(140 76 75)
3(8 9 104)
3(276 232 365)
3(73 72 138)
3(70 71 204)
3(138 238 282)
3(236 136 68)
3(269 394 395)
3(101 6 102)
3(374 104 242)
3(343 200 201)
3(143 241 247)
3(378 385 248)
3(417 416 294)
3(256 217 116)
3(420 297 298)
3(450 327 328)
3(130 57 56)
3(64 65 198)
3(390 355 474)
3(58 191 57)
3(418 296 419)
3(132 61 60)
3(458 335 336)
3(321 320 178)
3(344 345 467)
3(130 364 231)
3(438 391 437)
3(252 255 376)
3(360 126 270)
3(487 280 408)
3(297 154 155)
3(165 32 166)
3(42 43 176)
3(268 224 356)
3(188 187 54)
3(209 110 16)
3(426 425 303)
3(425 302 303)
3(290 392 289)
3(466 487 408)
3(389 255 250)
3(213 253 113)
3(475 456 457)
3(164 306 163)
3(276 365 402)
3(335 458 457)
3(308 430 307)
3(242 105 353)
3(360 270 479)
3(495 350 262)
3(218 265 118)
3(449 326 327)
3(313 170 171)
3(64 198 197)
3(242 289 392)
3(468 467 345)
3(297 419 296)
3(439 317 440)
3(309 308 166)
3(286 241 142)
3(219 34 33)
3(318 176 319)
3(482 381 441)
3(439 388 438)
3(148 147 14)
3(238 138 72)
3(4 100 12)
3(366 276 485)
3(415 292 293)
3(1 107 11)
3(148 291 290)
3(407 410 372)
3(462 339 340)
3(181 182 324)
3(340 198 341)
3(333 456 455)
3(262 287 489)
3(374 473 352)
3(135 279 369)
3(208 145 288)
3(236 68 67)
3(33 34 167)
3(247 411 373)
3(128 53 52)
3(183 325 182)
3(343 466 465)
3(53 186 52)
3(331 330 188)
3(451 399 484)
3(266 391 263)
3(412 469 470)
3(195 337 194)
3(15 109 209)
3(59 58 131)
3(480 285 477)
3(283 375 259)
3(191 190 57)
3(434 435 492)
3(216 28 27)
3(452 451 329)
3(198 199 341)
3(481 271 397)
3(450 449 327)
3(483 265 386)
3(296 295 153)
3(319 176 177)
3(153 152 19)
3(411 470 349)
3(305 427 304)
3(162 28 29)
3(229 362 273)
3(109 15 14)
3(113 23 22)
3(142 240 375)
3(194 336 193)
3(111 245 243)
3(334 333 191)
3(142 241 80)
3(190 333 332)
3(120 264 221)
3(202 68 69)
3(149 148 15)
3(114 215 25)
3(55 189 188)
3(235 66 65)
3(213 248 253)
3(287 119 219)
3(216 284 116)
3(405 394 358)
3(227 127 50)
3(78 141 240)
3(205 71 72)
3(282 372 138)
3(281 409 371)
3(454 476 400)
3(472 425 496)
3(440 441 381)
3(484 398 450)
3(184 50 51)
3(367 278 234)
3(461 339 462)
3(498 493 354)
3(342 200 343)
3(373 207 208)
3(240 142 79)
3(428 480 477)
3(427 305 428)
3(332 331 189)
3(433 311 434)
3(316 174 317)
3(437 391 493)
3(26 115 27)
3(319 177 320)
3(268 358 124)
3(300 299 157)
3(66 67 200)
3(297 155 298)
3(25 159 158)
3(476 364 274)
3(407 282 412)
3(0 75 76)
3(21 154 20)
3(18 211 111)
3(146 13 147)
3(100 4 5)
3(110 261 211)
3(343 465 342)
3(208 75 145)
3(0 145 75)
3(344 343 201)
3(238 72 71)
3(183 49 50)
3(131 365 232)
3(181 324 323)
3(323 446 445)
3(30 164 163)
3(472 257 490)
3(123 224 43)
3(66 199 65)
3(278 368 134)
3(143 247 288)
3(376 490 252)
3(284 496 488)
3(66 135 67)
3(230 130 56)
3(279 393 486)
3(478 400 363)
3(29 217 30)
3(491 431 432)
3(238 71 137)
3(35 169 168)
3(220 35 119)
3(48 49 182)
3(422 299 300)
3(36 220 120)
3(224 44 43)
3(423 490 376)
3(183 50 184)
3(62 133 63)
3(234 63 133)
3(312 435 434)
3(302 160 303)
3(51 52 185)
3(244 379 474)
3(318 317 175)
3(256 488 477)
3(33 167 166)
3(7 102 6)
3(168 34 35)
3(363 129 273)
3(315 438 437)
3(384 243 382)
3(227 126 360)
3(165 164 31)
3(348 470 347)
3(78 240 79)
3(389 376 255)
3(186 328 185)
3(73 74 207)
3(373 208 288)
3(71 205 204)
3(469 412 409)
3(469 409 468)
3(51 127 228)
3(461 462 380)
3(488 427 477)
3(412 470 407)
3(448 326 449)
3(174 41 175)
3(113 253 250)
3(30 163 29)
3(395 383 359)
3(412 371 409)
3(333 190 191)
3(334 191 192)
3(223 42 41)
3(181 47 48)
3(290 289 147)
3(235 135 66)
3(316 315 173)
3(0 83 145)
3(388 396 357)
3(144 83 82)
3(198 65 199)
3(331 188 189)
3(130 231 57)
3(453 330 331)
3(203 69 70)
3(317 174 175)
3(70 69 237)
3(24 114 25)
3(366 132 276)
3(267 123 223)
3(16 149 15)
3(414 413 291)
3(280 236 369)
3(18 17 211)
3(487 370 280)
3(118 33 32)
3(31 117 218)
3(311 168 169)
3(50 49 227)
3(170 313 312)
3(7 103 102)
3(38 39 172)
3(289 242 353)
3(290 147 148)
3(489 287 491)
3(214 24 23)
3(213 113 22)
3(140 75 139)
3(361 481 398)
3(15 209 16)
3(8 103 7)
3(37 221 38)
3(224 124 44)
3(74 239 139)
3(192 335 334)
3(429 430 386)
3(227 49 126)
3(120 37 36)
3(282 371 412)
3(234 64 63)
3(482 268 356)
3(59 131 232)
3(36 169 35)
3(455 476 454)
3(363 273 478)
3(454 400 453)
3(146 353 107)
3(104 105 242)
3(315 314 172)
3(59 193 192)
3(342 199 200)
3(357 267 223)
3(37 38 171)
3(298 155 156)
3(274 230 363)
3(170 36 37)
3(47 181 180)
3(62 196 195)
3(231 364 275)
3(297 420 419)
3(422 376 389)
3(285 217 256)
3(21 112 213)
3(142 80 79)
3(286 494 411)
3(150 149 16)
3(118 265 260)
3(77 76 140)
3(18 151 17)
3(238 137 371)
3(209 244 355)
3(4 12 1)
3(30 217 117)
3(483 491 260)
3(81 80 241)
3(146 289 353)
3(15 148 14)
3(209 109 244)
3(128 228 272)
3(235 134 368)
3(235 368 279)
3(248 251 378)
3(201 202 344)
3(258 386 265)
3(280 136 236)
3(381 267 396)
3(365 475 402)
3(360 479 397)
3(307 430 429)
3(429 306 307)
3(465 466 408)
3(316 438 315)
3(452 453 478)
3(481 449 398)
3(448 449 481)
3(439 438 316)
3(436 497 498)
3(486 393 464)
3(415 414 292)
3(285 258 117)
3(317 439 316)
3(473 379 249)
3(355 244 474)
3(312 311 169)
3(422 421 299)
3(246 100 101)
3(252 490 257)
3(296 418 295)
3(197 339 196)
3(350 264 120)
3(168 167 34)
3(168 310 167)
3(59 232 60)
3(131 231 275)
3(44 45 178)
3(367 133 277)
3(135 235 279)
3(324 446 323)
3(487 466 467)
3(404 460 461)
3(212 112 20)
3(311 433 310)
3(311 310 168)
3(179 45 46)
3(444 395 394)
3(496 426 488)
3(482 442 405)
3(285 117 217)
3(110 355 261)
3(463 340 341)
3(220 119 262)
3(348 347 205)
3(107 353 106)
3(369 486 408)
3(304 303 161)
3(229 273 129)
3(365 275 475)
3(363 230 129)
3(220 262 350)
3(136 69 68)
3(207 74 208)
3(491 287 260)
3(397 271 360)
3(247 241 286)
3(134 64 234)
3(298 156 299)
3(216 254 284)
3(184 326 183)
3(246 101 351)
3(457 402 475)
3(155 22 156)
3(206 348 205)
3(274 364 130)
3(121 221 354)
3(373 349 207)
3(410 375 283)
3(53 128 229)
3(454 332 455)
3(370 281 237)
3(259 141 140)
3(451 450 328)
3(387 382 245)
3(460 338 461)
3(416 415 293)
3(349 348 206)
3(276 402 485)
3(139 283 259)
3(336 194 337)
3(264 492 498)
3(482 405 268)
3(403 485 459)
3(107 1 12)
3(340 339 197)
3(16 17 150)
3(496 254 472)
3(52 51 228)
3(47 226 48)
3(465 408 486)
3(136 370 237)
3(48 182 181)
3(432 489 491)
3(63 64 197)
3(254 257 472)
3(141 78 77)
3(448 447 325)
3(286 411 247)
3(495 492 350)
3(49 183 182)
3(157 156 23)
3(433 432 310)
3(108 210 13)
3(165 31 32)
3(275 401 475)
3(58 57 231)
3(132 232 276)
3(440 381 396)
3(329 328 186)
3(362 128 272)
3(385 378 419)
3(209 355 110)
3(360 271 227)
3(403 277 366)
3(329 451 328)
3(203 345 202)
3(406 380 462)
3(463 462 340)
)


// ************************************************************************* //
