/*--------------------------------*- C++ -*----------------------------------*\
| =========                 |                                                 |
| \\      /  F ield         | OpenFOAM: The Open Source CFD Toolbox           |
|  \\    /   O peration     | Version:  2512                                  |
|   \\  /    A nd           | Website:  www.openfoam.com                      |
|    \\/     M anipulation  |                                                 |
\*---------------------------------------------------------------------------*/
FoamFile
{
    version     2.0;
    format      ascii;
    arch        "LSB;label=32;scalar=64";
    note        "nPoints:623  nCells:1762  nFaces:4027  nInternalFaces:3021";
    class       labelList;
    location    "constant/domain6/polyMesh";
    object      neighbour;
}
// * * * * * * * * * * * * * * * * * * * * * * * * * * * * * * * * * * * * * //


3021
(
236
470
842
1487
3
272
1595
1209
1260
1455
1683
4
10
428
11
911
1425
6
33
1326
8
274
8
324
325
1326
271
733
441
603
1539
11
354
1204
1496
1683
13
279
280
1010
135
282
1085
169
342
901
1216
16
62
1289
1605
17
335
1760
611
1718
19
22
23
79
21
893
1405
21
23
838
1182
724
77
312
796
220
648
26
27
340
575
26
537
1561
736
803
577
1143
1313
133
1141
1144
1375
30
332
587
1236
31
107
1659
744
1708
34
1285
1495
1590
34
274
1702
1283
1284
51
956
1628
37
38
148
1207
39
548
549
39
874
974
984
362
547
1039
668
1431
1538
45
550
730
1047
1554
1606
1699
104
106
157
544
793
972
1091
141
841
922
1292
48
257
531
788
496
1104
51
275
1673
1676
561
1083
1673
505
1346
197
226
1550
54
55
459
1230
164
623
259
260
1695
57
167
749
894
638
792
59
331
1024
1212
681
1430
822
836
1528
1759
181
729
1734
1288
1761
64
65
1145
1626
783
1147
1635
446
797
581
1138
1269
68
186
385
1663
188
1351
70
599
1210
1692
837
917
1211
72
73
694
1681
512
513
832
630
843
78
204
608
1075
76
640
1178
1476
78
658
79
311
1476
672
857
80
893
648
666
1178
85
287
433
556
84
649
1369
1420
85
477
556
86
477
86
1588
286
810
88
308
310
1117
625
875
91
92
445
446
92
93
239
358
93
885
1635
899
357
1429
410
934
990
1360
97
99
203
301
97
98
773
799
302
303
203
948
300
794
1315
102
594
1427
1663
102
654
1559
960
1632
173
223
594
1581
105
142
1595
429
1112
1299
142
1606
1700
108
826
109
770
1001
748
1180
1657
209
436
1122
1244
114
248
437
1244
113
870
1122
115
947
115
870
1074
1045
117
118
1447
1658
533
762
520
1314
1674
120
122
396
1224
121
124
1698
125
197
123
679
1222
124
907
1005
1128
196
316
127
248
1129
1278
147
245
1276
655
1119
1133
130
503
801
1672
799
1189
132
575
1237
1372
340
1716
575
1143
1372
136
327
329
630
136
137
280
138
328
282
621
685
1085
1366
140
150
276
635
1368
1607
633
1132
145
429
144
1088
1176
912
1328
272
1068
1700
244
642
1246
149
1278
1537
713
786
937
548
785
1280
567
1520
1549
414
605
1380
663
760
1547
333
414
1121
1744
158
474
1299
560
764
1149
1269
344
542
1199
1551
543
1299
1606
543
1338
160
356
1099
161
1455
162
941
1683
398
1099
1204
413
1151
1331
165
452
1217
169
260
749
167
168
922
1095
841
978
645
1217
902
1296
171
1154
1156
1233
174
403
1403
173
175
1233
1581
174
898
176
644
667
1231
1352
404
594
1559
178
675
964
179
693
1574
585
586
964
182
183
1440
1671
1525
1688
727
1688
184
430
1634
185
1295
1688
430
1297
1525
187
540
1630
659
975
1533
691
1660
190
191
1745
1746
757
1121
528
859
1574
763
813
1525
194
627
1522
195
702
1115
783
1393
1644
198
399
1550
775
401
811
200
392
639
737
564
717
202
203
463
1656
703
948
1571
672
1077
681
884
949
207
753
973
588
676
1350
210
974
981
210
846
1067
1126
1186
212
867
1034
1556
213
572
983
853
906
215
433
853
982
867
1034
1588
217
219
988
1323
221
489
1327
219
221
386
641
220
954
796
1070
989
223
224
1354
1660
225
1427
384
999
1612
898
1612
1661
229
231
1623
228
229
1108
1643
230
1108
1124
1002
231
1003
1109
689
1097
234
472
1281
1535
237
469
1175
1176
236
469
471
747
759
1281
1459
378
978
378
1006
486
777
1569
696
1242
241
561
1083
1084
242
1597
1084
1298
347
714
804
245
589
1276
247
818
642
1192
1246
1365
642
1129
1245
1365
367
573
574
832
251
252
1057
1463
560
581
622
692
1136
494
1026
1195
256
441
1494
1753
256
1119
1494
1089
1404
258
625
1251
1286
1704
1015
1406
1758
261
902
1287
1695
263
1089
1139
1194
1227
1404
1750
1157
1227
1309
266
270
379
382
269
499
1060
270
616
1060
1443
269
379
1169
1399
500
816
1320
274
1495
1700
274
428
370
765
766
1235
1649
1674
278
1049
1343
278
977
1602
569
1380
283
504
558
281
1170
283
631
685
504
809
1364
286
289
814
1737
289
1271
1369
1712
287
1369
288
475
860
1164
1166
1371
292
460
462
1626
292
800
1626
1249
1379
294
295
1007
825
897
1100
1124
1563
1645
297
298
1709
1710
570
1383
1173
1305
1316
303
304
507
509
302
1337
1411
304
1249
1653
614
1306
506
1303
1389
306
1344
1726
1727
307
1401
1408
776
1159
1384
801
1029
310
508
1027
875
1113
312
523
1025
1405
315
316
394
395
315
844
1622
850
908
395
1622
318
779
997
1168
319
410
990
603
1426
321
698
760
1732
434
729
434
726
994
324
1444
1553
1285
1495
1340
1444
329
621
632
1439
652
1366
630
1170
604
652
331
668
1219
681
836
826
1498
1118
1540
635
1049
1223
1744
336
1272
1761
1440
1523
553
937
1207
339
1120
1332
1753
1261
1481
341
1307
803
1443
821
904
1536
344
494
1267
538
1031
350
1262
1610
348
350
1259
1262
1152
1719
1720
1265
1584
1593
397
1247
1304
1425
731
397
710
1283
537
996
1756
707
1375
1446
1756
924
1078
1096
356
1096
1105
1453
1115
1131
1393
899
1238
1429
616
1320
1399
361
362
665
1039
663
698
1434
1466
364
1091
1092
1324
1727
1728
366
501
1681
367
1172
1627
694
1667
1429
1451
1568
494
965
1199
1586
371
372
1268
766
1552
541
1228
1462
374
564
599
712
375
750
752
673
717
377
638
789
378
842
1006
792
381
1320
381
382
413
817
854
499
1151
384
1321
1350
1660
858
1427
1533
1660
796
869
388
1079
1080
595
748
930
532
1341
1444
1486
474
834
1474
555
637
883
1023
393
1140
1668
878
1740
850
1079
396
1353
679
914
886
424
941
1205
704
811
1622
811
825
931
1098
1550
406
952
1403
1689
404
406
1331
1232
406
952
1232
413
408
409
709
747
741
1052
903
1281
1464
411
1076
1008
1077
1033
1156
1397
415
618
416
1049
1380
568
1053
418
421
1059
1062
419
1057
1424
420
422
1578
1378
1416
1424
422
1050
1063
1102
424
428
1068
1204
425
708
1068
1205
1701
427
619
1068
1517
429
969
1702
1300
432
1293
562
1544
1565
1669
1114
1273
1166
760
787
849
1435
1515
437
1123
1665
656
1045
439
720
819
440
1720
1760
1150
1289
1719
443
1157
443
1258
1309
1261
1539
445
596
797
885
899
1635
1141
1372
1477
449
450
677
692
699
1026
692
1424
1512
452
623
1218
645
1216
454
1152
1395
1718
457
612
1394
468
1048
1455
461
466
1396
1605
459
587
782
623
1015
463
1146
1571
468
1453
464
1336
1592
646
1592
465
627
761
1355
1379
1522
1449
775
1417
1698
1281
1412
472
745
812
1095
1419
759
1562
475
860
889
1713
925
865
1369
565
1359
1657
1420
479
1107
1111
480
482
696
1108
1242
1645
557
1199
1586
1106
1107
1421
493
531
829
1582
487
1599
1600
486
1167
1722
1724
629
1600
522
626
1344
1423
1722
1324
1731
777
962
1528
502
1060
1308
1311
499
502
1397
1690
495
498
1448
1149
657
926
531
532
847
1257
1583
926
1028
1251
831
986
1060
1502
1172
1457
1437
506
1029
1206
1364
1652
998
1673
509
799
510
802
1389
807
1029
1521
1208
1438
1521
1483
1499
1511
631
1170
631
1639
1680
516
579
909
1619
763
1435
1515
872
1113
1478
636
1044
1598
519
771
1387
1524
1322
1754
1755
771
1447
522
790
1729
1159
1726
893
1405
1684
525
938
1456
606
726
1295
606
1297
1435
1468
690
968
1498
568
855
1254
1256
1527
1573
1745
956
1279
1608
1742
829
1191
1629
985
1433
1505
536
868
1030
1067
1190
1492
736
539
541
928
674
1491
659
1632
542
1226
669
1235
544
1335
733
765
942
1452
613
1554
1618
1699
1024
1212
551
1277
551
713
793
966
888
1631
559
598
1163
590
1576
1577
1160
1345
1675
795
871
865
824
1452
1280
1537
982
1166
1042
1676
563
1441
1761
1288
1544
1140
1497
1548
719
1302
569
570
1540
859
605
1721
1549
987
1071
1611
573
993
1202
1183
1556
1362
1556
1561
736
916
986
1203
1450
1715
584
1407
1641
1582
1742
1051
1214
1528
1062
674
1193
1196
1258
1028
1113
1478
959
1231
588
877
1351
676
1650
1747
1708
691
1575
590
593
1085
784
1277
595
680
863
915
995
1503
1625
1366
1576
1080
1180
885
1147
598
1038
1642
1736
601
890
602
1519
754
998
1083
1348
982
983
1034
1082
1597
779
632
843
1540
833
994
608
1025
1075
1476
719
1454
1461
848
1084
1629
1153
1760
1301
1604
913
1240
705
773
1655
761
1315
1355
803
986
1013
1413
859
1121
1096
1099
1204
769
806
1158
1410
683
951
1330
1463
1106
1115
1131
788
629
864
702
1011
1190
1489
1501
777
1158
1679
922
1419
970
1487
1531
1520
966
1071
1055
1263
894
717
1023
1054
686
869
686
954
989
743
1239
1638
918
1403
1641
922
1146
1148
882
1058
1373
987
1069
1271
1740
1641
1661
1686
851
1073
1685
1087
1054
1270
1711
960
1686
896
997
1615
1009
1365
756
1475
857
1179
1165
743
1321
1533
1650
662
831
1625
1690
845
1691
665
666
724
893
920
1051
1432
723
1460
725
1233
836
852
1194
1545
1220
1253
1647
1752
852
1507
1551
1360
750
795
1226
1309
693
1651
753
1321
880
1373
1200
1434
1466
680
930
828
910
768
1222
1282
774
1162
934
1360
1361
1162
1364
1465
699
882
1061
1137
905
1219
1466
1538
1135
1623
1696
827
1506
1350
1057
855
1747
832
715
746
1490
1131
849
905
1538
742
880
1195
707
957
958
1572
1018
1421
1603
1336
1513
1655
1656
931
1101
1697
711
1032
756
1043
1554
772
1524
927
1240
1500
1064
1398
944
1304
773
1189
752
1597
735
961
1173
786
981
1171
1392
1604
890
892
1172
1458
895
1150
895
1544
1594
1209
1358
1449
980
1069
980
959
1154
1184
1671
1687
968
1004
1282
1184
1325
1611
1247
1593
1610
879
1055
1712
1340
1159
1310
1493
1729
1014
1631
1203
1270
1740
967
988
1044
1730
828
863
1506
1022
1198
1206
1485
747
759
1434
1732
963
1484
1659
1132
1487
786
1030
1518
770
1217
917
919
835
917
919
1298
1748
1082
1692
1231
1352
1612
1703
1705
1743
1745
812
842
1377
812
787
1356
1046
1658
1297
1268
1462
824
965
1555
921
1456
1669
907
1467
778
949
1181
1754
1134
1480
948
815
1639
1679
1623
1401
1725
962
1158
1494
891
1229
1647
1510
1613
1015
1236
1336
1626
809
1577
1631
984
1074
974
994
1733
1117
842
970
840
1402
1012
1613
1621
978
830
1409
1334
1355
1653
1023
1145
1048
1257
1259
1379
1644
1116
1197
1303
1438
1036
1400
971
976
1445
884
1724
1725
1206
1438
1514
861
1044
1409
951
1266
1735
1737
1201
1734
1125
1164
1371
1127
1457
831
1056
1130
854
995
1689
1010
1085
1272
1565
1749
921
1291
1468
1292
1531
1051
1431
1362
1642
1667
1199
1235
1098
1001
943
1016
1282
1475
887
1310
995
1456
1468
1043
1703
1624
1693
1469
1692
1693
1070
1730
1091
1324
1325
1726
1728
1487
1531
1681
908
1414
873
1130
868
874
974
1048
1511
1041
1585
1733
1081
1076
1541
1678
1229
1752
867
1169
1021
981
1187
1490
1361
1640
963
1664
862
967
1402
1164
1714
1357
1158
1161
1420
1711
932
1115
1451
1513
1067
1567
1476
984
1244
917
1211
1022
1619
1308
1450
1502
1213
1244
1252
883
1211
1648
1575
1746
879
1668
1271
882
1065
1472
1508
1055
1668
1347
1429
1425
1702
1409
1729
1280
1652
1263
1712
1714
1038
1139
1751
983
993
1296
1646
1565
1168
1678
1003
1013
1413
1231
1641
901
902
1406
1509
904
1534
1287
955
1064
1185
982
983
1128
1222
929
1353
1040
1117
1742
914
929
940
971
953
955
1590
1618
1353
1546
929
1081
1203
1502
952
1559
1686
1601
945
1422
923
1293
1587
1669
1105
1496
1047
1300
1703
944
1283
1590
1267
1462
1005
1079
1413
1106
1421
1190
1501
1529
1473
1488
946
1415
1339
1546
1697
1014
1441
1634
1669
961
1152
1395
1367
1496
1483
965
1137
1138
1234
1706
1500
1460
1640
1621
1665
1045
1123
1504
1469
1087
1439
1577
1439
1063
1578
987
1323
1412
1346
1322
1386
1482
1480
1616
1155
1165
1662
1316
1759
1321
975
1630
1269
1044
1611
1090
1001
1506
1096
1112
1646
1425
1093
1384
1250
1256
1650
1651
1367
1302
1343
1095
1020
1510
1182
1020
1399
1465
1070
1731
1327
1426
1442
1000
1473
1488
1000
1615
1636
1127
1172
1056
1370
1446
1332
1494
1349
1352
1354
1557
1004
1111
1694
1097
1100
1467
1181
1177
1013
1603
1073
1076
1192
1665
1537
1030
1188
1123
1504
1516
1018
1577
1094
1470
1548
1530
1706
1110
1021
1747
1748
1516
1254
1514
1738
1221
1072
1136
1113
1514
1252
1208
1491
1551
1198
1485
1154
1690
1363
1642
1736
1737
1174
1382
1454
1343
1542
1627
1214
1116
1741
1046
1629
1675
1136
1149
1047
1596
1260
1542
1059
1102
1464
1562
1471
1542
1738
1169
1062
1059
1061
1570
1062
1138
1064
1088
1416
1484
1497
1707
1243
1071
1182
1073
1075
1685
1278
1077
1168
1112
1595
1081
1083
1589
1471
1527
1543
1576
1175
1220
1751
1092
1731
1093
1402
1728
1408
1218
1534
1101
1550
1100
1517
1124
1339
1413
1378
1398
1265
1511
1583
1341
1704
1294
1110
1111
1110
1111
1696
1275
1293
1117
1520
1744
1751
1253
1557
1123
1126
1532
1163
1736
1516
1342
1698
1365
1502
1562
1319
1615
1447
1524
1339
1417
1452
1586
1545
1579
1519
1386
1398
1508
1518
1144
1329
1374
1146
1147
1148
1381
1267
1385
1594
1397
1153
1720
1155
1407
1625
1331
1404
1161
1585
1624
1410
1493
1639
1164
1638
1430
1757
1174
1609
1709
1174
1390
1461
1177
1459
1412
1377
1179
1465
1460
1357
1359
1467
1598
1202
1680
1687
1200
1515
1187
1190
1505
1433
1489
1489
1490
1672
1674
1676
1633
1194
1220
1752
1226
1586
1491
1507
1334
1411
1564
1672
1201
1515
1732
1342
1370
1517
1303
1213
1277
1521
1294
1496
1519
1648
1215
1757
1245
1567
1215
1528
1569
1218
1292
1221
1753
1466
1224
1543
1573
1225
1698
1417
1546
1227
1228
1552
1545
1558
1708
1559
1236
1498
1526
1560
1388
1755
1241
1242
1568
1661
1664
1701
1532
1563
1643
1492
1566
1666
1246
1276
1248
1445
1567
1666
1571
1575
1745
1252
1286
1319
1471
1527
1488
1637
1677
1479
1264
1261
1260
1584
1753
1264
1265
1418
1583
1591
1631
1652
1269
1420
1274
1760
1274
1440
1749
1587
1749
1277
1596
1616
1702
1285
1326
1474
1723
1290
1290
1396
1594
1293
1297
1449
1453
1634
1687
1536
1601
1300
1606
1395
1710
1368
1458
1306
1593
1682
1549
1607
1411
1485
1311
1313
1717
1312
1437
1384
1443
1313
1450
1329
1318
1649
1754
1337
1656
1710
1318
1322
1482
1608
1628
1647
1477
1327
1611
1327
1330
1416
1578
1717
1512
1442
1557
1426
1481
1539
1654
1338
1341
1705
1381
1655
1474
1704
1341
1391
1368
1599
1346
1349
1675
1430
1724
1349
1624
1693
1630
1414
1581
1592
1656
1470
1506
1367
1470
1637
1363
1642
1735
1715
1739
1716
1570
1620
1436
1715
1436
1572
1387
1524
1756
1459
1508
1570
1653
1592
1392
1400
1709
1721
1400
1572
1388
1561
1654
1458
1607
1639
1680
1394
1635
1396
1719
1719
1423
1409
1407
1530
1534
1503
1727
1725
1622
1697
1566
1617
1512
1713
1738
1535
1428
1580
1684
1724
1570
1662
1451
1603
1645
1432
1538
1547
1446
1691
1670
1473
1481
1478
1582
1455
1679
1461
1472
1609
1578
1535
1759
1518
1703
1486
1755
1527
1748
1658
1608
1500
1682
1558
1553
1705
1541
1529
1618
1560
1659
1500
1689
1510
1613
1516
1752
1620
1530
1723
1584
1644
1670
1761
1545
1555
1617
1758
1646
1643
1638
1562
1646
1636
1677
1543
1733
1706
1750
1618
1705
1579
1615
1695
1706
1758
1756
1568
1619
1741
1587
1633
1665
1645
1757
1743
1746
1750
1640
1677
1685
1682
1589
1735
1601
1624
1593
1610
1675
1730
1726
1722
1609
1721
1709
1718
1616
1664
1650
1651
1747
1658
1694
1667
1649
1676
1663
1666
1671
1678
1640
1662
1751
1668
1654
1659
1662
1671
1741
1681
1683
1685
1688
1691
1696
1707
1700
1701
1723
1758
1713
1739
1739
1717
1734
1744
)


// ************************************************************************* //
