/*--------------------------------*- C++ -*----------------------------------*\
| =========                 |                                                 |
| \\      /  F ield         | OpenFOAM: The Open Source CFD Toolbox           |
|  \\    /   O peration     | Version:  2512                                  |
|   \\  /    A nd           | Website:  www.openfoam.com                      |
|    \\/     M anipulation  |                                                 |
\*---------------------------------------------------------------------------*/
FoamFile
{
    version     2.0;
    format      ascii;
    arch        "LSB;label=32;scalar=64";
    note        "nPoints:623  nCells:1762  nFaces:4027  nInternalFaces:3021";
    class       labelList;
    location    "constant/domain6/polyMesh";
    object      owner;
}
// * * * * * * * * * * * * * * * * * * * * * * * * * * * * * * * * * * * * * //


4027
(
0
0
0
0
1
1
1
2
2
2
2
3
3
3
4
4
4
5
5
5
6
6
7
7
7
7
8
8
9
9
9
10
10
10
11
11
12
12
12
12
13
13
13
14
14
14
14
15
15
15
15
16
16
16
17
17
18
18
18
18
19
19
19
20
20
20
20
21
22
22
22
23
23
24
24
24
24
25
25
25
26
26
27
27
27
28
28
28
28
29
29
29
29
30
30
30
31
31
32
32
32
32
33
33
33
34
34
35
35
35
36
36
36
36
37
37
37
38
38
38
39
40
40
40
41
41
41
42
42
42
43
43
43
43
44
44
44
44
45
45
45
46
46
46
46
47
47
47
47
48
48
49
49
49
49
50
50
50
51
51
52
52
52
53
53
53
53
54
54
55
55
55
56
56
56
56
57
57
58
58
58
58
59
59
60
60
60
60
61
61
61
62
62
63
63
63
63
64
64
64
65
65
66
66
66
67
67
67
67
68
68
69
69
69
69
70
70
70
71
71
71
71
72
72
72
73
73
74
74
74
74
75
75
75
75
76
76
77
77
77
78
78
79
79
80
80
80
81
81
81
81
82
82
82
82
83
83
83
84
84
85
85
86
86
87
87
87
87
88
88
89
89
89
89
90
90
90
90
91
91
91
92
93
93
94
94
94
94
95
95
95
95
96
96
96
96
97
97
98
98
99
99
99
100
100
100
100
101
101
101
102
102
103
103
103
103
104
104
104
105
105
105
106
106
106
107
107
108
108
108
109
109
109
110
110
110
110
111
111
111
111
112
112
112
113
113
114
114
114
115
116
116
116
116
117
117
118
118
118
119
119
119
119
120
120
120
121
121
122
122
122
123
123
123
124
125
125
126
126
126
126
127
127
127
128
128
128
129
129
129
129
130
130
131
131
131
131
132
132
133
133
133
134
134
134
134
135
135
135
136
136
137
137
137
138
138
139
139
139
139
140
140
141
141
142
142
143
143
143
144
144
145
145
145
146
146
146
147
147
147
148
148
148
149
149
149
150
150
150
151
151
151
152
152
152
153
153
153
153
154
154
154
155
155
155
155
156
156
156
156
157
157
157
158
158
159
159
159
160
160
161
161
161
162
162
162
163
163
163
164
164
164
165
165
165
166
166
166
166
167
167
168
168
169
169
170
170
170
170
171
171
171
172
172
172
172
173
173
174
174
175
175
175
176
176
176
177
177
177
178
178
178
179
179
179
180
180
180
180
181
181
182
182
183
183
183
184
184
184
185
185
185
186
186
186
187
187
187
188
188
189
189
189
189
190
190
191
191
191
192
192
192
193
193
193
194
194
194
195
195
195
196
196
196
197
198
198
199
199
199
199
200
200
201
201
201
201
202
202
203
204
204
205
205
205
206
206
206
207
207
207
208
208
208
209
209
209
210
210
211
211
211
211
212
212
212
213
213
214
214
214
214
215
215
215
216
216
216
216
217
217
217
218
218
218
218
219
219
220
220
221
222
222
222
222
223
223
224
224
224
225
225
225
226
226
226
227
227
227
227
228
228
228
229
230
230
230
231
231
232
232
232
232
233
233
233
233
234
234
234
235
235
235
235
236
236
237
237
238
238
238
239
239
240
240
240
240
241
241
242
242
243
243
243
244
244
244
245
245
246
246
246
246
247
247
248
248
249
249
249
249
250
250
250
250
251
251
252
252
252
253
253
253
254
254
254
254
255
255
255
256
256
257
257
257
258
258
259
259
259
260
260
261
261
262
262
262
262
263
263
263
264
264
264
265
265
265
265
266
266
266
267
267
267
267
268
268
268
268
269
269
270
271
271
271
272
272
273
273
273
273
275
275
276
276
276
277
277
277
278
278
279
279
279
280
280
281
281
281
282
282
283
284
284
284
284
285
285
285
285
286
286
287
287
288
288
288
289
290
290
290
290
291
291
291
292
292
293
293
293
294
294
294
295
295
295
296
296
296
296
297
297
298
298
298
299
299
299
299
300
300
300
301
301
301
302
302
303
303
304
305
305
305
305
306
306
306
307
307
307
308
308
309
309
309
310
310
311
311
311
312
313
313
313
313
314
314
314
315
315
316
316
317
317
317
317
318
318
318
319
319
320
320
320
320
321
321
322
322
322
323
323
323
324
324
325
325
326
326
326
326
327
327
328
328
329
329
330
330
330
331
331
332
332
333
333
334
334
334
334
335
335
335
336
336
337
337
337
338
338
338
338
339
339
340
340
341
341
342
342
342
343
343
343
344
344
345
345
345
346
346
346
346
347
347
347
348
348
348
349
349
349
349
350
351
351
351
352
352
352
353
353
353
353
354
354
354
355
355
355
356
357
357
357
358
358
358
359
359
359
360
360
360
360
361
361
362
362
363
363
363
363
364
364
365
365
365
366
366
366
367
367
368
368
368
369
369
369
369
370
370
370
371
371
372
372
372
373
373
373
373
374
374
374
375
375
376
376
376
377
377
377
378
379
379
380
380
380
380
381
382
382
383
383
383
383
384
385
385
385
386
386
387
387
387
388
388
388
389
389
389
389
390
390
390
391
391
391
391
392
392
392
393
393
394
394
395
395
396
396
397
398
398
398
399
399
399
400
400
400
401
401
402
402
402
402
403
403
403
404
405
405
405
406
407
407
407
407
408
408
409
409
409
410
410
411
411
412
412
412
414
414
415
415
415
416
416
417
417
417
417
418
418
418
419
419
419
420
420
420
421
421
422
422
423
423
423
423
424
424
425
425
425
426
426
426
426
427
427
428
429
430
430
431
431
431
431
432
432
433
434
435
435
435
435
436
436
436
437
437
438
438
438
439
439
439
440
440
440
441
441
442
442
442
443
443
444
444
444
445
445
446
447
447
447
448
448
448
449
449
449
450
450
450
451
451
451
452
452
453
453
453
453
454
454
454
455
455
455
456
456
457
457
458
458
458
459
459
460
460
460
461
461
462
462
462
463
463
464
464
464
465
465
465
466
467
467
467
469
469
470
470
470
471
471
472
472
473
473
473
473
474
475
475
476
476
476
477
478
478
478
479
479
479
480
480
480
481
481
481
482
482
482
483
483
483
483
484
484
484
485
485
485
485
486
486
487
487
488
488
488
489
489
490
490
490
491
491
491
491
492
492
492
492
493
493
493
494
495
495
496
496
497
497
497
498
498
498
499
500
500
500
501
501
502
503
503
503
504
504
505
505
506
506
507
507
507
508
508
508
509
510
510
511
511
511
512
512
513
513
513
514
514
514
514
515
515
515
516
516
516
517
517
517
518
518
518
518
519
519
519
520
520
521
521
521
522
522
523
523
523
524
524
524
525
525
525
526
526
526
526
527
527
527
528
528
528
529
529
529
529
530
530
530
531
532
533
533
534
534
534
535
535
535
536
536
536
537
538
538
538
539
539
540
540
541
541
542
542
543
543
544
545
545
545
546
546
546
546
547
547
548
548
549
549
550
550
551
551
552
552
552
553
553
553
554
554
554
555
555
556
557
557
558
558
559
559
560
561
562
562
562
563
563
564
565
565
566
566
567
567
567
568
569
569
570
571
571
571
572
572
572
573
573
574
574
575
576
576
576
577
577
577
578
578
578
579
579
580
580
580
581
582
582
582
582
583
583
583
584
584
585
585
585
586
586
586
587
588
588
589
589
589
590
590
591
591
591
591
592
592
592
593
593
595
595
596
596
597
597
597
597
598
598
599
599
600
600
600
600
601
601
601
602
602
603
604
604
605
606
606
607
607
607
608
609
609
609
610
610
610
611
611
612
612
613
613
614
614
614
615
615
615
616
616
617
617
618
618
619
619
619
620
620
620
620
621
621
622
622
624
624
624
625
626
626
627
628
628
628
628
629
629
632
633
633
634
634
634
635
636
636
637
637
638
639
639
639
640
640
641
641
641
643
643
643
644
644
644
645
646
646
647
647
647
648
648
649
649
650
650
650
651
651
651
652
653
653
653
654
654
655
655
655
656
656
657
657
658
658
659
660
660
660
660
661
661
661
661
662
662
663
664
664
664
664
665
665
666
666
667
667
668
669
669
669
670
670
670
670
671
671
671
672
673
673
674
674
675
675
676
676
677
677
678
678
678
679
679
680
680
682
682
682
683
683
684
684
684
685
685
686
687
687
687
687
688
688
688
688
689
689
689
690
690
691
692
693
693
694
695
695
695
696
697
697
697
698
699
699
700
700
700
700
701
701
701
702
702
703
703
704
704
704
705
705
706
706
706
707
707
708
708
708
709
709
710
710
711
711
712
712
713
714
714
715
715
716
716
716
718
718
718
719
720
720
721
721
721
722
722
722
723
723
724
725
725
726
727
727
728
728
728
729
730
730
731
731
731
732
732
732
733
734
734
734
734
735
735
736
737
737
738
738
738
738
739
739
739
740
740
740
740
741
741
742
742
743
744
744
745
745
746
746
747
748
749
750
750
751
751
751
752
753
754
754
755
755
755
756
756
757
757
758
758
758
759
760
761
762
762
763
764
764
765
765
766
767
767
767
768
768
769
769
770
771
772
772
773
774
774
774
775
776
776
778
778
779
780
780
780
781
781
782
782
783
783
784
784
784
785
785
786
787
787
788
789
789
790
790
791
791
791
792
793
793
794
794
794
795
797
798
798
798
800
800
801
802
802
802
804
804
805
805
805
806
806
806
807
807
807
808
808
808
809
809
810
810
813
813
814
814
814
815
815
816
816
816
817
817
817
818
818
819
819
819
820
820
820
821
821
822
822
823
823
823
824
824
825
826
827
827
828
829
830
830
831
833
833
834
834
835
835
836
837
837
838
838
839
839
839
840
840
841
841
843
844
844
845
845
846
846
846
847
847
848
848
849
850
851
851
851
852
852
853
854
855
856
856
856
857
857
858
858
860
861
861
862
862
863
864
864
865
865
866
866
866
866
868
868
869
870
870
871
871
872
872
873
873
873
874
874
875
876
876
876
877
877
878
878
879
880
881
881
881
883
883
884
885
886
886
887
887
888
888
889
889
889
890
891
891
892
892
894
894
895
896
896
897
897
897
898
898
900
900
900
900
901
901
902
903
903
905
906
906
907
907
908
908
909
909
909
910
910
911
911
912
912
913
913
914
914
915
915
916
916
918
918
918
919
920
920
921
923
923
923
924
924
925
925
926
927
927
927
928
928
930
930
931
932
932
933
933
933
934
934
935
935
936
936
936
937
938
938
938
939
939
939
940
940
941
942
942
942
943
943
944
945
945
946
946
947
947
947
949
950
950
950
951
953
953
954
954
955
956
957
957
957
958
958
959
960
960
961
962
963
964
964
965
966
966
967
968
968
969
969
970
971
972
972
973
973
975
975
976
977
977
978
979
979
980
985
986
987
988
988
989
990
990
991
991
991
992
992
992
993
993
995
996
996
997
997
998
999
999
1000
1001
1002
1002
1003
1003
1004
1005
1006
1007
1007
1008
1008
1009
1009
1010
1011
1011
1012
1012
1012
1013
1014
1015
1016
1016
1017
1017
1018
1019
1019
1019
1020
1021
1022
1023
1024
1025
1026
1027
1027
1028
1029
1031
1031
1032
1032
1033
1033
1034
1035
1035
1035
1036
1036
1036
1037
1037
1038
1039
1040
1040
1041
1041
1041
1042
1042
1043
1046
1048
1049
1050
1050
1052
1052
1053
1053
1054
1056
1057
1058
1058
1059
1061
1061
1063
1065
1065
1066
1066
1066
1067
1069
1069
1072
1072
1072
1074
1075
1076
1078
1078
1080
1082
1084
1086
1086
1086
1087
1088
1089
1089
1090
1090
1091
1092
1092
1093
1094
1094
1097
1097
1098
1099
1100
1101
1101
1102
1102
1103
1103
1103
1104
1104
1105
1107
1108
1109
1109
1109
1114
1114
1116
1118
1118
1119
1120
1120
1122
1122
1124
1125
1125
1126
1127
1128
1129
1130
1132
1133
1133
1134
1134
1135
1135
1137
1137
1139
1139
1140
1141
1142
1142
1142
1143
1143
1144
1145
1145
1147
1148
1149
1150
1150
1151
1152
1153
1154
1155
1155
1156
1157
1159
1160
1160
1161
1161
1162
1163
1165
1167
1167
1171
1171
1171
1173
1173
1174
1175
1175
1176
1177
1178
1178
1179
1180
1180
1181
1182
1183
1183
1184
1185
1185
1186
1186
1186
1187
1187
1188
1188
1189
1191
1191
1192
1193
1193
1193
1194
1195
1196
1196
1197
1197
1198
1198
1200
1201
1201
1202
1203
1205
1206
1207
1207
1208
1209
1209
1210
1210
1212
1212
1213
1213
1214
1215
1215
1216
1216
1219
1220
1221
1222
1223
1223
1224
1224
1225
1225
1226
1227
1228
1229
1230
1230
1232
1234
1234
1235
1236
1237
1237
1238
1238
1238
1239
1239
1240
1241
1241
1242
1243
1243
1243
1245
1245
1246
1247
1248
1248
1249
1250
1250
1251
1251
1253
1254
1254
1255
1255
1255
1256
1257
1258
1259
1260
1261
1262
1262
1263
1264
1265
1266
1266
1268
1270
1272
1272
1273
1273
1274
1275
1275
1276
1279
1279
1283
1284
1284
1286
1287
1288
1289
1289
1290
1291
1291
1294
1294
1295
1295
1296
1298
1299
1300
1301
1301
1302
1302
1303
1304
1304
1305
1305
1306
1306
1307
1307
1307
1308
1308
1310
1311
1312
1312
1313
1314
1314
1314
1315
1315
1316
1317
1317
1317
1318
1318
1319
1322
1323
1323
1325
1328
1328
1328
1329
1330
1332
1332
1333
1333
1333
1334
1335
1335
1335
1336
1337
1338
1338
1340
1342
1343
1344
1345
1345
1346
1347
1347
1348
1348
1348
1351
1353
1354
1356
1356
1357
1357
1358
1359
1361
1362
1363
1363
1370
1371
1372
1373
1373
1374
1374
1375
1375
1376
1376
1376
1377
1378
1378
1379
1381
1382
1382
1383
1383
1385
1386
1387
1388
1389
1390
1390
1391
1391
1392
1393
1394
1394
1400
1401
1402
1403
1406
1406
1407
1408
1410
1414
1414
1415
1415
1416
1418
1418
1419
1421
1422
1422
1423
1424
1427
1428
1428
1428
1431
1432
1432
1436
1437
1441
1442
1442
1448
1448
1453
1457
1458
1459
1461
1463
1464
1469
1472
1474
1475
1477
1479
1479
1480
1482
1483
1483
1484
1486
1486
1488
1492
1495
1497
1497
1499
1503
1504
1504
1505
1507
1508
1509
1509
1511
1522
1523
1523
1526
1526
1529
1530
1531
1532
1533
1535
1536
1541
1541
1542
1547
1548
1552
1553
1554
1555
1557
1558
1560
1560
1561
1563
1564
1564
1565
1566
1566
1568
1569
1573
1574
1579
1580
1580
1580
1584
1585
1588
1589
1589
1591
1591
1596
1598
1599
1600
1602
1602
1604
1605
1608
1612
1614
1614
1614
1616
1623
1627
1628
1629
1632
1633
1634
1636
1637
1638
1647
1648
1653
1657
1661
1670
1672
1679
1682
1684
1687
1690
1694
1695
1699
1699
1707
1707
1711
1712
1714
1716
1732
1743
1264
345
1445
976
350
1358
466
456
722
468
1257
798
1259
1489
1501
1617
933
935
1621
781
791
979
985
1433
534
1505
455
456
461
466
468
497
781
805
847
856
935
946
976
979
985
1011
1020
1103
1188
1247
1358
1367
1415
1433
1445
1449
1490
1501
1510
1529
1583
1591
1610
1613
1617
1621
821
1
5
6
1722
1716
146
9
1162
239
330
496
1714
1729
1422
438
617
998
327
662
1603
1004
476
1689
277
17
1441
1543
21
25
31
35
39
671
723
545
766
853
955
40
625
1250
1136
1392
1248
594
1125
204
41
910
509
1444
447
1249
1232
371
1704
521
649
943
728
887
42
921
961
1692
755
915
763
1056
1757
1514
444
652
849
1517
1153
1197
636
697
1600
343
1292
1098
1513
1211
651
645
1547
1648
1401
48
50
52
54
57
59
1376
61
602
62
65
66
68
73
76
1493
83
84
1093
88
1680
92
98
101
107
112
113
115
117
121
124
903
125
128
130
132
1185
138
1301
772
1106
1018
140
1755
490
351
397
141
1329
1440
1464
1310
1438
241
1325
143
1614
673
1598
1133
144
1086
1477
1324
578
433
1513
658
1144
1411
850
1460
640
202
1540
1181
638
607
899
632
535
1286
1563
732
733
1385
1637
826
936
243
1014
1620
745
810
705
829
151
596
1148
368
1195
1551
1590
1374
1387
1317
1723
1163
1179
152
515
198
1359
840
1252
258
1333
1094
1208
1268
1386
1316
716
1066
1200
314
1734
530
714
1627
1170
818
743
667
322
1360
924
512
154
1168
1684
1157
323
560
1166
1370
1628
1151
434
727
561
867
581
1334
1355
615
361
283
1380
609
1463
359
1498
1708
1439
742
1525
719
532
1536
592
904
1019
416
1446
657
1107
795
739
446
1381
1644
618
1043
1382
1479
1471
1050
451
604
984
1725
1282
980
608
289
158
321
159
160
163
168
177
181
182
188
190
1073
192
208
193
197
200
205
206
1738
698
683
815
213
1087
221
229
237
238
251
587
242
247
253
255
1396
1081
261
945
264
270
275
962
882
291
820
293
297
1472
341
517
1039
789
304
1037
308
309
337
312
1715
319
325
328
332
333
336
339
1534
1736
1393
822
1285
1312
1597
617
401
1356
1219
1008
1025
1309
1354
1720
1520
735
1549
1078
1654
1556
1588
1071
1058
484
970
1435
1051
1027
1127
709
991
864
941
1228
1037
471
356
1291
1234
1017
684
854
916
803
556
1469
1221
1214
905
1491
1065
677
1713
1130
1595
799
1663
1737
547
1118
912
1599
1518
1288
1601
1730
352
1512
1052
668
565
1636
1733
650
1475
527
871
554
552
761
537
1016
1548
1670
1240
613
827
1340
828
1253
1311
913
653
1398
778
550
1596
948
1032
724
1509
1673
1080
1450
932
977
663
776
1320
364
505
844
405
1225
571
1423
1467
1132
1280
737
1522
730
1465
989
1305
775
467
583
1574
1748
1575
355
1271
411
1146
540
1569
1651
746
1105
1033
1457
559
365
637
678
886
1112
375
1074
1532
800
376
1694
1604
963
1046
801
1239
696
845
381
580
1270
384
386
387
1114
878
1110
647
1493
884
1053
1564
623
458
390
393
394
400
404
408
412
413
421
427
432
442
448
457
1678
762
474
477
478
1728
1138
1129
481
487
488
489
495
501
944
502
510
511
1028
630
520
524
533
1632
539
544
837
549
555
557
558
566
563
564
566
568
570
686
574
576
579
584
1176
593
643
603
904
605
610
611
612
622
624
626
627
631
633
634
635
1582
1697
642
1169
646
654
656
659
1473
1418
1478
1470
1021
1160
825
1031
1296
1024
720
1666
892
843
1035
877
1230
1344
1710
1385
1482
771
672
752
1652
1192
1412
1419
675
1404
967
869
1017
777
681
682
919
1696
690
691
694
695
701
703
706
710
711
712
713
715
717
718
721
725
726
729
741
744
1410
1585
956
785
748
749
751
753
754
757
758
764
890
780
1507
767
768
1120
769
770
1594
1436
1572
779
782
1454
788
790
792
1452
971
1229
1573
796
797
1275
1142
1183
1633
1079
1609
951
888
906
1362
1735
804
1754
1095
832
1605
808
811
812
813
823
1165
1686
830
833
834
835
838
981
839
1126
848
855
858
859
860
861
862
863
1437
1384
872
875
876
1655
879
880
881
891
895
896
911
920
925
926
928
929
931
937
939
1619
940
1255
949
950
952
953
1587
1000
1667
958
1347
959
1319
1351
1743
1746
1701
969
1405
1503
1298
972
1677
1135
973
992
994
996
999
1002
1005
1006
1007
1009
1010
1022
1026
1030
1337
1038
1040
1499
1377
1042
1045
1047
1448
1742
1390
1345
1349
1241
1054
1330
1055
1408
1156
1273
1063
1064
1140
1070
1121
1395
1718
1731
1077
1082
1521
1088
1090
1104
1116
1119
1128
1284
1657
1131
1134
1481
1526
1555
1625
1352
1759
1141
1693
1184
1740
1237
1451
1750
1579
1431
1434
1217
1167
1177
1189
1191
1196
1202
1205
1210
1218
1223
1233
1256
1258
1263
1266
1267
1274
1278
1279
1417
1287
1290
1326
1331
1339
1342
1350
1361
1364
1366
1368
1630
1371
1567
1383
1571
1388
1389
1391
1397
1576
1399
1426
1430
1443
1499
1447
1485
1558
1454
1468
1519
1739
1456
1462
1480
1484
1492
1523
1537
1539
1544
1546
1552
1553
1620
1581
1664
1691
1727
1602
1607
1643
1741
1749
1717
1721
1711
1649
1674
)


// ************************************************************************* //
