/*--------------------------------*- C++ -*----------------------------------*\
| =========                 |                                                 |
| \\      /  F ield         | OpenFOAM: The Open Source CFD Toolbox           |
|  \\    /   O peration     | Version:  2512                                  |
|   \\  /    A nd           | Website:  www.openfoam.com                      |
|    \\/     M anipulation  |                                                 |
\*---------------------------------------------------------------------------*/
FoamFile
{
    version     2.0;
    format      ascii;
    arch        "LSB;label=32;scalar=64";
    class       vectorField;
    location    "constant/domain6/polyMesh";
    object      points;
}
// * * * * * * * * * * * * * * * * * * * * * * * * * * * * * * * * * * * * * //


623
(
(495 15 18.4808)
(5 15 18.4808)
(8.32667e-16 15 18.4808)
(500 15 18.4808)
(5 19.8062 20.2231)
(5 22.3793 24.6406)
(5 21.5238 29.6808)
(5 17.5783 33.0237)
(5 12.466 33.0397)
(5 8.4762 29.6808)
(5 7.62071 24.6406)
(5 10.1938 20.2231)
(12.0598 15 18.4808)
(19.6095 15 18.4808)
(27.1593 15 18.4808)
(34.7091 15 18.4808)
(42.2588 15 18.4808)
(49.8086 15 18.4808)
(57.3584 15 18.4808)
(64.9082 15 18.4808)
(72.4579 15 18.4808)
(80.0077 15 18.4808)
(87.5575 15 18.4808)
(95.1072 15 18.4808)
(102.657 15 18.4808)
(110.207 15 18.4808)
(117.757 15 18.4808)
(125.306 15 18.4808)
(132.856 15 18.4808)
(140.406 15 18.4808)
(147.956 15 18.4808)
(155.505 15 18.4808)
(163.055 15 18.4808)
(170.605 15 18.4808)
(178.155 15 18.4808)
(185.704 15 18.4808)
(193.254 15 18.4808)
(200.804 15 18.4808)
(208.354 15 18.4808)
(215.904 15 18.4808)
(223.453 15 18.4808)
(231.003 15 18.4808)
(238.553 15 18.4808)
(246.103 15 18.4808)
(253.652 15 18.4808)
(261.202 15 18.4808)
(268.752 15 18.4808)
(276.302 15 18.4808)
(283.851 15 18.4808)
(291.401 15 18.4808)
(298.951 15 18.4808)
(306.501 15 18.4808)
(314.051 15 18.4808)
(321.6 15 18.4808)
(329.15 15 18.4808)
(336.7 15 18.4808)
(344.25 15 18.4808)
(351.799 15 18.4808)
(359.349 15 18.4808)
(366.899 15 18.4808)
(374.449 15 18.4808)
(381.998 15 18.4808)
(389.548 15 18.4808)
(397.098 15 18.4808)
(404.648 15 18.4808)
(412.198 15 18.4808)
(419.747 15 18.4808)
(427.297 15 18.4808)
(434.847 15 18.4808)
(442.397 15 18.4808)
(449.946 15 18.4808)
(457.496 15 18.4808)
(465.046 15 18.4808)
(472.596 15 18.4808)
(480.145 15 18.4808)
(487.695 15 18.4808)
(495 19.8062 20.2231)
(495 22.3793 24.6406)
(495 21.5238 29.6808)
(495 17.5783 33.0237)
(495 12.466 33.0397)
(495 8.4762 29.6808)
(495 7.62071 24.6406)
(495 10.1938 20.2231)
(6.39228e-16 19.8062 20.2231)
(1.48787e-16 22.3793 24.6406)
(-4.10784e-16 21.5238 29.6808)
(-7.8192e-16 17.5783 33.0237)
(-7.83703e-16 12.466 33.0397)
(-4.10784e-16 8.4762 29.6808)
(1.48787e-16 7.62071 24.6406)
(6.39228e-16 10.1938 20.2231)
(500 19.8062 20.2231)
(500 22.3793 24.6406)
(500 21.5238 29.6808)
(500 17.5783 33.0237)
(500 12.466 33.0397)
(500 8.4762 29.6808)
(500 7.62071 24.6406)
(500 10.1938 20.2231)
(11.0978 21.11 21.6312)
(11.1107 22.4314 26.9926)
(10.6353 19.9462 31.6186)
(10.522 14.9238 33.4804)
(10.7123 10.1813 31.7279)
(10.2445 7.64521 27.4495)
(9.19607 8.19135 22.8356)
(10.7351 10.8644 19.724)
(16.5288 19.3186 19.8489)
(30.176 20.9458 21.4093)
(45.6203 21.0168 21.5032)
(60.8609 21.0276 21.5178)
(76.0043 21.0411 21.5361)
(91.1107 21.0442 21.5403)
(106.205 21.0302 21.5214)
(121.312 21.0333 21.5255)
(136.419 21.0436 21.5395)
(151.512 21.0348 21.5275)
(166.608 21.0179 21.5048)
(181.734 21.0311 21.5226)
(196.87 21.0216 21.5097)
(212.041 20.8811 21.3264)
(227.096 20.9793 21.4533)
(242.132 21.0307 21.5221)
(257.206 21.015 21.5008)
(272.298 20.9897 21.4671)
(287.411 20.9903 21.4678)
(302.511 21.0038 21.4858)
(317.604 20.9956 21.4749)
(332.708 20.9928 21.4712)
(347.811 21.0059 21.4887)
(362.898 20.9948 21.4739)
(378.01 20.9934 21.472)
(393.109 21.0038 21.4859)
(408.199 20.9932 21.4717)
(423.321 20.9912 21.4691)
(438.479 21.0231 21.5118)
(453.67 21.0776 21.5861)
(468.557 20.775 21.1954)
(482.815 20.5237 20.9074)
(489.188 21.2518 21.8377)
(490.584 22.4438 26.8969)
(488.808 15.5213 33.4626)
(489.718 7.66023 27.5227)
(490.804 8.19023 22.838)
(489.232 10.8884 19.7082)
(17.2882 10.3653 20.0842)
(24.2997 9.7772 20.5982)
(31.6506 9.41685 20.9729)
(39.2105 9.30706 21.0981)
(46.8245 9.28671 21.1219)
(54.4317 9.29575 21.1113)
(62.018 9.31266 21.0916)
(69.5842 9.32407 21.0783)
(77.1385 9.32776 21.0741)
(84.6912 9.32985 21.0716)
(92.2455 9.33203 21.0691)
(99.7972 9.33001 21.0715)
(107.345 9.32469 21.0776)
(114.892 9.32257 21.0801)
(122.442 9.32495 21.0773)
(129.993 9.3285 21.0732)
(137.545 9.33114 21.0702)
(145.097 9.32939 21.0722)
(152.648 9.32408 21.0783)
(160.198 9.31946 21.0837)
(167.745 9.31711 21.0864)
(175.288 9.32281 21.0798)
(182.822 9.33753 21.0628)
(190.336 9.37014 21.0255)
(197.825 9.44351 20.9434)
(205.377 9.48787 20.8949)
(212.985 9.42911 20.9593)
(220.561 9.33861 21.0615)
(228.128 9.31607 21.0876)
(235.69 9.32025 21.0828)
(243.249 9.32329 21.0792)
(250.802 9.31905 21.0841)
(258.355 9.31111 21.0934)
(265.906 9.30117 21.105)
(273.457 9.29512 21.1121)
(281.006 9.29268 21.1149)
(288.554 9.29455 21.1127)
(296.101 9.29907 21.1074)
(303.651 9.30244 21.1035)
(311.201 9.30122 21.1049)
(318.751 9.29721 21.1096)
(326.302 9.29592 21.1111)
(333.852 9.29712 21.1097)
(341.4 9.30054 21.1057)
(348.95 9.3033 21.1025)
(356.5 9.30186 21.1042)
(364.05 9.2976 21.1091)
(371.602 9.29589 21.1112)
(379.151 9.29672 21.1102)
(386.7 9.29999 21.1064)
(394.249 9.30263 21.1033)
(401.8 9.30084 21.1054)
(409.353 9.29572 21.1114)
(416.908 9.29256 21.1151)
(424.463 9.29224 21.1154)
(432.02 9.29796 21.1087)
(439.578 9.31404 21.09)
(447.118 9.35364 21.0443)
(454.567 9.4671 20.9175)
(461.738 9.83099 20.5465)
(468.942 9.97582 20.4123)
(475.896 9.98073 20.4079)
(482.735 10.4177 20.0434)
(37.9025 21.0119 21.4967)
(22.8998 20.3795 20.7547)
(53.2633 21.0214 21.5094)
(68.4506 21.0392 21.5335)
(83.5687 21.0488 21.5466)
(98.6656 21.0418 21.5371)
(113.765 21.0315 21.5231)
(128.871 21.0425 21.538)
(143.967 21.0425 21.538)
(159.063 21.0265 21.5163)
(174.17 21.0215 21.5096)
(189.3 21.0369 21.5303)
(204.443 20.9506 21.4156)
(219.592 20.899 21.3492)
(234.614 21.0213 21.5092)
(249.669 21.0289 21.5196)
(264.757 21.0034 21.4853)
(279.862 20.989 21.4661)
(294.973 20.9996 21.4802)
(310.065 21.0049 21.4872)
(325.163 20.9925 21.4708)
(340.271 21.0017 21.483)
(355.361 21.0045 21.4868)
(370.461 20.9939 21.4726)
(385.573 21.0021 21.4836)
(400.662 21.0052 21.4877)
(415.762 20.9911 21.4689)
(430.887 20.9983 21.4785)
(446.071 21.0506 21.5491)
(461.206 21.0363 21.5296)
(475.817 20.5088 20.8912)
(489.285 20.3397 31.2474)
(489.084 10.3673 31.8789)
(16.4067 8.30587 29.3629)
(64.392 22.1723 28.1734)
(33.2706 22.2065 28.0584)
(56.7839 22.182 28.1414)
(17.4353 22.3278 24.3826)
(483.53 8.30283 29.3568)
(79.5451 22.1593 28.2155)
(24.6566 22.2799 27.7845)
(94.6531 22.159 28.2165)
(71.9801 22.1644 28.1993)
(109.734 22.1769 28.1583)
(87.1058 22.1554 28.2281)
(124.858 22.1656 28.1953)
(102.194 22.167 28.1907)
(139.953 22.1609 28.2105)
(117.294 22.1741 28.1675)
(155.036 22.1739 28.1684)
(485.198 22.4615 26.74)
(170.155 22.1865 28.1265)
(49.0869 22.1963 28.0936)
(185.295 22.1676 28.1889)
(223.158 22.2378 27.9466)
(200.51 22.1885 28.1197)
(162.586 22.1842 28.1341)
(215.792 22.3269 27.5829)
(238.153 22.1702 28.1803)
(253.203 22.1773 28.1569)
(268.288 22.2057 28.0613)
(283.394 22.2142 28.0316)
(298.504 22.1989 28.0846)
(313.593 22.2014 28.0758)
(328.683 22.2121 28.0387)
(343.804 22.1975 28.0894)
(358.875 22.2029 28.0709)
(373.994 22.2106 28.0439)
(389.114 22.1961 28.0939)
(404.195 22.2004 28.0792)
(419.299 22.2134 28.0342)
(434.465 22.2007 28.0785)
(449.782 22.1406 28.2746)
(465.157 22.1644 28.1993)
(479.087 22.4915 26.3383)
(132.424 22.1569 28.2233)
(147.513 22.1612 28.2096)
(482.902 12.744 33.1334)
(177.712 22.1794 28.1501)
(485.526 7.82879 23.7845)
(20.9949 7.52924 25.3191)
(28.2503 7.53254 26.6787)
(35.9693 7.58239 27.0894)
(43.7308 7.59711 27.1838)
(51.4308 7.59573 27.1752)
(59.0748 7.58776 27.1248)
(66.6634 7.58159 27.084)
(74.2171 7.57999 27.0732)
(81.7693 7.57936 27.0689)
(89.3325 7.57754 27.0564)
(96.8893 7.57763 27.0571)
(104.431 7.58075 27.0784)
(111.974 7.58266 27.0912)
(119.527 7.58158 27.0839)
(127.08 7.58 27.0733)
(134.635 7.57807 27.0601)
(142.188 7.57787 27.0587)
(149.736 7.58069 27.0779)
(157.289 7.58264 27.0911)
(164.835 7.58552 27.1101)
(172.386 7.58416 27.1011)
(179.926 7.58004 27.0736)
(187.442 7.57212 27.0184)
(194.904 7.55576 26.8936)
(202.272 7.5201 26.5295)
(209.919 7.52359 26.5751)
(217.574 7.57087 27.0094)
(225.187 7.58645 27.1162)
(232.776 7.58382 27.0989)
(240.344 7.58078 27.0786)
(247.895 7.5825 27.0901)
(255.45 7.58523 27.1082)
(262.999 7.59088 27.1448)
(270.557 7.59424 27.166)
(278.11 7.59641 27.1794)
(285.658 7.59622 27.1783)
(293.204 7.59387 27.1636)
(300.752 7.59129 27.1474)
(308.3 7.59095 27.1452)
(315.846 7.59367 27.1624)
(323.402 7.59461 27.1683)
(330.955 7.59467 27.1687)
(338.503 7.59303 27.1584)
(346.051 7.59088 27.1448)
(353.598 7.59061 27.143)
(361.144 7.59337 27.1605)
(368.701 7.59452 27.1677)
(376.255 7.59483 27.1697)
(383.803 7.5933 27.1601)
(391.351 7.59114 27.1465)
(398.899 7.59093 27.1451)
(406.447 7.59394 27.1641)
(414.009 7.59565 27.1747)
(421.571 7.5968 27.1818)
(429.137 7.59538 27.1731)
(436.716 7.59008 27.1397)
(444.317 7.57935 27.0689)
(451.917 7.55802 26.9118)
(459.35 7.51682 26.4828)
(465.708 7.57239 24.9412)
(472.161 7.50106 25.8547)
(192.891 22.1643 28.1994)
(17.1037 21.3735 29.934)
(15.4309 17.4697 33.0625)
(14.5232 7.8202 23.8127)
(208.163 22.297 27.7139)
(41.2926 22.1995 28.0826)
(245.686 22.1661 28.1937)
(230.64 22.1891 28.1177)
(260.723 22.1962 28.0939)
(275.824 22.2147 28.0297)
(290.965 22.2079 28.0535)
(306.056 22.1936 28.1027)
(321.148 22.2081 28.0528)
(336.26 22.206 28.0601)
(351.363 22.1909 28.1116)
(366.43 22.2089 28.05)
(381.566 22.2061 28.0599)
(396.644 22.1948 28.0986)
(411.725 22.2119 28.0394)
(426.883 22.2102 28.0456)
(442.111 22.1719 28.1749)
(457.515 22.108 28.3737)
(472.169 22.4469 26.8714)
(479.18 7.56099 25.0262)
(16.7333 12.4873 33.0473)
(482.708 19.3942 32.0587)
(105.653 17.5461 33.0354)
(90.5967 17.4631 33.0648)
(75.434 17.5175 33.0456)
(28.9095 17.5755 33.0247)
(400.122 17.6378 33.0016)
(241.607 17.5175 33.0456)
(60.3238 17.5545 33.0323)
(279.291 17.7578 32.9553)
(67.8937 17.5189 33.0451)
(83.0159 17.4865 33.0566)
(158.508 17.5686 33.0272)
(52.5913 17.6865 32.9831)
(226.538 17.6576 32.9941)
(98.1266 17.4999 33.0519)
(44.7813 17.7292 32.9666)
(219.125 17.8832 32.9044)
(23.8046 10.4195 31.9195)
(415.19 17.7484 32.9591)
(264.166 17.7075 32.975)
(271.732 17.7377 32.9632)
(234.091 17.5297 33.0413)
(294.414 17.715 32.9721)
(309.525 17.6387 33.0013)
(324.587 17.739 32.9627)
(339.711 17.709 32.9744)
(354.822 17.6333 33.0033)
(369.884 17.7389 32.9628)
(385.014 17.7111 32.9736)
(392.604 17.6148 33.0102)
(256.666 17.5906 33.0192)
(407.622 17.7269 32.9675)
(470.187 17.1159 33.1761)
(430.353 17.7334 32.9649)
(453.525 17.3358 33.1077)
(476.119 20.4414 31.1423)
(475.82 9.77504 31.3613)
(461.677 17.0552 33.1937)
(32.4376 11.0121 32.3327)
(40.4469 11.1714 32.4299)
(48.2406 11.1935 32.443)
(55.9785 11.1338 32.4074)
(63.6153 11.0732 32.3706)
(71.1495 11.0647 32.3654)
(78.6804 11.0698 32.3685)
(86.2701 11.0406 32.3505)
(93.8546 11.025 32.3407)
(101.374 11.0634 32.3646)
(108.893 11.0942 32.3835)
(116.467 11.0775 32.3733)
(124.02 11.0695 32.3683)
(131.582 11.0478 32.3549)
(139.153 11.0276 32.3424)
(146.663 11.0675 32.3671)
(154.245 11.0677 32.3673)
(161.759 11.1165 32.397)
(169.338 11.1059 32.3906)
(176.897 11.0841 32.3773)
(184.453 11.0386 32.3492)
(191.945 10.9928 32.3205)
(199.358 10.8212 32.2088)
(206.328 9.886 31.4668)
(214.389 10.9762 32.31)
(222.103 11.1665 32.427)
(229.726 11.115 32.3961)
(237.317 11.058 32.3613)
(244.827 11.0822 32.3761)
(252.407 11.0817 32.3759)
(259.919 11.1448 32.414)
(267.499 11.1652 32.4263)
(275.063 11.1897 32.4407)
(282.617 11.1976 32.4454)
(290.166 11.1816 32.436)
(297.713 11.1541 32.4196)
(305.268 11.137 32.4094)
(312.773 11.1741 32.4316)
(320.349 11.1751 32.4321)
(327.91 11.1827 32.4366)
(335.463 11.1736 32.4312)
(343.012 11.1506 32.4176)
(350.566 11.1341 32.4077)
(358.07 11.1706 32.4294)
(365.647 11.1729 32.4308)
(373.211 11.1834 32.437)
(380.764 11.1761 32.4327)
(388.312 11.1528 32.4189)
(395.866 11.136 32.4088)
(403.371 11.1736 32.4313)
(410.952 11.1781 32.4339)
(418.522 11.1944 32.4435)
(426.093 11.1942 32.4434)
(433.68 11.1639 32.4255)
(441.313 11.0979 32.3857)
(449.052 10.9776 32.3109)
(457.014 10.7423 32.155)
(466.101 9.8501 31.4332)
(445.7 17.4915 33.0548)
(120.759 17.5403 33.0374)
(21.5877 17.4218 33.079)
(36.8961 17.6886 32.9823)
(362.318 17.7248 32.9683)
(347.304 17.6136 33.0106)
(143.431 17.4953 33.0535)
(332.146 17.7397 32.9625)
(286.852 17.7507 32.9581)
(150.977 17.5149 33.0466)
(302.005 17.6171 33.0093)
(249.142 17.5288 33.0416)
(166.02 17.6559 32.9948)
(317.024 17.7267 32.9675)
(377.449 17.7403 32.9622)
(422.765 17.7551 32.9564)
(437.978 17.6665 32.9907)
(135.902 17.47 33.0624)
(181.21 17.531 33.0408)
(113.163 17.6174 33.0092)
(173.6 17.6362 33.0022)
(196.368 17.4839 33.0575)
(212.197 18.9122 32.3796)
(477.459 15.6093 33.456)
(188.77 17.4986 33.0523)
(128.33 17.5044 33.0503)
(209.343 14.1468 33.4321)
(204.215 17.5479 33.0347)
(3.39302e-16 15.843 22.9246)
(-2.2266e-16 16.9206 27.9863)
(-3.14207e-17 11.9082 26.2638)
(500 15.843 22.9246)
(500 16.9206 27.9863)
(500 11.9082 26.2638)
(358.726 12.8241 26.4016)
(212.243 15.0345 25.841)
(465.963 14.265 25.4474)
(199.46 14.4409 24.8629)
(407.003 14.8504 26.0038)
(290.712 15.4209 26.6513)
(352.551 12.1432 27.1827)
(114.144 14.5407 25.4331)
(57.7921 14.5291 25.1969)
(481.153 12.9065 26.8832)
(343.914 11.6739 25.1751)
(459.74 15.3883 26.2032)
(278.559 14.6251 26.9166)
(369.575 15.2516 26.5966)
(421.404 14.628 26.1227)
(91.6155 13.5957 26.7074)
(13.4449 15.3261 24.4239)
(26.4369 15.1657 25.9481)
(121.041 14.9045 27.9293)
(309.137 15.0011 26.8798)
(387.398 17.1272 28.5281)
(301.989 14.7493 27.4778)
(318.677 14.8911 26.6976)
(253.628 15.2105 25.9603)
(236.716 14.9178 26.1954)
(223.283 14.1556 24.4836)
(451.919 15.402 25.7578)
(438.558 14.6741 26.0963)
(33.5954 14.5385 25.7694)
(332.465 14.9261 26.0731)
(340.103 15.5425 25.7225)
(185.456 13.2613 23.7374)
(394.206 15.3293 27.0294)
(296.761 14.1439 24.7526)
(40.6643 15.1355 25.5749)
(77.0774 17.0244 28.9439)
(147.553 11.8521 25.3557)
(382.772 14.885 26.2886)
(19.4068 16.5455 26.4767)
(175.655 15.365 27.1281)
(269.923 14.8469 26.1036)
(262.13 14.9526 25.9863)
(195.353 16.2098 28.2903)
(125.451 17.7208 25.3957)
(429.624 14.865 25.99)
(62.0245 12.1002 25.7073)
(160.583 16.9876 28.5952)
(153.172 14.794 26.6646)
(105.574 13.1444 26.9415)
(494.704 16.2119 22.1423)
(47.4219 16.8844 25.0715)
(218.077 15.4782 28.0669)
(472.165 14.9485 26.708)
(172.65 13.5522 23.0515)
(73.8987 14.2659 25.5518)
(6.84795 11.4664 27.6158)
(389.359 14.5695 23.9597)
(21.5222 11.5405 26.9124)
(325.899 14.8146 27.5399)
(486.077 12.272 26.6293)
(141.189 12.6117 26.8334)
(229.027 14.8878 26.6863)
(205.81 15.2338 26.2291)
(357.79 17.8807 25.8087)
(347.765 15.2403 27.06)
(413.968 15.3252 25.9089)
(400.48 14.3153 26.0314)
(16.7934 11.1174 29.0503)
(284.406 15.3241 24.0437)
(168.36 15.5182 27.1575)
(1.9558 15.0703 21.3865)
(490.855 16.3912 28.3017)
(180.563 12.4649 26.6026)
(128.403 13.3299 26.4512)
(11.3646 10.8889 25.1824)
(181.77 17.6181 24.9697)
(187.321 15.6488 28.1231)
(61.9783 18.6268 26.2052)
(79.1339 14.3178 24.4582)
(86.8966 17.7893 25.7523)
(478.224 17.1692 25.2366)
(100.975 17.5504 25.3397)
(164.176 14.8568 23.9075)
(484.214 15.3473 22.5881)
(46.3929 12.8236 28.0781)
(376.636 16.451 24.9887)
(245.07 14.6992 26.6899)
(66.2915 18.1139 29.3794)
(12.1232 11.7664 29.7322)
(159.767 12.5536 25.9978)
(363.794 12.1213 27.9329)
(8.05844 15.8698 25.0063)
(352.723 15.8051 23.8604)
(374.283 11.9572 26.1355)
(138.903 17.0956 24.9204)
(191.92 13.6132 24.0153)
(95.2168 18.3222 24.4576)
(214.632 11.2063 26.3283)
(52.0602 12.3636 26.5188)
(444.979 16.9416 24.558)
(476.258 12.0381 26.7038)
(378.769 12.0196 27.7769)
(485.975 15.9459 30.1503)
(145.203 16.6644 25.0522)
(83.0172 11.3497 28.9863)
(223.1 16.3155 29.5588)
(456.474 11.6822 24.8863)
(53.753 17.1073 24.2384)
(285.788 13.0256 29.1897)
(363.736 16.8599 24.8973)
(133.96 14.5713 26.3972)
(97.5256 11.7182 29.4546)
(491.319 11.0809 28.6031)
(71.655 17.5196 29.8729)
(446.207 12.5872 27.6587)
(217.906 13.4515 23.0732)
(15.2153 19.2883 26.3161)
(1.49136 19.4855 23.0794)
)


// ************************************************************************* //
