/*--------------------------------*- C++ -*----------------------------------*\
| =========                 |                                                 |
| \\      /  F ield         | OpenFOAM: The Open Source CFD Toolbox           |
|  \\    /   O peration     | Version:  2512                                  |
|   \\  /    A nd           | Website:  www.openfoam.com                      |
|    \\/     M anipulation  |                                                 |
\*---------------------------------------------------------------------------*/
FoamFile
{
    version     2.0;
    format      ascii;
    arch        "LSB;label=32;scalar=64";
    class       labelList;
    location    "constant/domain4/polyMesh";
    object      cellRegionAddressing;
}
// * * * * * * * * * * * * * * * * * * * * * * * * * * * * * * * * * * * * * //


1856
(
25
39
99
125
129
131
134
164
209
216
227
233
237
242
254
255
281
303
305
336
353
363
367
372
375
378
405
440
450
454
460
466
471
502
506
542
550
553
583
634
640
651
652
669
675
677
678
693
698
701
707
710
713
724
738
747
754
760
763
767
774
783
784
785
786
791
801
803
810
812
814
830
831
843
848
851
852
853
857
869
899
900
905
915
937
960
967
975
989
997
1001
1002
1005
1019
1062
1064
1065
1087
1088
1102
1107
1108
1117
1121
1122
1127
1132
1133
1134
1141
1143
1199
1220
1223
1224
1230
1239
1269
1272
1313
1372
1375
1379
1388
1442
1457
1466
1474
1486
1520
1539
1557
1596
1603
1610
1644
1668
1669
1679
1692
1705
1714
1769
1783
1786
1791
1792
1796
1798
1820
1821
1822
1827
1842
1874
1895
1896
1912
1927
1943
1950
1988
1998
2014
2024
2075
2077
2080
2083
2084
2087
2088
2095
2100
2108
2115
2130
2132
2133
2145
2155
2161
2162
2177
2185
2190
2197
2200
2206
2213
2218
2225
2227
2270
2274
2283
2287
2288
2302
2305
2310
2317
2332
2347
2384
2395
2399
2492
2515
2554
2555
2557
2563
2573
2581
2591
2610
2626
2632
2640
2643
2647
2650
2652
2654
2656
2657
2662
2665
2666
2667
2668
2674
2676
2680
2682
2689
2691
2694
2696
2699
2705
2709
2713
2715
2718
2722
2724
2726
2728
2729
2731
2732
2737
2738
2740
2747
2753
2754
2757
2759
2761
2765
2771
2773
2774
2775
2778
2779
2784
2786
2790
2796
2798
2803
2808
2809
2810
2817
2818
2824
2829
2838
2841
2844
2845
2846
2849
2850
2851
2855
2859
2868
2869
2886
2899
2906
2909
2916
2918
2923
2924
2928
2931
2932
2938
2948
2952
2953
2955
2961
2962
2967
2971
2974
2980
2989
2992
2993
2998
3001
3009
3013
3017
3027
3030
3031
3032
3041
3042
3045
3047
3050
3053
3059
3073
3095
3097
3098
3109
3111
3115
3119
3121
3123
3136
3139
3143
3144
3145
3146
3148
3150
3154
3159
3174
3179
3180
3185
3208
3210
3212
3216
3218
3223
3225
3227
3237
3243
3252
3255
3262
3279
3291
3295
3301
3307
3312
3322
3330
3331
3337
3339
3361
3392
3418
3425
3428
3438
3444
3445
3452
3461
3463
3509
3523
3542
3557
3560
3573
3582
3598
3615
3646
3649
3651
3654
3658
3691
3704
3705
3707
3708
3710
3712
3720
3736
3753
3777
3800
3808
3819
3822
3835
3838
3842
3845
3862
3864
3868
3870
3875
3883
3923
3947
3972
3973
3986
3990
4026
4049
4052
4053
4056
4067
4072
4073
4077
4100
4123
4127
4128
4135
4139
4147
4152
4154
4159
4165
4167
4177
4181
4187
4192
4193
4227
4237
4242
4254
4274
4283
4286
4292
4301
4304
4317
4320
4322
4335
4353
4360
4361
4375
4406
4422
4433
4442
4457
4460
4461
4465
4467
4469
4488
4498
4509
4515
4523
4544
4565
4572
4573
4580
4601
4602
4623
4639
4651
4656
4659
4660
4699
4718
4723
4736
4738
4751
4753
4756
4766
4775
4776
4777
4798
4804
4806
4808
4809
4859
4865
4867
4883
4886
5001
5010
5017
5020
5038
5046
5072
5084
5094
5097
5105
5116
5142
5150
5164
5184
5200
5201
5205
5221
5230
5232
5233
5237
5267
5274
5276
5282
5303
5312
5332
5333
5367
5397
5414
5432
5444
5448
5450
5452
5469
5473
5478
5483
5485
5495
5545
5572
5582
5585
5589
5597
5599
5612
5615
5623
5624
5644
5656
5707
5740
5741
5746
5747
5749
5788
5811
5842
5869
5878
5886
5910
5911
5929
5940
5948
5963
5964
5967
5987
5988
5996
6001
6004
6040
6041
6050
6057
6064
6102
6107
6108
6124
6136
6141
6146
6159
6172
6186
6223
6274
6276
6302
6310
6321
6363
6377
6393
6397
6399
6400
6406
6407
6416
6440
6445
6447
6449
6451
6453
6457
6459
6480
6489
6491
6495
6541
6549
6550
6575
6660
6666
6667
6669
6672
6692
6700
6704
6706
6717
6776
6801
6825
6843
6857
6859
6861
6915
6918
6920
6924
6933
6941
6944
6961
6982
6996
7002
7039
7052
7058
7067
7068
7084
7086
7120
7147
7247
7262
7378
7383
7396
7455
7464
7525
7534
7609
7709
7738
7920
8104
8226
8236
8353
8440
8612
8744
8765
8806
8854
8873
8915
8990
8997
9002
9028
9046
9056
9058
9075
9079
9087
9089
9098
9104
9112
9113
9121
9131
9137
9153
9159
9160
9179
9182
9203
9209
9216
9223
9229
9230
9236
9237
9239
9244
9250
9254
9262
9289
9291
9293
9294
9295
9300
9301
9310
9318
9321
9323
9326
9327
9329
9331
9341
9347
9358
9359
9373
9380
9387
9388
9392
9438
9449
9451
9452
9458
9463
9466
9472
9473
9476
9480
9481
9485
9486
9489
9491
9497
9507
9515
9526
9532
9550
9564
9566
9579
9590
9607
9610
9623
9627
9640
9655
9660
9663
9670
9671
9673
9674
9721
9737
9742
9749
9751
9758
9762
9764
9795
9805
9809
9825
9835
9836
9841
9843
9851
9855
9860
9862
9864
9871
9872
9873
9878
9910
9924
9926
9928
9969
9998
10002
10009
10015
10024
10040
10052
10063
10067
10084
10124
10162
10195
10210
10212
10215
10242
10245
10372
10376
10378
10382
10392
10528
10532
10535
10536
10539
10543
10832
10836
10844
10847
10849
10851
10934
11108
11128
11130
11256
11258
11263
11272
11274
11284
11360
11366
11370
11380
11384
11389
11393
11500
11524
11649
11685
11709
11710
11728
11764
11781
11879
11881
11951
11960
11966
11984
12029
12051
12064
12066
12081
12082
12093
12097
12122
12144
12337
12356
12443
12623
12649
12671
12685
12816
12823
12937
12984
13096
13100
13103
13110
13115
13174
13297
13329
13330
13331
13480
13515
13710
13715
13717
13720
13786
13802
13856
13890
13928
14091
14177
14199
14282
14358
14369
14588
14669
14741
14763
14772
14910
15025
15087
15308
15381
15461
15468
15643
15935
16026
16038
16259
16326
16432
16566
16624
16748
17027
17262
17349
17391
17433
17467
17622
17672
17683
18033
18332
18340
18389
18524
18539
18578
18585
18621
18642
18656
18666
18681
18724
18742
18744
18751
18752
18755
18758
18761
18762
18763
18771
18773
18776
18778
18779
18780
18783
18784
18787
18789
18792
18798
18815
18822
18823
18824
18825
18839
18859
18860
18877
18884
18893
18913
18919
18935
18943
18951
18952
18954
18967
18970
18972
18973
18977
18984
18988
18990
19019
19024
19048
19054
19056
19070
19077
19078
19081
19087
19090
19091
19101
19106
19123
19130
19131
19135
19156
19160
19184
19186
19191
19193
19198
19201
19203
19204
19208
19223
19226
19228
19229
19233
19234
19246
19262
19270
19287
19292
19294
19307
19339
19357
19495
19527
19659
19665
19668
19672
19691
19712
19766
19776
19999
20064
20082
20088
20089
20143
20326
20334
20404
20417
20426
20430
20653
20903
20946
20947
20961
20971
20983
20992
21008
21014
21019
21033
21046
21118
21121
21140
21158
21162
21175
21233
21282
21304
21311
21318
21320
21321
21334
21353
21371
21380
21435
21454
21537
21550
21555
21660
21735
21875
21878
21880
21881
21889
21894
22057
22116
22123
22124
22125
22130
22135
22158
22159
22161
22165
22170
22300
22326
22370
22423
22534
22538
22546
22613
22616
22689
22697
22770
22800
22830
22833
22847
22848
22865
22876
22889
22895
22950
22995
23047
23178
23182
23188
23196
23201
23205
23212
23213
23221
23229
23232
23236
23238
23241
23243
23244
23245
23246
23248
23255
23260
23264
23267
23286
23294
23298
23303
23308
23325
23331
23341
23345
23350
23372
23375
23378
23406
23413
23422
23437
23439
23485
23493
23518
23522
23562
23569
23572
23573
23644
23773
23783
23874
23884
23891
23913
23960
23987
24008
24030
24083
24084
24103
24118
24240
24261
24370
24423
24453
24514
24536
24633
24716
24729
24750
24853
24881
24936
24947
25029
25055
25061
25144
25157
25327
25437
25517
25532
25578
25582
25664
25817
25833
25855
25878
25939
25964
25992
26056
26113
26179
26398
26530
26572
26624
26739
26740
26783
26784
26876
26885
26901
26949
27091
27152
27539
27674
27732
27759
27900
27937
27954
27973
28224
28514
28553
28681
28690
28808
28820
28895
28931
29064
29175
29390
29403
29406
29429
29491
29517
29545
29596
29641
29676
29688
29794
29796
29865
29880
29898
29902
29928
29970
29981
30067
30075
30131
30162
30198
30262
30405
30420
30520
30609
30736
30740
30761
30770
30784
30827
30833
30883
30894
30899
30902
30909
30922
30927
30942
31002
31004
31014
31017
31027
31030
31036
31038
31040
31046
31106
31146
31153
31218
31222
31229
31232
31251
31252
31253
31254
31264
31270
31279
31311
31323
31326
31327
31351
31355
31364
31366
31407
31458
31498
31503
31507
31509
31626
31640
31646
31651
31674
31704
31721
31754
32159
32326
32366
32445
32524
32679
32714
32767
32771
32773
32774
32777
32779
32782
32792
32794
32800
32807
32809
32810
32812
32817
32818
32819
32823
32824
32828
32831
32838
32842
32846
32852
32871
32875
32880
32881
32882
32886
32889
32891
32893
32895
32898
32901
32908
32911
32912
32917
32924
32930
32934
32936
32941
32942
32945
32947
32949
32952
32953
32956
32961
32966
32979
33012
33017
33026
33027
33028
33033
33045
33046
33049
33052
33058
33060
33091
33092
33093
33094
33117
33118
33126
33129
33133
33135
33148
33149
33182
33187
33214
33218
33219
33227
33238
33240
33241
33264
33268
33272
33283
33284
33285
33305
33324
33334
33337
33338
33362
33363
33365
33369
33453
33507
33715
33728
33765
33831
34443
34518
34548
34559
34707
34735
35013
35939
35954
36242
36271
36287
36406
36474
36726
36863
37039
37053
37118
37147
37286
37433
37570
37767
37806
37810
37813
37822
37835
37836
37858
37863
37875
37882
37883
37897
37912
37935
37969
38008
38009
38035
38050
38088
38095
38106
38133
38157
38172
38179
38186
38236
38306
38326
38333
38349
38377
38400
38432
38446
38451
38465
38497
38514
38525
38545
38546
38557
38571
38574
38595
38626
38671
38729
38752
38753
38762
38816
38822
38823
38854
38861
38890
38891
38911
38915
38934
39052
39078
39100
39107
39132
39154
39159
39274
39277
39335
39360
39388
39393
39395
39421
39486
39487
39488
39509
39516
39531
39554
39567
39609
39643
39704
39729
39760
39773
39779
39800
39824
39867
39870
39871
39895
39926
39952
39996
40014
40015
40032
40035
40064
40066
40211
40248
40273
40305
40310
40311
40331
40347
40356
40379
40470
40480
40489
40498
40532
40552
40633
40640
40651
40662
40710
40727
40728
40731
40749
40842
40902
40940
40955
40962
40971
40983
40989
41004
41014
41027
41032
41039
41046
41049
41054
41071
41076
41109
41123
41144
41162
41248
41271
41272
41282
41302
41310
41319
41327
41345
41350
41364
41368
41398
41400
41407
41427
41428
41433
41437
41473
41489
41498
41511
41514
41516
41519
41548
41570
41602
41606
41696
41753
41755
41757
41774
41786
41792
41807
41808
41827
41832
41851
41857
41881
41923
41927
41941
41945
41976
42003
42032
42063
42072
42089
42097
42100
42113
42119
42184
42247
42269
42276
42278
42307
42315
42329
42339
42394
42414
42446
42455
42469
42502
42505
42509
42526
42715
42757
42781
42786
42855
42895
42897
42908
42922
42976
42990
43004
43020
43112
43122
43126
43155
43159
43165
43202
43222
43236
43241
43255
43264
43297
43315
43337
43374
43429
43431
43436
43469
43475
43486
43497
43518
43533
43536
43542
43549
43558
43575
43586
43598
43628
43640
43657
43690
43694
43828
43834
43864
43869
)


// ************************************************************************* //
