/*--------------------------------*- C++ -*----------------------------------*\
| =========                 |                                                 |
| \\      /  F ield         | OpenFOAM: The Open Source CFD Toolbox           |
|  \\    /   O peration     | Version:  2512                                  |
|   \\  /    A nd           | Website:  www.openfoam.com                      |
|    \\/     M anipulation  |                                                 |
\*---------------------------------------------------------------------------*/
FoamFile
{
    version     2.0;
    format      ascii;
    arch        "LSB;label=32;scalar=64";
    class       labelList;
    location    "constant/domain4/polyMesh";
    object      faceRegionAddressing;
}
// * * * * * * * * * * * * * * * * * * * * * * * * * * * * * * * * * * * * * //


4215
(
99
100
101
102
155
156
157
386
387
388
389
482
483
484
498
499
500
501
506
507
508
517
518
519
520
633
634
635
636
802
803
805
827
828
829
830
869
870
871
891
892
893
907
908
909
926
927
928
929
973
974
975
977
978
979
1075
1076
1157
1159
1160
1165
1166
1167
1168
1283
1284
1286
1350
1351
1352
1389
1390
1391
1403
1404
1406
1422
1423
1424
1433
1434
1436
1445
1446
1448
1550
1551
1552
1687
1688
1689
1690
1725
1726
1727
1728
1741
1742
1743
1764
1765
1766
1786
1787
1788
1789
1805
1806
1807
1919
1920
1921
1922
1935
1937
2071
2072
2074
2100
2101
2102
2103
2111
2112
2113
2222
2223
2224
2418
2419
2420
2437
2438
2439
2440
2479
2480
2481
2482
2483
2484
2485
2549
2550
2551
2552
2571
2572
2573
2578
2579
2580
2583
2584
2638
2639
2640
2641
2656
2657
2658
2667
2669
2688
2689
2690
2699
2700
2702
2711
2712
2713
2714
2754
2755
2756
2804
2805
2807
2833
2835
2858
2859
2860
2861
2881
2882
2883
2892
2893
2906
2907
2908
2932
2934
2935
2967
2968
2969
2970
2971
2972
2973
2974
2975
2976
2977
2979
2980
2981
2982
2999
3000
3002
3037
3038
3040
3045
3046
3048
3072
3074
3075
3080
3081
3083
3088
3089
3090
3091
3146
3147
3148
3149
3150
3151
3153
3198
3199
3200
3217
3218
3219
3227
3228
3229
3230
3231
3232
3233
3235
3236
3237
3238
3250
3252
3294
3295
3402
3403
3404
3405
3406
3407
3409
3426
3427
3429
3464
3465
3466
3467
3546
3547
3548
3627
3628
3630
3653
3654
3655
3656
3684
3685
3686
3687
3734
3736
3737
3766
3767
3768
3780
3781
3782
3783
3784
3786
3787
3796
3797
3799
3847
3848
3849
4005
4006
4007
4013
4014
4015
4016
4017
4018
4019
4097
4098
4099
4100
4101
4102
4103
4153
4154
4155
4156
4170
4171
4172
4173
4174
4175
4176
4203
4205
4206
4219
4220
4221
4222
4223
4224
4225
4240
4241
4242
4259
4260
4261
4262
4263
4264
4265
4268
4269
4270
4292
4293
4294
4299
4300
4302
4494
4495
4496
4497
4571
4572
4573
4574
4583
4585
4586
4587
4588
4590
4609
4610
4611
4639
4640
4641
4642
4747
4748
4749
4750
4759
4761
4909
4911
5126
5128
5129
5136
5137
5138
5150
5151
5180
5181
5182
5377
5379
5431
5432
5433
5464
5465
5466
5467
5493
5494
5495
5535
5536
5537
5654
5655
5657
5722
5723
5724
5786
5788
5789
5927
5928
5929
5930
5954
5955
5956
5979
5980
5981
5982
6102
6105
6190
6191
6192
6193
6194
6195
6197
6229
6230
6231
6274
6314
6315
6316
6344
6345
6346
6537
6538
6539
6540
6592
6595
6604
6606
6622
6623
6624
6625
6626
6627
6638
6639
6640
6641
6646
6647
6648
6649
6722
6723
6724
6725
6727
6728
6729
6731
6748
6749
6750
6803
6804
6805
6919
6920
6921
6922
6993
6995
6996
6998
6999
7000
7051
7053
7054
7104
7105
7106
7107
7165
7166
7167
7191
7192
7193
7194
7323
7324
7325
7355
7356
7357
7358
7406
7407
7408
7409
7440
7441
7442
7443
7608
7609
7610
7615
7616
7622
7624
7633
7634
7635
7636
7637
7638
7639
7640
7649
7650
7653
7654
7655
7678
7679
7680
7681
7695
7696
7697
7725
7727
7728
7753
7754
7755
7756
7812
7813
7815
7818
7819
7820
7821
7822
7823
7824
7862
7863
7864
7897
7899
7900
7920
7921
7923
7924
7980
7981
7982
8008
8009
8010
8011
8024
8025
8026
8027
8051
8053
8062
8063
8084
8085
8087
8111
8112
8113
8129
8130
8131
8156
8157
8158
8159
8163
8164
8165
8319
8320
8333
8334
8335
8363
8364
8365
8378
8379
8381
8382
8383
8384
8430
8431
8432
8441
8442
8443
8444
8459
8460
8462
8487
8488
8489
8541
8542
8543
8544
8598
8599
8600
8601
8726
8727
8729
8766
8768
8779
8780
9111
9112
9113
9114
9199
9200
9201
9339
9340
9341
9342
9344
9345
9350
9370
9371
9406
9408
9433
9434
9465
9466
9468
9536
9537
9539
9592
9593
9594
9613
9615
9616
9645
9646
9647
9648
9655
9656
9657
9658
9669
9670
9671
9680
9681
9682
9687
9688
9689
9696
9697
9702
9703
9704
9705
9706
9707
9708
9723
9724
9732
9734
9735
9736
9737
9738
9739
9740
9741
9742
9743
9761
9762
9763
9768
9770
9771
9784
9785
9791
9792
9793
9794
9816
9817
9818
9824
9832
9834
9835
9840
9841
9850
9851
9852
9853
9873
9874
9875
9876
9889
9901
9902
9903
9908
9909
9910
9917
9918
9931
9932
9933
9934
9939
9940
9941
9946
9947
9948
9949
9954
9955
9956
9957
9959
9964
9965
9966
9967
9968
9969
9970
9985
9986
9987
9988
9989
9990
9995
9996
10018
10019
10020
10040
10041
10042
10043
10044
10055
10056
10057
10060
10062
10067
10068
10082
10083
10084
10103
10104
10106
10111
10112
10113
10114
10115
10116
10117
10126
10127
10128
10145
10146
10147
10152
10153
10154
10167
10168
10187
10188
10190
10195
10196
10212
10213
10230
10231
10232
10233
10234
10235
10236
10237
10238
10240
10263
10264
10266
10267
10268
10287
10288
10289
10305
10306
10307
10308
10338
10339
10340
10341
10350
10351
10353
10361
10362
10363
10364
10365
10366
10367
10368
10369
10377
10378
10379
10380
10381
10382
10383
10385
10398
10399
10401
10444
10445
10446
10447
10448
10450
10502
10503
10504
10505
10549
10550
10551
10552
10572
10573
10582
10583
10584
10606
10607
10610
10611
10612
10613
10626
10627
10628
10629
10630
10631
10633
10654
10655
10657
10658
10677
10678
10679
10680
10714
10715
10716
10729
10730
10731
10732
10733
10758
10759
10760
10761
10763
10777
10778
10779
10790
10791
10792
10793
10802
10803
10821
10822
10852
10861
10862
10863
10864
10866
10867
10868
10883
10884
10885
10886
10893
10894
10895
10923
10924
10925
10937
10984
10985
10986
10996
10997
10998
11000
11001
11002
11003
11004
11005
11035
11036
11037
11038
11040
11041
11049
11050
11056
11065
11066
11067
11076
11077
11078
11096
11097
11143
11144
11145
11146
11222
11223
11224
11225
11230
11231
11232
11233
11234
11236
11237
11275
11281
11282
11283
11293
11294
11295
11308
11309
11310
11315
11316
11317
11323
11362
11363
11373
11374
11375
11387
11388
11389
11390
11391
11392
11393
11394
11399
11400
11401
11405
11406
11407
11419
11420
11436
11437
11438
11486
11488
11502
11503
11504
11505
11520
11521
11600
11601
11602
11609
11610
11615
11616
11629
11631
11634
11650
11651
11652
11653
11657
11658
11663
11664
11665
11698
11700
11701
11722
11723
11724
11755
11756
11757
11765
11766
11767
11787
11788
11789
11790
11846
11847
11888
11889
11901
11902
11920
11921
11941
11942
11943
11959
11960
11961
11992
11993
11994
11995
12018
12019
12021
12022
12023
12024
12025
12045
12050
12051
12052
12053
12131
12133
12134
12241
12242
12328
12329
12330
12331
12350
12352
12353
12362
12364
12365
12400
12401
12402
12403
12422
12423
12424
12426
12428
12429
12447
12448
12478
12479
12480
12485
12486
12488
12631
12632
12681
12747
12748
12796
12798
12799
12808
12809
12810
12851
12852
12853
12886
12887
12942
12944
12945
13007
13008
13009
13117
13118
13119
13128
13134
13135
13137
13144
13145
13158
13159
13160
13273
13274
13275
13319
13320
13321
13323
13324
13330
13331
13332
13333
13334
13339
13341
13342
13346
13348
13373
13374
13375
13427
13428
13429
13488
13490
13575
13576
13577
13657
13679
13680
13719
13728
13729
13730
13768
13769
13770
13771
13780
13791
13792
13799
13800
13801
13859
13860
13861
13862
13865
13876
13877
13883
13884
13885
13900
13901
13902
13929
13930
13932
14071
14072
14073
14074
14143
14144
14221
14223
14224
14225
14274
14275
14276
14289
14291
14292
14414
14415
14491
14493
14500
14502
14503
14504
14505
14513
14514
14550
14551
14566
14567
14568
14570
14584
14662
14663
14664
14747
14748
14749
14760
14761
14762
14785
14786
14787
14798
14799
14822
14823
14824
14825
14842
14848
14849
14866
14867
14868
14887
14889
14894
14895
14931
14932
14946
14947
14966
14967
14981
14983
14984
14986
15105
15136
15137
15153
15154
15191
15257
15258
15259
15290
15291
15292
15298
15300
15301
15322
15324
15325
15353
15363
15364
15408
15410
15417
15418
15423
15466
15467
15530
15532
15555
15556
15557
15558
15559
15560
15561
15562
15613
15614
15615
15720
15721
15776
15777
15778
15811
15812
15841
15891
15892
15893
15894
15902
15903
15904
15924
15925
15926
15988
15989
15990
16027
16028
16069
16070
16087
16088
16089
16116
16117
16190
16191
16192
16193
16261
16262
16263
16286
16287
16289
16290
16309
16381
16382
16383
16385
16386
16453
16454
16508
16509
16510
16549
16565
16566
16573
16574
16575
16709
16710
16768
16769
16784
16785
16786
16787
16829
16830
16831
16832
16835
16879
16885
16886
16887
16894
16895
16927
16928
16929
16957
16958
16960
16961
17025
17027
17048
17049
17051
17053
17054
17060
17062
17063
17064
17065
17224
17225
17245
17246
17251
17252
17304
17305
17313
17314
17315
17693
17694
17695
17722
17743
17744
17752
17753
17803
17804
17805
17806
17826
17827
17828
17943
17944
17976
17977
17978
17987
17988
17989
18010
18043
18045
18046
18126
18128
18129
18153
18154
18155
18156
18193
18194
18195
18258
18259
18313
18314
18315
18316
18317
18318
18319
18330
18331
18332
18333
18389
18391
18421
18426
18427
18428
18429
18443
18444
18536
18537
18538
18561
18563
18564
18568
18569
18591
18592
18658
18659
18660
18686
18687
18747
18748
18749
18750
18751
18752
18753
18867
18968
18969
18970
18971
19025
19079
19080
19119
19120
19131
19133
19134
19138
19139
19140
19141
19147
19148
19209
19210
19225
19237
19242
19243
19244
19271
19272
19432
19433
19520
19549
19556
19557
19558
19571
19593
19594
19596
19601
19602
19603
19649
19650
19651
19652
19660
19661
19690
19691
19692
19757
19758
19795
19796
19797
19958
19959
19960
19961
20064
20065
20066
20067
20068
20070
20086
20088
20093
20094
20224
20298
20299
20300
20409
20410
20499
20500
20501
20530
20531
20552
20553
20554
20632
20633
20634
20635
20636
20637
20638
20639
20699
20700
20731
20732
20759
20760
20806
20807
20808
20810
20818
20820
20884
20885
20886
20887
20888
20889
20890
20891
20915
20931
20932
20933
20942
20944
20945
21061
21062
21063
21064
21065
21095
21096
21116
21117
21118
21142
21265
21266
21281
21282
21283
21284
21285
21286
21287
21337
21338
21379
21380
21395
21410
21411
21412
21451
21536
21537
21538
21539
21656
21657
21658
21833
21834
21835
21839
21840
21924
21948
21949
21950
21951
21986
21987
21988
22125
22127
22171
22172
22233
22234
22235
22239
22240
22243
22260
22261
22262
22263
22264
22265
22293
22294
22295
22296
22377
22378
22391
22392
22393
22397
22401
22402
22408
22422
22423
22424
22429
22430
22431
22432
22505
22507
22537
22539
22540
22544
22554
22555
22556
22707
22708
22734
22735
22736
22737
22738
22739
22740
22818
23089
23090
23091
23092
23107
23108
23109
23111
23115
23116
23117
23124
23125
23126
23190
23192
23193
23228
23229
23233
23234
23235
23272
23273
23464
23465
23547
23548
23549
23629
23630
23631
23692
23693
23694
23735
23740
23741
23747
23748
23924
23926
23934
23935
23936
23939
23948
23950
23951
23978
24003
24004
24005
24014
24015
24070
24071
24136
24137
24179
24180
24197
24198
24301
24302
24337
24339
24358
24359
24360
24388
24389
24390
24392
24395
24444
24446
24451
24452
24548
24549
24551
24951
24952
24953
25003
25004
25005
25375
25376
25377
25378
25393
25394
25627
25628
25653
25654
25847
25848
25849
25881
25882
26123
26125
26448
26537
27123
27124
27125
27697
27698
28049
28050
28076
28698
28699
29209
29599
29600
29664
29665
29666
29791
29793
29938
29939
29940
29994
29995
29996
29997
30117
30118
30338
30340
30341
30360
30361
30373
30374
30375
30449
30451
30452
30507
30533
30534
30535
30539
30540
30541
30581
30589
30590
30611
30612
30615
30616
30617
30618
30643
30644
30659
30660
30676
30678
30680
30704
30705
30706
30707
30739
30740
30755
30756
30757
30800
30801
30818
30819
30871
30872
30879
30880
30949
30950
30965
30966
30967
30985
30986
31005
31006
31007
31023
31024
31025
31040
31041
31042
31043
31044
31045
31046
31050
31051
31090
31116
31117
31193
31199
31204
31205
31206
31207
31209
31223
31224
31225
31227
31259
31260
31284
31285
31292
31293
31297
31306
31307
31308
31309
31310
31312
31315
31316
31321
31322
31352
31353
31368
31369
31370
31404
31405
31407
31450
31472
31495
31497
31498
31499
31510
31512
31646
31647
31677
31678
31679
31684
31703
31704
31719
31720
31721
31745
31746
31747
31749
31757
31758
31759
31760
31773
31774
31775
31776
31777
31778
31788
31789
31796
31797
31798
31802
31803
31821
31823
31853
31878
31879
31880
31881
31916
31917
31918
31919
31932
31933
31989
31990
32034
32035
32040
32083
32115
32117
32169
32170
32178
32218
32219
32228
32229
32269
32270
32317
32318
32340
32341
32342
32359
32360
32361
32367
32368
32513
32557
32558
32559
32571
32572
32573
32590
32595
32616
32617
32618
32619
32631
32632
32633
32637
32638
32729
32730
32731
32760
32761
32762
32856
32858
32859
32860
32861
32876
32877
32878
32902
32912
32913
32914
32915
32926
32927
32928
32933
32934
32938
32939
32961
32962
32963
32964
32977
32978
33076
33077
33116
33117
33122
33123
33124
33129
33247
33334
33335
33342
33343
33344
33345
33360
33361
33362
33376
33377
33378
33399
33444
33445
33446
33483
33512
33513
33525
33578
33579
33705
33915
33916
33917
33963
33964
33977
33978
33979
34045
34051
34053
34424
34425
34426
34427
34438
34440
34444
34445
34458
34490
34892
34893
34894
34903
34905
34912
34913
34914
34915
34916
34917
34925
34926
34934
34935
35746
35748
35760
35761
35785
35792
35793
35794
35799
35800
35804
35805
35806
36033
36034
36035
36519
36520
36574
36580
36935
36936
36937
36940
36941
36954
36955
36982
37014
37015
37016
37219
37220
37221
37235
37237
37247
37248
37249
37274
37275
37284
37285
37299
37309
37310
37607
37608
37609
37610
37677
38014
38016
38017
38119
38120
38190
38191
38192
38193
38194
38244
38341
38342
38343
38387
38388
38679
38882
38902
38918
38965
39078
39145
39146
39147
39177
39178
39179
39219
39220
39222
39250
39256
39377
39892
39893
39894
39895
39951
40174
40175
40652
40706
40707
40764
40765
40799
41153
41465
41466
41586
41893
41894
41904
41905
41911
41930
41931
41932
41946
42423
42506
42508
42902
42903
42904
42995
43499
43500
43511
43515
43516
43524
43525
43696
43697
43737
43738
43739
43877
43961
43963
44048
44049
44050
44471
44472
44681
44728
44941
44942
44943
45152
45153
45179
45180
45763
45764
45975
46145
46208
46209
46225
46226
46566
46847
47534
47535
47536
47907
47921
47922
48341
49011
49012
49262
49263
49786
49942
50513
50652
50653
50968
51665
52182
52184
52378
52379
52473
52474
52476
52570
52571
53011
53013
53118
53119
53120
53138
53911
54535
54536
54537
54552
54669
54953
54954
54955
54985
55065
55066
55082
55083
55158
55159
55205
55232
55233
55257
55289
55290
55429
55431
55433
55434
55435
55446
55447
55448
55449
55460
55461
55464
55466
55483
55487
55488
55489
55497
55498
55502
55503
55504
55505
55510
55511
55512
55514
55518
55522
55523
55580
55593
55594
55596
55597
55598
55599
55601
55635
55636
55688
55689
55690
55735
55736
55754
55755
55756
55774
55808
55809
55823
55861
55862
55863
55864
55880
55881
55882
55898
55900
55901
55905
55906
55928
55934
55937
55938
55940
55941
55942
55967
56028
56029
56030
56036
56079
56091
56093
56094
56095
56126
56140
56141
56142
56143
56144
56148
56149
56150
56157
56162
56165
56166
56185
56186
56187
56188
56193
56227
56244
56245
56251
56299
56300
56301
56346
56350
56351
56352
56353
56360
56361
56374
56380
56383
56413
56417
56418
56419
56420
56422
56430
56431
56460
56461
56462
56498
56499
56556
56573
56601
56666
56667
56697
56698
56699
56977
57029
57319
57320
57333
57349
57390
57391
57427
57536
57537
57538
57560
57561
58004
58005
58134
58135
58177
58189
58287
58642
58643
58644
58790
58791
58815
58837
59265
59747
59824
59825
59846
59864
59865
59884
59901
59927
59939
59948
59949
59999
60000
60001
60142
60143
60144
60150
60192
60193
60224
60226
60234
60235
60380
60381
60382
60481
60482
60521
60522
60523
60555
60556
60582
60583
60623
60624
60658
60659
60674
60771
60810
60811
60812
60968
60970
60998
60999
61010
61011
61012
61221
61387
61388
61389
61678
61679
61680
61681
61686
61687
61688
61691
61705
61706
61712
62054
62055
62167
62168
62183
62184
62185
62186
62187
62197
62206
62248
62249
62250
62251
62253
62255
62265
62266
62274
62275
62551
62552
62553
62700
62810
62811
63029
63034
63035
63052
63182
63189
63190
63318
63334
63482
63530
63576
63577
63578
63601
63602
63603
63680
63681
63882
63984
63985
64222
64223
64229
64238
64239
64240
64257
64258
64261
64262
64263
64277
64278
64292
64305
64306
64315
64318
64321
64322
64323
64324
64346
64351
64352
64354
64355
64395
64407
64412
64422
64432
64460
64461
64462
64485
64486
64487
64495
64505
64535
64588
64589
64602
64603
64622
64623
64657
64658
64659
64660
64663
64664
64808
64809
64886
64900
64902
64906
64907
64908
64909
65301
65477
65497
65508
65509
65510
65556
65647
65739
65786
65893
65895
65935
65936
66183
66433
66538
66539
66696
66697
66738
66739
66917
67077
67078
67108
67327
67328
67388
67389
67485
67486
67487
67488
67658
67659
67660
68124
68297
68422
68443
68515
68520
68521
68522
68652
68956
68990
68991
69083
69084
69085
69126
69179
69180
69264
69265
69346
69446
69447
70064
70065
70144
70238
70239
70444
70519
70520
70676
70694
70695
71017
71018
71120
71121
71704
71972
71973
72008
72195
72196
72197
72652
73067
73109
73110
73316
73317
73494
73685
74064
74065
74386
74406
74435
74436
74523
74524
74558
74559
74595
74682
74761
74811
74824
74825
75061
75083
75084
75111
75143
75144
75196
75205
75396
75397
75435
75479
75550
75707
75835
75836
75928
75929
75930
76067
76116
76173
76174
76236
76237
76238
76248
76249
76252
76253
76255
76261
76278
76289
76374
76376
76386
76388
76399
76400
76403
76404
76413
76414
76416
76654
76655
76659
76687
76688
76689
76690
76691
76707
76745
76746
76757
76763
76781
76797
76800
76801
76846
76908
76953
76960
76961
76964
76966
77124
77129
77157
77158
77753
78005
78006
78185
78381
78480
78482
78483
78485
78488
78489
78492
78493
78504
78505
78506
78520
78521
78526
78527
78528
78529
78530
78537
78544
78549
78550
78555
78560
78561
78564
78594
78595
78597
78601
78603
78607
78610
78611
78619
78623
78627
78638
78646
78648
78652
78653
78654
78655
78659
78660
78665
78666
78669
78670
78673
78685
78725
78726
78740
78741
78742
78747
78764
78768
78770
78771
78777
78815
78816
78817
78818
78819
78848
78849
78857
78858
78859
78862
78863
78874
78875
78913
78916
78942
78945
78946
78947
78953
78961
78962
78964
78965
78966
78991
78997
79016
79017
79018
79019
79020
79021
79023
79045
79081
79086
79087
79088
79089
79090
79091
79106
79107
79469
79470
79529
80235
80292
80339
80340
80496
80528
81610
81622
81623
82252
82514
82515
82946
83086
83087
83117
83118
83119
83120
83122
83124
83144
83145
83159
83160
83165
83170
83171
83219
83243
83314
83344
83367
83397
83405
83489
83579
83580
83595
83634
83658
83659
83679
83680
83688
83700
83736
83776
83810
83831
83869
83870
83876
83877
83878
83924
83925
83926
83927
83949
83964
83965
84063
84075
84100
84105
84128
84248
84251
84334
84404
84405
84429
84441
84456
84484
84485
84512
84567
84581
84600
84612
84652
84654
84739
84910
84925
85046
85142
85147
85291
85320
85334
85345
85361
85385
85386
85458
85468
85516
85527
85528
85529
85530
85555
85568
85571
85580
85635
85715
85716
85728
85797
85830
85868
85933
85941
85944
85945
86033
86307
86414
86428
86481
86589
86715
86761
86796
86810
86975
86976
86977
86978
86979
86980
86981
86982
86983
86984
86985
86986
86987
87079
87080
87081
87082
87083
87084
87085
87086
87087
87088
87089
87090
87091
87101
87228
87230
87232
87242
87249
87252
87256
87261
87263
87269
87272
87274
87275
87277
87282
87315
87330
87336
87343
87345
88111
88463
88481
88485
88486
88492
88495
88499
88534
88586
88602
88604
88605
88606
88641
154
485
804
872
894
910
976
980
1077
1078
-1085
1158
-1161
-1202
1285
1405
1435
1447
-1482
-1525
-1573
-1597
1763
1808
1936
2073
-2080
-2083
-2105
2114
-2174
2225
2417
-2532
-2541
2581
2582
-2605
-2631
2668
2691
2701
2806
2834
2891
2909
2933
-2963
2978
-2996
3001
3039
3047
-3063
3073
3082
3152
3197
3234
3251
-3349
3408
3428
3629
3735
3765
3785
3798
4008
4012
4204
4243
4266
4267
4301
-4344
4584
4589
-4608
4760
-4765
4910
-4959
-4967
5127
5152
-5176
-5369
5378
5434
-5440
5496
5656
5787
-5933
5953
6103
6104
6196
6273
6347
6593
6594
6605
6721
6726
6730
6994
6997
7052
7322
7607
7617
7623
7651
7652
7698
-7711
7726
7814
7865
7898
7922
7925
8052
8064
8086
8132
8366
8380
8385
8461
-8558
8728
8767
8778
-8842
-8877
-9017
-9033
9198
9343
9349
9407
9435
9467
9538
-9553
-9561
9614
9690
9695
9733
9744
9769
9786
9815
9823
9833
9888
9958
9994
10017
10045
10046
10061
10069
10105
10129
10144
-10174
10189
10214
-10222
-10225
10239
10265
-10319
10352
10370
10384
-10395
10400
10449
-10460
10574
10632
10645
10656
10738
10762
-10823
10853
10865
10949
10987
10995
10999
11039
11055
-11062
11068
11098
-11182
11235
11276
11322
11364
11385
11386
11421
11487
-11496
11603
11608
11630
11635
11699
11721
-11729
-11732
11887
-11948
12020
12132
12240
-12263
12351
12363
12425
12427
12449
12487
12680
12749
-12776
12797
12811
12885
12943
-13058
13116
13129
13136
13143
13322
13325
13335
13340
13347
13489
13574
-13629
-13649
13720
13779
13878
13903
13931
14222
14226
14277
14290
14492
14501
14506
14569
14583
-14706
-14735
14763
14784
14843
14844
14850
14888
-14893
-14914
14933
14945
14982
14985
15104
15138
-15152
15190
15289
15299
15323
15354
15365
15409
15531
15612
15775
15813
16029
16068
16288
16384
16455
-16679
16884
-16891
16896
16926
16956
16959
17026
17050
17055
17061
-17074
17223
17250
-17582
-17740
17751
-17813
-17822
-17868
-17879
17979
18009
18044
18127
18196
18260
18390
18422
18430
18442
-18461
18562
18570
18661
18685
-18770
18866
-18878
-18918
-18921
-18957
-19018
-19023
19024
19081
-19087
-19124
19132
19146
-19151
19199
19208
19236
19245
19273
-19341
19548
-19554
19570
19595
19604
19662
19689
19756
19794
-19844
-19907
-19914
-20024
20069
20087
20089
-20135
-20153
-20215
20225
-20236
-20271
-20347
20408
-20411
-20450
-20453
-20459
20498
20758
20809
20819
20916
20943
21066
21097
-21108
21141
21336
-21350
21381
21394
21413
21923
-21983
21985
-22104
22126
-22153
22241
22242
22376
22398
22403
-22470
22506
-22514
22538
22545
22819
23110
23123
23191
23227
23236
-23426
-23432
23742
23746
23925
23940
23949
23977
24016
24069
24199
24303
24338
24391
24393
24394
24445
24450
-24509
24550
24636
-24674
-24726
25006
-25142
-25347
25392
25433
-25612
-25649
25655
-25708
-25797
26124
26449
26536
-26580
-26816
-26844
-26925
-26938
-27097
-27304
-27361
-27394
-27407
-27515
-27540
-27552
27699
-27869
-27960
-28025
-28026
-28131
-28346
-28401
28427
-28472
-28489
-28713
29792
-30003
30339
30450
30582
30610
30677
30679
30820
30881
30987
31026
31064
-31088
31194
31208
31226
31286
31298
31311
31320
31354
31406
31451
31473
31496
31500
31511
31705
31744
31748
31779
31822
31934
32041
32084
32116
32168
32177
32268
32316
32331
32365
32366
32514
32596
32772
32826
32857
33078
33246
33333
33511
33526
33577
-33618
33704
33815
-33880
33965
33970
34052
34439
-34736
-34749
-34799
34904
-35003
-35457
-35552
-35657
-35660
35747
-35751
35759
35798
-35814
-35882
-36428
36521
36575
36579
36983
36987
37236
-37334
37676
-37720
-37831
38015
38121
-38138
38245
38683
38917
39221
-39352
39376
-39541
-39890
39950
-40141
-40265
-40346
-40471
-40685
-40695
41135
41154
-41228
-41255
-41413
-41497
-41501
-41517
-41570
-41585
-41619
-41627
-41699
-41724
-41752
-41758
41910
-41950
-41960
42422
42505
42507
-42518
-42554
-42720
42994
-43094
-43102
-43463
43512
-43545
-43678
43695
-43719
43962
44473
44682
44729
-45796
45976
-46105
46224
46567
-47287
-47638
47721
-47863
47908
-48127
-48176
48340
-48668
-48734
-48771
-48797
-48826
-48846
-48889
-48968
-48985
-49038
-49066
-49094
49234
-49402
-49849
-49869
-49934
-49936
-50171
50197
-50353
-50590
-50754
-50852
-50871
-50945
-51491
-51594
51666
-51682
-51778
-51800
-52147
-52179
52183
-52189
-52294
-52327
52475
-52521
-52544
-52843
53012
-53714
-53829
-54022
-54122
-54127
-54146
-54224
-54277
-54304
-54305
-54336
-54357
-54413
-54441
-54462
-54473
54553
-54631
54668
-54674
-54690
-54700
-54727
-54738
-54771
-54856
-54925
-54983
-55071
55157
-55210
55386
55430
55465
55482
55513
55579
55595
55600
55737
55899
55927
55939
55952
55973
56125
56163
56164
56292
56347
56375
56388
56421
56519
-56842
-57045
57535
-57903
58190
-58496
-58600
-58617
-58701
-58724
-58733
-58737
-58749
-59827
-59861
-59908
-59960
-60006
-60012
-60020
-60063
-60209
60225
60236
60483
60552
60584
-60712
60772
-60923
60969
-61236
-61346
-61447
-61713
-61756
-61780
62056
62198
62254
62550
-62691
62699
-62767
-62894
63181
63335
-63415
63529
63696
63986
-64067
64248
64310
64314
-64328
64340
-64424
64431
-64490
64506
-64509
-64529
64536
-64540
64541
-64590
-64707
64746
-64752
64810
64885
64901
-64953
-65014
65894
-66321
66537
-66829
66918
67148
67848
-68140
-68141
-68144
-68186
-68677
-68738
-69062
69127
-69137
-69168
-69176
-69211
-69212
-69238
-69310
-69326
69841
70143
-70450
-70650
-70959
-71041
-71309
-71664
-71695
-71712
-71734
-71768
-72007
-72010
72198
-72534
-72573
-72748
-72755
-72782
-72787
-72837
-72840
-72928
-73022
-73099
73318
73634
-73845
75398
75549
-75704
-75720
-76087
-76352
-76383
-76387
-76397
-76422
76426
-76452
-76456
-76489
-76496
-76553
-76558
-76564
76747
76802
76845
77156
77209
-77270
-77390
-77549
78538
78624
78676
78732
78746
78765
78776
78866
78876
79022
79044
79109
-79112
-79136
-79462
79468
-79637
-79935
-80992
-81161
-81180
-81313
-81756
-81760
-81853
-81888
-81933
-81943
82516
-82624
-82739
82832
82945
-83125
-83143
-83321
-83336
-83668
-83704
-83710
-83754
-83769
-83792
-83836
84653
84926
-85112
-85122
85324
-85364
-85440
-85451
)


// ************************************************************************* //
