/*--------------------------------*- C++ -*----------------------------------*\
| =========                 |                                                 |
| \\      /  F ield         | OpenFOAM: The Open Source CFD Toolbox           |
|  \\    /   O peration     | Version:  2512                                  |
|   \\  /    A nd           | Website:  www.openfoam.com                      |
|    \\/     M anipulation  |                                                 |
\*---------------------------------------------------------------------------*/
FoamFile
{
    version     2.0;
    format      ascii;
    arch        "LSB;label=32;scalar=64";
    class       faceList;
    location    "constant/domain4/polyMesh";
    object      faces;
}
// * * * * * * * * * * * * * * * * * * * * * * * * * * * * * * * * * * * * * //


4215
(
3(511 563 143)
3(511 143 142)
3(143 563 142)
3(511 142 563)
3(39 174 517)
3(175 517 174)
3(39 517 175)
3(54 548 190)
3(622 190 548)
3(54 622 548)
3(54 190 622)
3(215 246 529)
3(215 529 112)
3(246 112 529)
3(503 80 81)
3(503 563 80)
3(503 81 563)
3(80 563 81)
3(637 84 5)
3(637 85 84)
3(637 5 85)
3(506 601 217)
3(217 601 255)
3(506 217 255)
3(506 255 601)
3(5 4 500)
3(4 526 500)
3(5 500 526)
3(5 526 4)
3(296 605 413)
3(296 412 605)
3(412 413 605)
3(506 591 616)
3(506 616 26)
3(616 591 26)
3(506 26 591)
3(139 286 519)
3(282 139 519)
3(282 519 286)
3(356 374 519)
3(374 486 519)
3(356 519 486)
3(255 484 506)
3(255 506 380)
3(506 484 380)
3(366 549 491)
3(521 491 549)
3(521 366 491)
3(521 549 366)
3(359 586 227)
3(227 586 124)
3(359 124 586)
3(596 199 338)
3(596 339 199)
3(596 338 339)
3(159 216 23)
3(159 24 216)
3(547 138 73)
3(241 547 73)
3(241 138 547)
3(502 640 76)
3(502 92 640)
3(502 76 92)
3(76 640 92)
3(553 64 134)
3(236 553 134)
3(236 64 553)
3(501 88 590)
3(89 501 590)
3(89 590 88)
3(563 144 511)
3(563 143 144)
3(143 511 144)
3(594 493 455)
3(594 454 493)
3(594 455 454)
3(145 511 563)
3(144 511 145)
3(144 145 563)
3(52 53 514)
3(52 514 128)
3(128 514 53)
3(363 128 550)
3(231 550 128)
3(231 363 550)
3(617 363 128)
3(617 128 550)
3(617 550 363)
3(585 271 514)
3(271 481 514)
3(585 481 271)
3(585 514 481)
3(236 596 63)
3(560 63 596)
3(560 236 63)
3(560 596 236)
3(338 560 199)
3(199 560 596)
3(338 596 560)
3(454 455 560)
3(338 454 560)
3(338 560 455)
3(236 277 553)
3(236 594 277)
3(277 594 553)
3(236 553 594)
3(456 339 553)
3(455 553 339)
3(456 553 455)
3(632 357 178)
3(632 123 357)
3(632 178 123)
3(123 178 357)
3(550 53 231)
3(550 128 53)
3(361 229 565)
3(361 565 270)
3(229 270 565)
3(525 44 586)
3(124 525 586)
3(124 44 525)
3(124 586 44)
3(384 505 259)
3(384 386 505)
3(386 259 505)
3(384 479 505)
3(422 505 479)
3(384 505 422)
3(177 225 176)
3(177 41 225)
3(41 176 225)
3(314 517 534)
3(534 517 174)
3(314 534 174)
3(314 174 517)
3(82 504 564)
3(83 564 504)
3(82 83 504)
3(82 564 83)
3(81 504 564)
3(81 82 504)
3(81 564 82)
3(469 562 632)
3(562 508 632)
3(469 632 508)
3(469 508 562)
3(503 504 564)
3(503 81 504)
3(503 564 81)
3(316 615 177)
3(317 615 316)
3(317 177 615)
3(363 271 617)
3(128 617 271)
3(601 636 380)
3(506 636 601)
3(506 601 380)
3(506 380 636)
3(601 416 380)
3(416 636 380)
3(601 636 416)
3(416 476 601)
3(380 601 476)
3(246 215 624)
3(246 624 251)
3(251 624 215)
3(68 136 557)
3(238 68 557)
3(238 557 136)
3(409 620 527)
3(376 527 620)
3(409 376 620)
3(409 527 376)
3(409 292 527)
3(409 620 292)
3(620 527 292)
3(107 11 526)
3(106 107 526)
3(106 526 11)
3(409 293 527)
3(527 293 292)
3(401 519 547)
3(401 547 486)
3(401 486 519)
3(486 547 519)
3(401 519 282)
3(282 519 547)
3(401 282 547)
3(401 547 464)
3(486 464 547)
3(22 624 21)
3(215 624 22)
3(215 21 624)
3(180 320 586)
3(181 586 320)
3(181 180 586)
3(552 135 572)
3(66 572 135)
3(552 572 66)
3(552 66 135)
3(505 623 166)
3(166 623 305)
3(505 166 305)
3(505 305 623)
3(30 31 505)
3(30 505 117)
3(117 505 31)
3(525 562 226)
3(525 226 264)
3(525 264 562)
3(226 562 264)
3(36 555 172)
3(171 172 555)
3(171 555 36)
3(573 360 228)
3(269 360 573)
3(269 573 228)
3(194 549 333)
3(193 333 549)
3(194 193 549)
3(160 537 24)
3(25 24 537)
3(25 537 160)
3(359 227 509)
3(268 509 227)
3(268 359 509)
3(436 468 586)
3(468 509 586)
3(436 586 509)
3(436 509 468)
3(626 245 532)
3(354 626 532)
3(354 245 626)
3(354 532 245)
3(473 354 532)
3(247 473 532)
3(247 532 354)
3(404 372 546)
3(404 546 478)
3(372 478 546)
3(436 468 525)
3(586 436 525)
3(586 525 468)
3(50 627 49)
3(565 50 49)
3(565 627 50)
3(565 49 627)
3(134 553 277)
3(277 553 369)
3(134 369 553)
3(155 295 635)
3(155 635 529)
3(155 529 295)
3(529 635 295)
3(436 435 525)
3(468 525 435)
3(359 586 509)
3(586 227 509)
3(11 518 501)
3(91 501 518)
3(11 91 518)
3(11 501 91)
3(475 254 600)
3(475 600 386)
3(600 254 386)
3(559 279 370)
3(559 238 279)
3(559 370 238)
3(463 579 478)
3(463 478 609)
3(463 609 579)
3(609 478 579)
3(107 4 526)
3(4 11 526)
3(107 11 4)
3(378 358 541)
3(378 541 262)
3(358 262 541)
3(583 605 296)
3(583 296 157)
3(583 157 605)
3(296 605 157)
3(558 184 323)
3(558 323 566)
3(323 184 566)
3(558 566 184)
3(18 536 19)
3(154 19 536)
3(18 154 536)
3(566 487 440)
3(566 389 487)
3(566 440 389)
3(316 540 615)
3(540 432 615)
3(316 432 540)
3(316 615 432)
3(427 555 426)
3(310 426 555)
3(427 310 555)
3(260 285 543)
3(285 119 543)
3(260 543 119)
3(541 378 578)
3(358 541 578)
3(358 578 378)
3(610 377 243)
3(387 610 243)
3(387 377 610)
3(548 129 272)
3(231 548 272)
3(231 129 548)
3(593 516 557)
3(371 516 593)
3(371 557 516)
3(371 593 557)
3(204 516 557)
3(204 557 593)
3(204 593 516)
3(352 104 629)
3(629 104 589)
3(352 629 589)
3(352 589 104)
3(239 584 70)
3(584 593 70)
3(239 593 584)
3(239 70 593)
3(525 43 226)
3(525 562 43)
3(226 43 562)
3(70 584 535)
3(205 70 535)
3(205 584 70)
3(205 535 584)
3(224 517 40)
3(224 39 517)
3(40 517 39)
3(31 538 117)
3(117 538 220)
3(31 220 538)
3(191 633 512)
3(191 574 633)
3(191 512 574)
3(512 633 574)
3(214 19 612)
3(19 20 612)
3(214 612 20)
3(542 152 541)
3(620 541 152)
3(542 541 620)
3(542 620 152)
3(424 510 385)
3(385 510 474)
3(424 474 510)
3(60 195 521)
3(60 521 196)
3(195 196 521)
3(541 542 16)
3(152 541 16)
3(152 16 542)
3(208 348 547)
3(208 547 209)
3(348 209 547)
3(476 160 528)
3(160 537 528)
3(476 537 160)
3(476 528 537)
3(290 578 610)
3(578 531 610)
3(290 531 578)
3(290 610 531)
3(240 575 71)
3(240 137 575)
3(71 575 137)
3(115 616 217)
3(255 217 616)
3(115 255 616)
3(578 610 407)
3(290 407 610)
3(290 578 407)
3(561 196 61)
3(196 588 61)
3(561 61 588)
3(561 588 196)
3(367 132 588)
3(132 561 588)
3(367 561 132)
3(367 588 561)
3(561 196 197)
3(561 197 61)
3(196 336 561)
3(336 197 561)
3(260 628 266)
3(260 222 628)
3(222 266 628)
3(516 593 584)
3(371 584 593)
3(371 516 584)
3(157 624 21)
3(22 624 157)
3(567 196 336)
3(567 561 196)
3(567 336 561)
3(424 510 425)
3(385 425 510)
3(355 511 142)
3(355 286 511)
3(286 142 511)
3(234 521 588)
3(588 521 60)
3(234 588 60)
3(234 60 521)
3(511 355 143)
3(375 355 511)
3(375 511 143)
3(424 308 510)
3(424 510 307)
3(307 510 308)
3(57 130 571)
3(130 56 571)
3(57 571 56)
3(519 511 286)
3(286 511 139)
3(519 139 511)
3(184 269 126)
3(184 126 361)
3(184 361 269)
3(287 511 519)
3(210 287 519)
3(210 511 287)
3(210 519 511)
3(557 343 459)
3(557 460 343)
3(557 459 460)
3(559 557 472)
3(279 559 472)
3(279 557 559)
3(279 472 557)
3(40 176 122)
3(122 176 41)
3(590 500 592)
3(590 592 8)
3(590 8 500)
3(8 592 500)
3(423 623 422)
3(422 623 306)
3(423 306 623)
3(519 209 210)
3(519 210 74)
3(519 74 209)
3(308 510 425)
3(559 557 459)
3(559 459 472)
3(459 557 472)
3(406 289 631)
3(406 631 467)
3(467 631 289)
3(591 417 636)
3(506 417 591)
3(506 591 636)
3(506 636 417)
3(202 135 66)
3(202 67 135)
3(571 57 233)
3(571 233 130)
3(610 631 406)
3(610 406 289)
3(610 289 631)
3(157 529 21)
3(157 624 529)
3(529 624 21)
3(585 514 230)
3(230 514 51)
3(585 51 514)
3(585 230 51)
3(536 608 612)
3(612 608 19)
3(536 612 19)
3(536 19 608)
3(365 571 130)
3(273 571 365)
3(273 130 571)
3(294 295 635)
3(294 635 155)
3(40 517 176)
3(175 176 517)
3(40 175 517)
3(107 12 526)
3(4 526 12)
3(107 4 12)
3(502 640 503)
3(76 503 640)
3(502 503 76)
3(37 570 533)
3(37 520 570)
3(37 533 520)
3(570 520 533)
3(556 23 216)
3(556 216 113)
3(556 113 23)
3(421 422 505)
3(305 505 422)
3(305 421 505)
3(313 173 569)
3(312 313 569)
3(312 569 173)
3(449 549 522)
3(332 549 449)
3(332 522 549)
3(332 449 522)
3(37 570 223)
3(533 223 570)
3(533 37 223)
3(546 576 71)
3(206 71 576)
3(546 206 576)
3(546 71 206)
3(280 137 546)
3(280 546 372)
3(137 372 546)
3(207 575 240)
3(240 575 281)
3(207 240 281)
3(207 281 575)
3(233 549 58)
3(233 193 549)
3(233 58 193)
3(58 549 193)
3(274 549 233)
3(274 233 522)
3(274 522 549)
3(233 549 522)
3(549 274 131)
3(366 274 549)
3(366 549 131)
3(239 584 137)
3(70 137 584)
3(549 334 194)
3(549 333 334)
3(288 607 532)
3(288 532 467)
3(467 532 607)
3(288 467 607)
3(59 521 194)
3(549 194 521)
3(549 521 59)
3(549 59 194)
3(59 521 195)
3(195 521 194)
3(48 558 184)
3(183 558 48)
3(183 184 558)
3(559 572 135)
3(559 135 370)
3(135 572 370)
3(559 370 572)
3(279 557 371)
3(557 136 371)
3(279 136 557)
3(126 228 630)
3(630 228 48)
3(126 630 48)
3(576 462 546)
3(478 462 576)
3(478 546 462)
3(478 576 546)
3(322 539 439)
3(438 539 322)
3(438 439 539)
3(612 242 608)
3(536 242 612)
3(536 608 242)
3(522 639 595)
3(522 595 621)
3(595 639 621)
3(522 621 639)
3(112 20 529)
3(112 529 21)
3(20 21 529)
3(364 232 191)
3(364 191 273)
3(191 232 273)
3(629 352 105)
3(104 629 105)
3(496 628 266)
3(496 260 628)
3(500 526 590)
3(592 590 526)
3(592 526 500)
3(555 36 520)
3(555 570 36)
3(570 520 36)
3(555 520 570)
3(555 428 520)
3(428 311 520)
3(555 520 311)
3(555 311 428)
3(37 570 120)
3(120 570 223)
3(496 555 426)
3(496 427 555)
3(549 333 449)
3(450 549 449)
3(450 333 549)
3(4 637 5)
3(500 637 4)
3(500 5 637)
3(386 530 259)
3(254 259 530)
3(254 530 386)
3(153 542 18)
3(577 18 542)
3(577 153 18)
3(577 542 153)
3(234 521 275)
3(275 521 588)
3(234 275 588)
3(230 271 514)
3(230 585 271)
3(526 106 524)
3(526 524 107)
3(106 107 524)
3(23 556 158)
3(158 556 22)
3(23 22 556)
3(9 8 592)
3(9 592 104)
3(104 592 8)
3(185 184 544)
3(324 185 544)
3(324 544 184)
3(105 524 526)
3(106 105 526)
3(106 524 105)
3(299 581 160)
3(528 299 160)
3(528 160 581)
3(528 581 299)
3(420 421 530)
3(304 530 421)
3(304 420 530)
3(110 542 16)
3(541 542 110)
3(541 110 16)
3(65 237 597)
3(237 553 597)
3(65 553 237)
3(65 597 553)
3(49 126 565)
3(126 184 565)
3(49 565 184)
3(49 184 126)
3(35 171 604)
3(35 604 36)
3(171 36 604)
3(66 597 65)
3(66 237 597)
3(170 171 604)
3(35 170 604)
3(543 170 309)
3(170 604 309)
3(543 604 170)
3(543 309 604)
3(270 587 362)
3(270 127 587)
3(362 587 127)
3(550 189 622)
3(550 54 189)
3(550 622 54)
3(189 54 622)
3(466 579 478)
3(466 463 579)
3(472 370 559)
3(172 36 520)
3(172 520 555)
3(37 570 36)
3(120 36 570)
3(44 525 43)
3(44 226 525)
3(169 170 606)
3(169 606 34)
3(170 34 606)
3(151 16 531)
3(151 531 15)
3(15 531 16)
3(345 462 546)
3(345 576 462)
3(345 546 576)
3(461 404 546)
3(461 546 462)
3(404 462 546)
3(456 553 597)
3(456 392 553)
3(392 597 553)
3(456 597 392)
3(538 167 623)
3(580 167 538)
3(580 538 623)
3(580 623 167)
3(555 496 628)
3(555 628 266)
3(555 266 496)
3(456 618 597)
3(456 553 618)
3(597 618 553)
3(419 515 418)
3(302 418 515)
3(419 302 515)
3(456 400 553)
3(392 553 400)
3(160 636 300)
3(528 300 636)
3(528 160 300)
3(528 636 160)
3(591 301 636)
3(417 636 301)
3(417 301 591)
3(506 636 217)
3(217 636 601)
3(161 636 300)
3(160 636 161)
3(416 300 636)
3(416 528 300)
3(416 636 528)
3(470 430 517)
3(534 517 430)
3(534 430 470)
3(534 470 517)
3(52 514 51)
3(230 514 52)
3(529 112 612)
3(20 612 112)
3(529 612 20)
3(497 283 569)
3(498 497 569)
3(498 569 283)
3(470 431 517)
3(431 430 517)
3(431 465 517)
3(431 517 540)
3(431 540 465)
3(465 540 517)
3(445 328 550)
3(445 550 444)
3(550 328 444)
3(465 517 470)
3(517 431 315)
3(517 314 431)
3(517 315 314)
3(540 431 315)
3(540 315 517)
3(482 635 411)
3(482 529 635)
3(411 635 529)
3(482 411 529)
3(410 635 482)
3(635 608 482)
3(410 608 635)
3(410 482 608)
3(411 410 635)
3(608 612 635)
3(482 635 612)
3(482 612 608)
3(155 612 635)
3(608 612 155)
3(608 155 635)
3(529 612 635)
3(155 612 529)
3(548 395 634)
3(272 634 395)
3(272 548 634)
3(272 395 548)
3(548 445 634)
3(548 395 445)
3(445 395 634)
3(550 488 634)
3(550 634 445)
3(488 445 634)
3(550 445 488)
3(488 634 363)
3(634 550 363)
3(488 363 550)
3(488 634 272)
3(363 272 634)
3(541 151 16)
3(541 531 151)
3(541 16 531)
3(614 625 399)
3(276 399 625)
3(614 276 625)
3(614 399 276)
3(541 407 578)
3(541 378 407)
3(407 378 578)
3(399 513 625)
3(614 625 513)
3(614 513 399)
3(368 625 276)
3(368 399 625)
3(460 516 344)
3(460 461 516)
3(461 344 516)
3(560 625 399)
3(560 513 625)
3(560 399 513)
3(150 15 109)
3(150 109 14)
3(36 222 570)
3(555 222 36)
3(555 570 222)
3(311 555 171)
3(172 555 311)
3(496 383 628)
3(260 628 383)
3(538 31 623)
3(167 31 538)
3(167 623 31)
3(364 129 633)
3(232 364 633)
3(232 633 129)
3(364 548 633)
3(364 129 548)
3(129 633 548)
3(633 191 364)
3(633 232 191)
3(512 364 633)
3(512 191 364)
3(512 364 548)
3(512 548 633)
3(152 541 151)
3(567 492 452)
3(567 452 398)
3(567 398 492)
3(626 212 532)
3(212 245 532)
3(626 245 212)
3(350 354 532)
3(473 350 532)
3(156 529 155)
3(156 20 529)
3(20 155 529)
3(575 71 207)
3(240 207 71)
3(185 627 49)
3(50 627 185)
3(532 350 589)
3(532 626 350)
3(350 626 589)
3(532 589 626)
3(447 330 545)
3(447 545 512)
3(447 512 330)
3(512 545 330)
3(545 331 330)
3(447 331 545)
3(489 545 447)
3(489 396 545)
3(447 545 396)
3(447 489 512)
3(489 545 512)
3(430 314 534)
3(313 430 534)
3(313 534 314)
3(598 47 551)
3(182 47 598)
3(182 598 551)
3(182 551 47)
3(109 243 289)
3(109 289 532)
3(109 532 243)
3(289 243 532)
3(632 267 469)
3(357 632 469)
3(357 267 632)
3(178 562 632)
3(178 43 562)
3(43 632 562)
3(178 632 43)
3(267 562 632)
3(267 469 562)
3(38 37 569)
3(173 569 37)
3(38 569 173)
3(562 508 178)
3(178 508 632)
3(413 605 583)
3(605 382 583)
3(413 583 382)
3(413 382 605)
3(188 514 52)
3(188 53 514)
3(413 583 296)
3(296 583 297)
3(413 297 583)
3(183 558 322)
3(539 558 183)
3(539 322 558)
3(539 183 322)
3(553 64 65)
3(553 65 134)
3(536 577 480)
3(527 577 536)
3(527 480 577)
3(527 536 480)
3(244 111 577)
3(536 244 577)
3(536 111 244)
3(536 577 111)
3(244 213 577)
3(213 111 577)
3(484 506 591)
3(616 484 591)
3(616 506 484)
3(536 244 480)
3(244 577 480)
3(122 176 517)
3(122 540 176)
3(122 517 540)
3(176 540 517)
3(405 467 631)
3(405 631 532)
3(631 467 532)
3(405 532 467)
3(406 405 631)
3(405 377 631)
3(406 631 377)
3(541 151 291)
3(541 291 152)
3(532 377 631)
3(405 377 532)
3(568 269 630)
3(269 558 630)
3(568 630 558)
3(568 558 269)
3(630 184 269)
3(630 269 126)
3(630 126 184)
3(269 630 228)
3(228 630 568)
3(269 228 568)
3(558 630 184)
3(558 184 269)
3(629 603 589)
3(603 104 589)
3(629 104 603)
3(242 536 244)
3(242 480 536)
3(603 353 629)
3(603 589 353)
3(353 589 629)
3(526 353 105)
3(526 629 353)
3(629 105 353)
3(526 105 629)
3(353 524 526)
3(353 105 524)
3(526 603 353)
3(629 603 526)
3(629 352 353)
3(543 426 628)
3(426 604 628)
3(543 604 426)
3(543 628 604)
3(174 534 38)
3(39 534 174)
3(39 38 534)
3(342 559 203)
3(557 559 342)
3(557 342 203)
3(557 203 559)
3(628 383 426)
3(628 543 383)
3(426 383 543)
3(426 555 628)
3(426 604 555)
3(555 604 628)
3(496 628 426)
3(249 242 612)
3(214 249 612)
3(214 612 242)
3(477 529 246)
3(477 249 529)
3(249 246 529)
3(111 18 536)
3(111 536 19)
3(543 425 606)
3(543 606 507)
3(507 606 425)
3(543 507 425)
3(606 309 543)
3(606 170 309)
3(606 543 170)
3(420 600 419)
3(600 303 419)
3(420 303 600)
3(425 309 543)
3(425 606 309)
3(169 309 606)
3(608 154 293)
3(608 294 154)
3(608 293 294)
3(527 577 376)
3(376 577 620)
3(527 620 577)
3(409 408 620)
3(376 620 408)
3(186 325 627)
3(186 585 325)
3(325 585 627)
3(186 627 585)
3(503 140 563)
3(146 563 140)
3(503 563 146)
3(503 146 140)
3(185 627 325)
3(544 325 627)
3(544 627 185)
3(544 185 325)
3(227 611 125)
3(46 125 611)
3(46 611 227)
3(186 185 627)
3(627 544 587)
3(325 627 587)
3(325 587 544)
3(605 624 583)
3(605 382 624)
3(382 583 624)
3(565 544 587)
3(627 565 587)
3(627 544 565)
3(557 403 371)
3(403 516 371)
3(557 516 403)
3(279 557 403)
3(381 583 382)
3(381 413 583)
3(593 68 136)
3(593 557 68)
3(593 136 557)
3(586 45 227)
3(586 124 45)
3(109 531 289)
3(243 289 531)
3(109 243 531)
3(586 436 319)
3(436 525 319)
3(586 319 525)
3(377 532 610)
3(243 532 377)
3(243 610 532)
3(150 531 289)
3(150 109 531)
3(150 289 109)
3(586 320 319)
3(586 436 320)
3(356 287 511)
3(356 519 287)
3(356 511 519)
3(356 145 511)
3(145 287 511)
3(502 99 83)
3(504 502 83)
3(504 83 99)
3(3 83 502)
3(353 526 589)
3(603 589 526)
3(585 443 442)
3(585 442 481)
3(585 481 443)
3(372 575 281)
3(372 240 575)
3(223 569 38)
3(37 569 223)
3(565 229 49)
3(565 50 229)
3(233 131 549)
3(551 360 125)
3(125 360 573)
3(551 125 573)
3(551 573 360)
3(290 150 531)
3(290 531 289)
3(587 487 544)
3(587 565 487)
3(565 544 487)
3(538 32 118)
3(538 118 220)
3(538 220 32)
3(515 485 418)
3(515 418 484)
3(515 484 485)
3(71 576 575)
3(207 576 71)
3(207 575 576)
3(607 589 532)
3(350 607 532)
3(350 589 607)
3(27 515 162)
3(27 162 616)
3(162 515 616)
3(27 616 515)
3(80 96 503)
3(81 503 96)
3(519 374 287)
3(519 210 374)
3(504 81 97)
3(504 97 82)
3(500 88 590)
3(501 500 590)
3(548 512 395)
3(364 395 512)
3(364 548 395)
3(208 348 579)
3(547 579 348)
3(547 208 579)
3(466 373 579)
3(466 579 547)
3(547 579 373)
3(466 547 373)
3(396 489 191)
3(273 191 489)
3(396 191 273)
3(606 33 510)
3(168 33 606)
3(168 606 510)
3(168 510 33)
3(350 354 626)
3(613 513 561)
3(613 336 513)
3(336 561 513)
3(613 561 336)
3(453 513 337)
3(453 454 513)
3(337 513 454)
3(367 275 588)
3(588 275 132)
3(559 557 238)
3(238 557 67)
3(559 238 67)
3(559 67 557)
3(334 521 195)
3(334 335 521)
3(335 195 521)
3(62 197 513)
3(197 198 513)
3(62 513 198)
3(521 398 588)
3(398 567 588)
3(521 567 398)
3(521 588 567)
3(492 367 614)
3(276 492 614)
3(276 614 367)
3(56 191 545)
3(192 545 191)
3(56 545 192)
3(567 335 336)
3(567 196 335)
3(78 503 79)
3(78 94 503)
3(79 503 94)
3(235 561 62)
3(61 62 561)
3(61 561 235)
3(590 592 9)
3(590 9 8)
3(111 242 536)
3(40 122 517)
3(224 517 122)
3(217 636 26)
3(25 636 217)
3(25 26 636)
3(590 10 9)
3(590 105 10)
3(590 9 105)
3(293 527 154)
3(293 608 527)
3(527 608 154)
3(577 244 262)
3(577 262 213)
3(248 556 253)
3(216 556 248)
3(216 253 556)
3(189 622 328)
3(550 328 622)
3(550 189 328)
3(451 521 398)
3(491 521 451)
3(491 398 521)
3(620 292 408)
3(542 110 17)
3(542 17 213)
3(542 213 110)
3(376 577 480)
3(244 577 376)
3(10 590 89)
3(501 590 10)
3(501 10 89)
3(503 77 563)
3(140 563 77)
3(140 77 503)
3(225 177 178)
3(225 178 42)
3(225 42 177)
3(196 588 60)
3(60 588 61)
3(147 83 76)
3(147 76 0)
3(0 76 83)
3(179 44 525)
3(179 525 43)
3(552 457 458)
3(552 458 341)
3(552 341 457)
3(530 386 421)
3(530 420 386)
3(421 505 386)
3(386 505 530)
3(421 530 505)
3(78 77 503)
3(93 503 77)
3(93 78 503)
3(202 559 203)
3(342 559 202)
3(560 338 198)
3(560 198 337)
3(560 337 338)
3(503 80 95)
3(150 15 531)
3(15 109 531)
3(207 72 240)
3(557 204 343)
3(557 343 516)
3(343 204 516)
3(192 621 545)
3(57 545 621)
3(192 57 621)
3(192 545 57)
3(59 521 60)
3(217 506 26)
3(506 636 26)
3(381 583 523)
3(382 523 583)
3(382 381 523)
3(603 350 102)
3(603 589 350)
3(350 589 102)
3(603 102 589)
3(4 637 84)
3(166 505 30)
3(166 31 505)
3(538 220 284)
3(538 284 256)
3(538 256 220)
3(221 510 33)
3(221 118 510)
3(510 118 33)
3(34 35 543)
3(34 543 119)
3(119 543 35)
3(181 46 551)
3(611 551 46)
3(611 181 551)
3(611 46 181)
3(78 77 563)
3(503 78 563)
3(171 310 555)
3(310 311 555)
3(368 625 133)
3(276 133 625)
3(589 288 353)
3(589 353 352)
3(589 352 288)
3(208 579 347)
3(347 579 207)
3(208 207 579)
3(98 504 82)
3(504 99 82)
3(597 65 201)
3(597 201 66)
3(373 281 579)
3(373 579 138)
3(138 579 281)
3(236 594 368)
3(368 594 277)
3(503 80 79)
3(503 79 95)
3(510 606 221)
3(33 221 606)
3(62 513 614)
3(62 625 513)
3(62 614 625)
3(583 297 157)
3(549 58 131)
3(37 173 520)
3(569 37 520)
3(569 520 173)
3(538 32 580)
3(32 118 580)
3(538 580 118)
3(196 588 521)
3(146 76 147)
3(146 83 76)
3(389 184 487)
3(361 487 184)
3(389 361 184)
3(489 191 545)
3(545 191 396)
3(117 538 505)
3(117 256 538)
3(256 505 538)
3(117 505 256)
3(75 147 76)
3(140 75 147)
3(140 147 76)
3(146 563 511)
3(511 563 140)
3(146 511 140)
3(73 208 547)
3(73 547 209)
3(185 544 49)
3(544 627 49)
3(68 69 593)
3(69 136 593)
3(121 223 569)
3(121 569 38)
3(135 559 552)
3(559 572 552)
3(204 593 68)
3(69 593 204)
3(332 333 549)
3(332 549 193)
3(525 319 435)
3(60 588 132)
3(132 588 61)
3(93 92 640)
3(93 640 502)
3(184 544 49)
3(598 573 551)
3(573 47 551)
3(598 47 573)
3(440 323 566)
3(323 439 566)
3(440 566 439)
3(235 614 133)
3(62 614 235)
3(62 133 614)
3(346 206 576)
3(346 576 345)
3(345 576 206)
3(186 50 627)
3(169 606 33)
3(34 33 606)
3(290 541 151)
3(290 291 541)
3(237 572 135)
3(237 66 572)
3(9 590 89)
3(151 290 531)
3(290 541 531)
3(148 353 589)
3(288 148 589)
3(47 573 228)
3(539 47 228)
3(539 573 47)
3(539 228 573)
3(243 578 211)
3(243 531 578)
3(578 531 211)
3(243 211 531)
3(321 322 598)
3(598 322 182)
3(321 598 182)
3(504 503 83)
3(502 83 503)
3(581 476 415)
3(581 483 476)
3(581 415 483)
3(248 556 483)
3(483 556 253)
3(314 517 430)
3(487 566 544)
3(184 544 566)
3(184 566 487)
3(184 487 544)
3(342 557 459)
3(342 459 559)
3(81 96 504)
3(476 528 416)
3(416 528 601)
3(476 601 528)
3(607 288 589)
3(607 589 352)
3(607 352 288)
3(505 219 30)
3(505 117 219)
3(206 576 207)
3(346 207 576)
3(514 327 187)
3(514 187 326)
3(514 326 327)
3(8 88 590)
3(500 88 8)
3(283 534 121)
3(283 121 569)
3(121 534 569)
3(283 569 534)
3(640 77 93)
3(640 93 503)
3(640 503 77)
3(70 535 71)
3(206 535 70)
3(206 71 535)
3(288 589 532)
3(3 76 83)
3(66 552 597)
3(572 597 552)
3(572 66 597)
3(313 429 534)
3(430 534 429)
3(159 23 556)
3(159 556 158)
3(369 392 597)
3(369 597 553)
3(369 553 392)
3(640 77 92)
3(145 146 563)
3(145 511 146)
3(536 527 18)
3(536 18 577)
3(577 18 527)
3(550 54 53)
3(550 53 189)
3(624 246 529)
3(215 624 529)
3(597 572 369)
3(237 597 369)
3(237 369 572)
3(237 572 597)
3(494 572 457)
3(552 494 457)
3(552 457 572)
3(552 572 494)
3(238 279 557)
3(556 159 216)
3(429 428 533)
3(429 533 497)
3(497 533 428)
3(200 65 553)
3(64 200 553)
3(415 298 581)
3(298 414 581)
3(415 581 414)
3(488 634 395)
3(8 89 590)
3(556 381 248)
3(483 381 556)
3(136 593 239)
3(69 239 593)
3(599 205 344)
3(599 344 345)
3(599 345 205)
3(365 233 522)
3(365 522 274)
3(556 298 158)
3(556 297 298)
3(556 158 297)
3(552 202 135)
3(552 66 202)
3(578 358 243)
3(578 211 358)
3(620 291 152)
3(620 541 291)
3(280 239 584)
3(280 584 137)
3(282 241 519)
3(139 519 241)
3(554 130 56)
3(554 56 571)
3(554 571 130)
3(618 201 597)
3(618 65 201)
3(618 597 65)
3(37 520 36)
3(316 540 177)
3(615 177 540)
3(232 554 130)
3(56 554 232)
3(385 258 510)
3(510 258 507)
3(385 507 258)
3(385 510 507)
3(556 583 523)
3(381 583 556)
3(381 556 523)
3(137 535 70)
3(137 584 535)
3(619 437 438)
3(321 437 619)
3(321 619 438)
3(55 574 633)
3(55 633 191)
3(55 191 574)
3(68 557 67)
3(456 597 340)
3(456 457 597)
3(340 597 457)
3(508 317 433)
3(508 433 434)
3(508 434 317)
3(396 56 545)
3(57 56 396)
3(57 396 545)
3(57 545 56)
3(552 202 341)
3(552 342 202)
3(552 341 342)
3(125 573 228)
3(125 47 573)
3(553 200 618)
3(200 65 618)
3(553 618 65)
3(198 560 625)
3(63 560 198)
3(63 625 560)
3(63 198 625)
3(340 201 552)
3(340 597 201)
3(597 552 201)
3(340 552 597)
3(180 44 525)
3(179 180 525)
3(334 521 194)
3(552 341 201)
3(552 340 341)
3(208 73 138)
3(208 138 72)
3(403 516 495)
3(516 371 495)
3(127 627 50)
3(127 565 627)
3(127 50 565)
3(488 394 617)
3(488 617 363)
3(617 394 363)
3(187 514 51)
3(52 514 187)
3(79 503 563)
3(80 79 563)
3(186 326 585)
3(186 585 187)
3(326 187 585)
3(425 426 543)
3(309 543 426)
3(546 535 584)
3(546 584 461)
3(461 584 535)
3(546 461 535)
3(562 508 318)
3(178 562 318)
3(178 318 508)
3(281 579 466)
3(438 551 619)
3(598 619 551)
3(438 619 598)
3(438 598 551)
3(180 319 586)
3(159 581 160)
3(159 299 581)
3(180 44 586)
3(525 180 586)
3(245 354 582)
3(101 582 354)
3(245 582 101)
3(231 54 550)
3(54 548 550)
3(231 550 548)
3(231 548 54)
3(551 268 125)
3(551 360 268)
3(190 55 548)
3(54 548 55)
3(334 521 549)
3(529 21 215)
3(13 212 149)
3(148 149 212)
3(13 148 212)
3(147 210 511)
3(287 147 511)
3(103 102 603)
3(103 603 350)
3(547 138 208)
3(137 535 71)
3(475 602 257)
3(475 485 602)
3(257 602 485)
3(356 144 511)
3(199 200 596)
3(200 64 596)
3(199 596 64)
3(192 545 332)
3(192 331 545)
3(332 545 331)
3(448 639 396)
3(448 396 545)
3(396 639 545)
3(448 545 639)
3(170 35 543)
3(170 543 34)
3(324 325 544)
3(155 608 19)
3(612 155 19)
3(470 534 498)
3(430 498 534)
3(625 63 133)
3(625 133 62)
3(625 62 63)
3(571 396 639)
3(57 571 639)
3(57 396 571)
3(57 639 396)
3(219 30 530)
3(505 219 530)
3(505 530 30)
3(17 542 153)
3(152 542 17)
3(152 153 542)
3(17 542 16)
3(168 169 606)
3(167 538 32)
3(167 32 580)
3(258 510 474)
3(538 31 505)
3(538 505 623)
3(505 31 623)
3(316 540 176)
3(176 540 177)
3(280 404 584)
3(280 584 495)
3(495 584 404)
3(187 585 51)
3(187 514 585)
3(211 531 541)
3(211 16 531)
3(211 541 16)
3(508 178 357)
3(508 357 615)
3(508 615 178)
3(357 178 615)
3(165 305 530)
3(505 305 165)
3(505 165 530)
3(505 530 305)
3(264 525 124)
3(226 124 525)
3(562 179 525)
3(562 43 179)
3(142 79 563)
3(143 563 79)
3(114 601 217)
3(114 25 601)
3(25 217 601)
3(585 325 326)
3(50 627 51)
3(186 51 627)
3(162 302 591)
3(515 162 591)
3(515 302 162)
3(515 591 302)
3(479 538 580)
3(538 284 580)
3(479 284 538)
3(479 580 284)
3(485 419 515)
3(540 176 225)
3(540 225 122)
3(225 176 122)
3(182 539 47)
3(183 539 182)
3(183 47 539)
3(212 148 626)
3(212 532 148)
3(532 626 148)
3(569 173 174)
3(569 174 38)
3(165 304 530)
3(304 305 530)
3(84 1 518)
3(4 84 518)
3(4 518 1)
3(234 588 132)
3(445 550 548)
3(634 548 550)
3(639 448 490)
3(639 490 595)
3(595 490 448)
3(639 595 448)
3(487 544 441)
3(487 441 587)
3(441 544 587)
3(202 559 67)
3(203 67 559)
3(72 138 207)
3(240 207 138)
3(490 639 396)
3(523 215 22)
3(523 113 215)
3(523 22 113)
3(83 564 503)
3(253 537 159)
3(253 159 476)
3(253 476 537)
3(537 476 159)
3(24 537 159)
3(24 216 537)
3(159 537 216)
3(399 513 492)
3(453 492 513)
3(399 453 513)
3(214 536 612)
3(214 19 536)
3(205 206 535)
3(28 515 116)
3(164 515 28)
3(164 28 116)
3(164 116 515)
3(224 121 534)
3(224 534 39)
3(534 121 39)
3(515 162 163)
3(515 163 27)
3(578 243 610)
3(243 531 610)
3(561 62 513)
3(561 614 62)
3(561 513 614)
3(532 247 377)
3(532 377 473)
3(150 151 531)
3(218 515 116)
3(218 28 515)
3(419 600 602)
3(419 515 600)
3(419 602 515)
3(602 600 515)
3(164 29 530)
3(164 530 116)
3(29 116 530)
3(164 116 29)
3(616 26 162)
3(616 27 26)
3(529 296 412)
3(529 412 605)
3(529 605 296)
3(295 156 529)
3(156 529 21)
3(156 157 529)
3(528 299 300)
3(108 212 148)
3(108 148 626)
3(108 626 212)
3(526 12 524)
3(526 524 108)
3(526 108 12)
3(12 108 524)
3(527 410 293)
3(527 409 410)
3(152 292 620)
3(292 153 620)
3(152 620 153)
3(17 542 18)
3(589 351 603)
3(350 351 589)
3(350 603 351)
3(518 2 1)
3(518 84 2)
3(548 633 55)
3(548 574 633)
3(548 55 574)
3(102 101 526)
3(101 582 526)
3(102 582 101)
3(102 526 582)
3(128 230 514)
3(556 113 248)
3(523 248 113)
3(556 248 523)
3(556 523 113)
3(268 509 611)
3(227 268 611)
3(227 611 509)
3(271 514 128)
3(571 522 233)
3(571 57 522)
3(57 233 522)
3(451 521 450)
3(451 334 521)
3(334 450 521)
3(520 312 172)
3(520 311 312)
3(520 172 311)
3(362 585 271)
3(362 230 585)
3(514 443 444)
3(514 444 327)
3(514 327 443)
3(518 2 91)
3(518 91 1)
3(587 585 627)
3(325 585 587)
3(500 11 518)
3(500 518 501)
3(500 501 11)
3(11 590 10)
3(11 10 501)
3(11 501 590)
3(599 205 516)
3(599 516 344)
3(205 344 516)
3(204 557 68)
3(394 444 514)
3(443 394 514)
3(326 585 443)
3(326 442 585)
3(162 301 591)
3(301 302 591)
3(22 583 523)
3(556 22 523)
3(556 583 22)
3(188 514 187)
3(513 337 197)
3(513 336 337)
3(513 197 336)
3(186 585 51)
3(221 258 507)
3(510 221 507)
3(510 258 221)
3(512 330 446)
3(447 512 446)
3(222 35 604)
3(222 604 36)
3(359 586 468)
3(359 468 509)
3(259 219 505)
3(117 259 505)
3(543 119 221)
3(543 221 34)
3(285 258 507)
3(221 285 507)
3(165 166 505)
3(165 505 30)
3(562 434 318)
3(434 508 318)
3(562 508 434)
3(507 385 285)
3(507 383 385)
3(507 285 383)
3(123 42 178)
3(123 178 43)
3(26 616 217)
3(26 115 616)
3(539 47 48)
3(539 48 228)
3(12 107 524)
3(148 524 107)
3(12 524 148)
3(587 127 627)
3(127 585 627)
3(587 585 127)
3(532 288 289)
3(532 289 149)
3(532 149 288)
3(145 81 563)
3(81 564 563)
3(145 563 564)
3(145 564 81)
3(15 211 531)
3(211 109 531)
3(639 490 522)
3(490 595 522)
3(296 529 295)
3(156 529 296)
3(349 122 517)
3(349 540 122)
3(349 517 540)
3(425 507 385)
3(425 510 507)
3(256 505 384)
3(256 479 505)
3(126 565 229)
3(505 259 256)
3(355 511 519)
3(375 355 519)
3(375 519 511)
3(519 282 355)
3(519 355 401)
3(164 530 165)
3(304 530 164)
3(355 286 519)
3(182 539 598)
3(598 539 47)
3(364 272 548)
3(395 446 548)
3(446 445 548)
3(161 301 636)
3(591 301 161)
3(591 161 636)
3(545 331 191)
3(545 191 330)
3(8 7 500)
3(7 592 500)
3(8 592 7)
3(522 365 639)
3(571 639 365)
3(522 571 365)
3(522 639 571)
3(275 366 521)
3(234 521 366)
3(291 541 408)
3(541 407 408)
3(291 407 541)
3(626 354 582)
3(626 582 245)
3(102 626 354)
3(102 354 582)
3(102 582 626)
3(368 594 399)
3(493 399 594)
3(493 594 368)
3(102 626 350)
3(576 478 609)
3(478 462 609)
3(576 609 462)
3(478 609 207)
3(576 478 207)
3(576 207 609)
3(463 462 609)
3(546 576 575)
3(71 546 575)
3(236 368 625)
3(236 625 133)
3(560 594 625)
3(236 625 594)
3(236 560 625)
3(236 594 560)
3(399 594 625)
3(560 594 399)
3(591 484 417)
3(417 484 506)
3(416 417 636)
3(300 636 417)
3(300 301 636)
3(624 382 251)
3(624 523 382)
3(624 251 523)
3(251 382 523)
3(624 583 157)
3(624 157 605)
3(529 382 624)
3(529 624 605)
3(529 605 382)
3(22 624 583)
3(157 22 583)
3(624 246 382)
3(382 246 529)
3(523 624 583)
3(22 624 523)
3(397 549 491)
3(366 549 397)
3(450 549 491)
3(397 549 450)
3(424 474 580)
3(510 424 580)
3(510 580 474)
3(423 474 580)
3(424 423 580)
3(578 610 387)
3(387 610 407)
3(578 387 407)
3(387 578 243)
3(387 610 406)
3(406 610 407)
3(623 505 479)
3(422 623 479)
3(422 505 623)
3(623 423 479)
3(623 479 580)
3(423 580 479)
3(623 580 423)
3(538 479 623)
3(538 505 479)
3(166 31 623)
3(472 559 458)
3(458 559 459)
3(289 532 467)
3(631 289 532)
3(607 532 405)
3(350 405 532)
3(350 607 405)
3(467 405 607)
3(405 532 473)
3(189 622 329)
3(329 622 328)
3(622 329 190)
3(622 190 189)
3(622 329 548)
3(329 190 548)
3(329 622 445)
3(445 622 328)
3(445 548 622)
3(445 329 548)
3(291 292 620)
3(568 558 539)
3(439 539 558)
3(568 539 439)
3(568 439 558)
3(323 558 322)
3(183 558 323)
3(568 630 539)
3(558 539 630)
3(439 558 322)
3(323 558 439)
3(250 601 255)
3(217 601 250)
3(602 475 600)
3(419 600 475)
3(602 419 475)
3(257 600 475)
3(257 254 600)
3(257 600 602)
3(420 600 475)
3(347 348 579)
3(464 348 579)
3(347 464 579)
3(606 309 308)
3(606 308 425)
3(147 75 511)
3(210 511 75)
3(398 588 275)
3(521 398 275)
3(398 367 588)
3(398 567 367)
3(367 567 588)
3(132 561 61)
3(527 153 293)
3(527 154 153)
3(414 381 583)
3(414 583 556)
3(414 556 381)
3(413 583 414)
3(192 332 621)
3(621 332 193)
3(192 621 193)
3(332 621 595)
3(332 545 621)
3(621 545 595)
3(332 595 545)
3(193 57 638)
3(621 193 638)
3(621 638 57)
3(621 57 193)
3(106 590 10)
3(106 11 590)
3(621 522 332)
3(595 332 522)
3(193 233 638)
3(233 57 638)
3(193 57 233)
3(621 545 639)
3(639 545 595)
3(172 173 520)
3(37 172 520)
3(312 173 520)
3(569 533 312)
3(520 312 533)
3(569 520 533)
3(569 312 520)
3(393 587 442)
3(585 393 442)
3(585 442 587)
3(585 587 393)
3(441 587 442)
3(393 587 441)
3(325 587 442)
3(441 587 325)
3(351 104 589)
3(603 104 351)
3(351 352 589)
3(313 174 569)
3(557 203 343)
3(557 204 203)
3(493 400 594)
3(455 594 400)
3(159 556 298)
3(197 561 62)
3(197 513 561)
3(392 572 369)
3(597 572 392)
3(392 572 278)
3(278 572 369)
3(392 572 457)
3(494 572 392)
3(534 263 517)
3(470 263 534)
3(470 517 263)
3(231 634 272)
3(231 548 634)
3(622 548 550)
3(511 146 147)
3(511 287 146)
3(291 408 620)
3(542 378 620)
3(541 378 542)
3(541 620 378)
3(376 378 620)
3(542 376 620)
3(542 378 376)
3(408 620 541)
3(408 378 620)
3(379 437 619)
3(437 509 619)
3(379 509 437)
3(379 619 509)
3(379 619 438)
3(551 619 379)
3(551 379 438)
3(182 619 551)
3(598 619 182)
3(182 619 181)
3(182 181 551)
3(181 619 551)
3(611 268 619)
3(509 611 619)
3(509 619 268)
3(618 340 201)
3(200 618 201)
3(200 340 618)
3(340 618 597)
3(456 618 340)
3(553 339 618)
3(200 339 553)
3(200 618 339)
3(456 339 618)
3(444 617 550)
3(444 488 617)
3(444 550 488)
3(488 550 617)
3(514 617 444)
3(444 617 394)
3(514 394 617)
3(550 514 617)
3(550 444 514)
3(514 617 128)
3(514 128 550)
3(137 584 546)
3(535 137 546)
3(546 584 404)
3(461 404 584)
3(546 584 280)
3(546 280 404)
3(562 318 179)
3(562 179 178)
3(318 525 562)
3(318 179 525)
3(318 435 562)
3(525 435 318)
3(525 562 435)
3(434 435 562)
3(517 349 224)
3(257 218 515)
3(257 515 116)
3(181 509 619)
3(509 320 619)
3(181 619 320)
3(181 320 509)
3(191 574 330)
3(190 330 574)
3(191 190 574)
3(330 574 512)
3(446 512 574)
3(446 574 330)
3(512 330 191)
3(525 264 586)
3(468 586 264)
3(468 264 525)
3(124 264 586)
3(180 45 586)
3(45 44 586)
3(106 590 105)
3(260 383 543)
3(285 543 383)
3(160 537 159)
3(11 526 590)
3(500 526 11)
3(500 11 590)
3(401 375 519)
3(486 519 375)
3(249 612 529)
3(249 112 612)
3(249 529 112)
3(106 526 590)
3(247 245 532)
3(212 247 532)
3(616 484 252)
3(616 515 484)
3(616 252 515)
3(252 484 515)
3(616 484 255)
3(616 255 252)
3(515 591 616)
3(484 591 515)
3(162 591 616)
3(616 506 255)
3(540 402 615)
3(540 432 402)
3(402 432 615)
3(433 317 615)
3(433 615 316)
3(615 469 433)
3(615 402 469)
3(615 433 402)
3(225 615 178)
3(178 615 177)
3(225 177 615)
3(508 615 433)
3(508 317 615)
3(469 508 615)
3(469 433 508)
3(6 101 526)
3(6 526 102)
3(6 5 526)
3(526 5 101)
3(359 586 264)
3(603 526 592)
3(526 629 592)
3(603 592 629)
3(29 30 530)
3(219 29 530)
3(603 102 592)
3(526 592 102)
3(526 102 603)
3(59 549 234)
3(521 59 234)
3(521 234 549)
3(394 481 514)
3(271 394 514)
3(443 481 514)
3(362 585 481)
3(561 367 614)
3(492 367 561)
3(492 561 614)
3(614 276 133)
3(614 133 625)
3(492 399 614)
3(492 614 513)
3(614 276 235)
3(561 235 614)
3(235 367 614)
3(561 367 235)
3(613 492 452)
3(613 567 492)
3(613 452 567)
3(453 613 492)
3(452 613 453)
3(492 561 567)
3(613 561 492)
3(613 567 561)
3(492 367 567)
3(367 561 567)
3(492 613 513)
3(492 513 561)
3(453 613 513)
3(377 631 610)
3(631 532 610)
3(601 537 250)
3(476 601 250)
3(476 250 537)
3(476 537 601)
3(477 529 382)
3(167 580 307)
3(580 306 307)
3(167 306 580)
3(403 516 460)
3(460 516 495)
3(555 428 570)
3(520 570 428)
3(555 471 428)
3(555 427 471)
3(555 428 427)
3(421 384 505)
3(549 522 397)
3(449 549 397)
3(449 397 522)
3(549 274 397)
3(274 522 397)
3(412 529 295)
3(505 530 259)
3(219 530 259)
3(421 305 530)
3(81 563 144)
3(506 616 217)
3(482 612 529)
3(249 612 482)
3(249 482 529)
3(223 533 261)
3(223 283 533)
3(533 283 261)
3(154 608 19)
3(155 608 154)
3(612 482 242)
3(154 608 536)
3(482 242 608)
3(31 538 32)
3(521 451 567)
3(335 451 521)
3(335 567 451)
3(335 521 567)
3(337 198 513)
3(55 232 191)
3(55 633 232)
3(425 507 383)
3(221 507 606)
3(510 606 507)
3(490 365 639)
3(490 522 365)
3(591 162 161)
3(221 606 34)
3(507 543 221)
3(221 543 606)
3(357 508 632)
3(487 440 544)
3(440 566 544)
3(469 508 357)
3(469 357 615)
3(440 544 441)
3(324 566 544)
3(440 566 324)
3(440 324 544)
3(469 434 508)
3(294 155 608)
3(494 458 552)
3(123 225 178)
3(402 540 265)
3(265 540 465)
3(402 465 540)
3(477 482 529)
3(43 632 226)
3(562 226 632)
3(200 596 339)
3(339 553 596)
3(200 596 553)
3(339 455 596)
3(553 596 455)
3(390 468 509)
3(390 509 359)
3(227 181 45)
3(227 586 181)
3(45 181 586)
3(215 624 523)
3(104 103 603)
3(103 351 603)
3(390 509 436)
3(390 437 509)
3(436 509 437)
3(24 114 537)
3(216 537 114)
3(114 537 25)
3(258 118 510)
3(568 391 269)
3(568 389 391)
3(568 269 389)
3(118 32 510)
3(33 510 32)
3(140 75 511)
3(147 140 511)
3(123 632 226)
3(43 632 123)
3(343 557 342)
3(634 363 231)
3(129 55 548)
3(633 55 129)
3(140 511 139)
3(286 511 140)
3(364 191 489)
3(596 553 64)
3(353 626 148)
3(353 589 626)
3(148 626 589)
3(489 512 446)
3(446 512 395)
3(548 512 446)
3(138 207 208)
3(603 103 592)
3(103 102 592)
3(489 512 191)
3(489 364 512)
3(213 542 18)
3(545 512 191)
3(527 153 292)
3(558 630 48)
3(48 630 184)
3(127 627 51)
3(453 513 336)
3(315 540 176)
3(315 316 540)
3(317 178 508)
3(317 615 178)
3(390 509 379)
3(390 268 509)
3(379 509 268)
3(213 18 577)
3(18 111 577)
3(18 527 154)
3(18 153 527)
3(270 587 487)
3(393 487 587)
3(393 587 270)
3(453 613 336)
3(213 542 577)
3(11 4 500)
3(500 4 518)
3(11 518 4)
3(188 514 327)
3(361 126 565)
3(148 353 524)
3(353 626 524)
3(148 524 626)
3(524 107 353)
3(526 105 592)
3(105 629 592)
3(353 626 526)
3(526 626 524)
3(553 400 277)
3(553 369 400)
3(201 552 202)
3(411 635 295)
3(529 411 295)
3(411 635 294)
3(450 521 491)
3(450 549 521)
3(131 549 234)
3(59 549 131)
3(611 551 268)
3(611 268 125)
3(611 125 551)
3(551 268 619)
3(611 551 619)
3(181 611 619)
3(509 611 181)
3(551 268 379)
3(379 268 619)
3(406 377 610)
3(406 610 290)
3(290 289 610)
3(463 609 347)
3(347 609 579)
3(463 347 579)
3(463 346 609)
3(346 462 609)
3(346 609 347)
3(281 579 478)
3(207 478 579)
3(207 579 609)
3(464 547 579)
3(464 348 547)
3(464 466 547)
3(401 547 466)
3(466 579 464)
3(539 48 183)
3(539 558 48)
3(417 636 380)
3(380 601 255)
3(250 601 380)
3(410 608 294)
3(410 294 635)
3(294 608 635)
3(410 608 293)
3(527 410 608)
3(482 480 608)
3(480 242 608)
3(480 410 608)
3(527 410 480)
3(527 480 608)
3(306 623 305)
3(166 623 306)
3(556 298 581)
3(159 581 298)
3(556 581 159)
3(422 623 305)
3(437 320 619)
3(509 320 437)
3(321 320 619)
3(573 438 568)
3(539 438 573)
3(539 568 438)
3(539 573 568)
3(269 573 391)
3(568 391 573)
3(568 573 269)
3(391 360 573)
3(391 438 568)
3(573 438 391)
3(439 438 568)
3(391 439 568)
3(393 481 585)
3(325 585 442)
3(607 351 467)
3(607 352 351)
3(607 467 352)
3(351 607 405)
3(351 350 607)
3(351 607 589)
3(205 593 584)
3(516 205 584)
3(516 593 205)
3(205 593 70)
3(136 371 593)
3(593 239 371)
3(414 297 556)
3(556 297 583)
3(414 583 297)
3(414 298 556)
3(149 532 109)
3(289 149 109)
3(212 149 109)
3(14 109 149)
3(212 14 149)
3(168 606 308)
3(308 606 510)
3(168 308 510)
3(425 510 606)
3(169 606 308)
3(80 144 563)
3(80 563 143)
3(168 307 580)
3(307 510 580)
3(168 580 510)
3(168 510 307)
3(167 580 168)
3(307 424 580)
3(215 251 523)
3(523 251 381)
3(251 523 113)
3(483 581 253)
3(556 581 483)
3(556 253 581)
3(302 163 515)
3(570 261 533)
3(261 471 533)
3(570 471 261)
3(570 533 471)
3(261 570 223)
3(120 570 261)
3(605 412 382)
3(529 157 605)
3(529 412 382)
3(154 536 527)
3(555 310 604)
3(310 426 604)
3(170 604 310)
3(310 604 309)
3(604 310 171)
3(171 604 555)
3(426 604 309)
3(555 222 628)
3(555 604 222)
3(222 604 628)
3(221 285 543)
3(285 507 543)
3(317 508 318)
3(434 562 469)
3(375 511 144)
3(375 519 356)
3(375 356 511)
3(362 587 393)
3(362 585 587)
3(362 393 585)
3(29 530 165)
3(368 594 625)
3(586 509 320)
3(320 509 436)
3(319 318 525)
3(626 589 102)
3(418 302 591)
3(301 418 591)
3(418 515 591)
3(27 218 616)
3(115 616 218)
3(27 616 115)
3(142 511 141)
3(286 141 511)
3(599 584 516)
3(599 205 584)
3(590 592 105)
3(9 105 592)
3(590 526 105)
3(104 105 592)
3(247 243 532)
3(443 514 585)
3(326 585 514)
3(326 514 443)
3(591 484 418)
3(417 591 418)
3(162 591 26)
3(324 566 184)
3(247 109 532)
3(34 543 606)
3(104 629 592)
3(104 603 592)
3(103 592 104)
3(515 600 303)
3(515 303 419)
3(602 419 485)
3(602 515 485)
3(398 451 567)
3(452 451 567)
3(196 567 521)
3(196 588 567)
3(233 549 638)
3(233 638 522)
3(638 549 522)
3(486 348 519)
3(547 348 486)
3(547 519 348)
3(348 519 374)
3(557 516 460)
3(403 557 460)
3(121 263 534)
3(263 283 534)
3(460 516 343)
3(343 516 344)
3(580 510 32)
3(168 32 510)
3(168 580 32)
3(480 409 527)
3(480 527 376)
3(601 114 250)
3(114 537 250)
3(601 537 114)
3(114 537 253)
3(253 537 250)
3(416 581 476)
3(416 415 581)
3(581 476 160)
3(528 476 581)
3(159 581 476)
3(159 476 160)
3(416 581 528)
3(420 600 386)
3(303 600 530)
3(303 530 420)
3(420 530 600)
3(429 569 312)
3(313 569 429)
3(429 533 312)
3(429 569 533)
3(520 312 428)
3(428 312 533)
3(520 428 533)
3(461 516 495)
3(534 263 224)
3(224 263 517)
3(534 224 517)
3(345 461 599)
3(599 461 535)
3(345 599 535)
3(345 535 461)
3(516 599 461)
3(516 461 584)
3(599 584 461)
3(461 599 344)
3(495 584 516)
3(461 584 495)
3(599 584 535)
3(584 371 239)
3(280 371 584)
3(598 438 321)
3(598 321 619)
3(438 573 598)
3(539 438 598)
3(539 598 573)
3(573 551 438)
3(125 47 551)
3(438 322 598)
3(598 539 322)
3(402 615 265)
3(540 265 615)
3(357 615 265)
3(402 615 357)
3(540 432 431)
3(540 465 432)
3(265 349 540)
3(122 265 540)
3(465 540 349)
3(517 465 349)
3(388 267 562)
3(388 562 264)
3(562 267 264)
3(523 248 251)
3(212 532 109)
3(149 532 212)
3(315 540 432)
3(7 102 592)
3(103 7 592)
3(176 315 517)
3(517 175 315)
3(499 518 2)
3(499 91 518)
3(103 592 8)
3(150 109 149)
3(499 518 84)
3(56 232 191)
3(84 637 518)
3(499 518 637)
3(499 637 84)
3(4 637 518)
3(499 518 501)
3(499 500 518)
3(241 519 547)
3(282 241 547)
3(569 37 533)
3(261 497 533)
3(497 471 533)
3(262 542 541)
3(262 378 542)
3(408 378 541)
3(454 594 399)
3(560 454 399)
3(560 594 454)
3(471 428 570)
3(471 570 555)
3(35 604 543)
3(35 543 222)
3(222 543 604)
3(487 270 565)
3(270 587 565)
3(365 571 233)
3(396 639 365)
3(571 396 365)
3(545 448 447)
3(396 56 191)
3(489 512 395)
3(574 548 512)
3(574 446 548)
3(622 445 550)
3(550 634 231)
3(514 550 327)
3(444 327 550)
3(514 550 188)
3(188 550 327)
3(237 553 369)
3(597 392 457)
3(201 66 552)
3(597 572 457)
3(496 471 555)
3(223 283 569)
3(533 569 283)
3(533 223 569)
3(534 174 569)
3(313 534 569)
3(313 174 534)
3(569 534 38)
3(155 20 612)
3(214 612 112)
3(435 562 388)
3(388 562 434)
3(257 515 485)
3(257 602 515)
3(494 559 458)
3(494 472 559)
3(342 552 559)
3(458 552 342)
3(458 559 552)
3(458 342 559)
3(202 559 135)
3(135 559 67)
3(257 515 252)
3(252 515 485)
3(455 596 338)
3(236 596 64)
3(64 596 63)
3(455 594 596)
3(553 594 455)
3(553 596 594)
3(236 596 553)
3(491 521 275)
3(57 522 639)
3(165 30 530)
3(549 193 638)
3(549 638 332)
3(193 332 638)
3(522 274 490)
3(490 522 397)
3(522 57 638)
3(381 248 523)
3(113 556 22)
3(374 519 209)
3(583 158 556)
3(583 22 158)
3(638 332 522)
3(353 524 106)
3(100 526 12)
3(4 526 100)
3(180 525 319)
3(179 319 525)
3(621 638 332)
3(621 522 638)
3(252 218 515)
3(329 330 574)
3(329 574 190)
3(626 526 589)
3(205 516 204)
3(205 204 593)
3(551 47 46)
3(551 46 182)
3(582 626 108)
3(108 626 526)
3(582 108 526)
3(582 526 626)
3(100 582 526)
3(101 100 526)
3(101 582 100)
3(181 46 227)
3(416 528 299)
3(601 537 25)
3(416 581 299)
3(636 528 601)
3(25 528 601)
3(636 528 25)
3(636 25 601)
3(529 296 157)
3(516 204 344)
3(146 76 140)
3(146 140 147)
3(303 600 164)
3(530 164 600)
3(530 303 164)
3(219 530 254)
3(530 116 219)
3(530 254 116)
3(600 530 386)
3(600 254 530)
3(289 532 610)
3(501 10 91)
3(501 90 10)
3(289 531 610)
3(243 289 610)
3(321 181 619)
3(578 531 541)
3(578 541 211)
3(290 541 578)
3(542 577 620)
3(376 577 542)
3(522 57 621)
3(357 225 615)
3(357 178 225)
3(148 532 149)
3(148 288 532)
3(435 525 388)
3(562 388 525)
3(26 591 636)
3(533 497 283)
3(533 569 497)
3(225 540 177)
3(332 595 449)
3(332 448 595)
3(449 595 448)
3(198 560 199)
3(257 600 515)
3(303 515 164)
3(515 600 164)
3(163 515 303)
3(303 515 302)
3(163 515 164)
3(595 449 522)
3(205 345 535)
3(535 345 206)
3(599 535 205)
3(225 540 615)
3(277 400 594)
3(277 594 493)
3(345 535 546)
3(461 345 546)
3(345 206 546)
3(206 535 546)
3(214 536 242)
3(181 586 509)
3(608 536 527)
3(480 608 536)
3(510 284 118)
3(510 258 284)
3(111 214 536)
3(515 616 218)
3(252 218 616)
3(515 27 218)
3(537 216 253)
3(159 253 216)
3(553 400 594)
3(476 581 253)
3(166 623 167)
3(306 167 623)
3(284 538 118)
3(510 118 580)
3(207 138 281)
3(527 153 620)
3(281 579 207)
3(478 281 207)
3(500 499 637)
3(499 85 637)
3(500 637 85)
3(495 371 584)
3(349 263 517)
3(158 583 297)
3(158 157 583)
3(455 594 560)
3(560 594 596)
3(455 560 596)
3(108 582 245)
3(108 245 626)
3(582 100 108)
3(582 245 100)
3(108 626 524)
3(526 100 108)
3(477 529 412)
3(530 304 303)
3(506 417 380)
3(263 534 498)
3(552 202 559)
3(500 518 637)
3(257 600 116)
3(116 600 515)
3(284 118 580)
3(510 284 580)
3(116 164 600)
3(116 600 530)
3(28 515 27)
3(299 298 581)
3(299 581 415)
3(556 414 581)
3(159 581 253)
3(556 414 483)
3(483 414 581)
3(25 537 528)
3(160 25 528)
3(601 537 528)
3(580 423 307)
3(580 306 423)
3(474 580 479)
3(306 623 580)
3(474 284 510)
3(474 284 580)
3(267 632 226)
3(123 632 267)
3(225 615 265)
3(135 238 559)
3(464 463 579)
3(138 547 579)
3(373 547 138)
3(138 208 579)
3(138 579 207)
3(290 541 407)
3(387 578 358)
3(127 51 585)
3(127 585 230)
3(182 322 539)
3(568 228 539)
3(228 630 539)
3(479 256 538)
3(225 265 540)
3(577 153 527)
3(542 153 620)
3(153 577 620)
3(376 262 577)
3(376 262 542)
3(577 542 262)
3(222 260 543)
3(222 543 119)
3(534 517 39)
3(260 543 628)
3(543 222 628)
3(425 383 543)
3(507 543 383)
3(346 576 462)
3(478 576 575)
3(546 478 575)
3(207 478 575)
3(575 478 281)
3(372 575 478)
3(372 575 546)
3(373 547 401)
3(373 282 547)
3(329 446 574)
3(574 329 548)
3(446 548 329)
3(366 549 234)
3(379 573 438)
3(379 391 573)
3(125 46 551)
3(379 573 551)
3(182 619 321)
3(597 552 457)
3(135 572 278)
3(278 572 370)
3(572 278 494)
3(237 572 278)
3(494 572 370)
3(134 237 553)
3(571 56 396)
3(273 571 396)
3(554 396 571)
3(554 56 396)
3(273 571 554)
3(273 554 396)
3(570 471 266)
3(570 266 261)
3(533 428 570)
3(471 428 533)
3(266 555 471)
3(570 555 266)
3(427 311 555)
3(403 557 459)
3(497 569 429)
3(498 429 569)
3(534 569 429)
3(498 429 534)
3(498 534 569)
3(529 477 411)
3(439 568 389)
3(573 568 228)
3(439 558 389)
3(568 389 558)
3(559 552 494)
3(513 625 198)
3(513 198 560)
3(513 399 454)
3(198 62 625)
3(454 513 560)
3(358 541 211)
3(452 335 567)
3(336 452 567)
3(336 613 452)
3(336 567 613)
3(394 617 271)
3(514 271 617)
3(455 400 553)
3(468 525 388)
3(264 525 388)
3(323 566 324)
3(558 439 566)
3(184 566 389)
3(389 439 566)
3(558 389 566)
3(361 184 565)
3(544 184 565)
3(487 565 184)
3(361 565 487)
3(270 127 565)
3(127 587 565)
3(565 544 49)
3(441 544 325)
3(563 141 78)
3(563 142 141)
3(563 78 142)
3(511 563 141)
3(141 563 140)
3(511 141 140)
3(141 77 563)
3(494 370 559)
3(254 600 116)
3(564 82 146)
3(145 564 146)
3(145 82 564)
3(564 503 563)
3(146 503 564)
3(146 564 563)
3(146 83 564)
3(146 503 83)
3(148 108 12)
3(13 108 148)
3(68 203 557)
3(267 562 226)
3(181 227 509)
3(358 541 110)
3(211 110 541)
3(379 360 573)
3(388 469 562)
3(78 563 79)
3(26 591 161)
3(26 161 636)
3(54 129 548)
3(188 550 53)
3(188 189 550)
3(490 522 449)
3(262 110 542)
3(262 542 213)
3(6 500 7)
3(6 7 526)
3(6 526 500)
3(7 500 526)
3(8 500 87)
3(110 541 262)
3(7 87 500)
3(7 500 86)
3(6 86 500)
3(6 500 85)
3(7 526 102)
3(500 5 6)
3(500 85 5)
3(7 592 526)
3(120 222 570)
3(324 441 544)
3(229 127 565)
3(236 625 63)
3(328 327 550)
3(121 534 38)
3(175 517 314)
3(102 526 589)
3(626 526 102)
3(63 560 199)
3(115 252 616)
3(545 448 332)
3(545 331 448)
3(448 595 545)
3(57 639 545)
3(163 515 28)
3(57 639 621)
3(5 100 526)
3(120 570 266)
3(372 137 575)
3(546 137 575)
3(241 547 74)
3(73 74 547)
3(205 593 69)
3(69 593 70)
3(160 25 636)
3(76 77 503)
3(76 503 140)
3(503 76 146)
3(503 83 76)
3(241 373 547)
3(519 74 241)
3(519 547 74)
3(640 76 77)
3(502 76 3)
3(199 596 63)
3(194 58 549)
3(574 190 548)
3(585 627 51)
3(148 589 532)
3(148 108 524)
3(517 470 349)
3(595 490 449)
3(161 636 25)
3(139 519 74)
3(387 578 378)
3(519 511 74)
3(210 74 511)
3(139 75 511)
3(236 596 594)
3(139 511 74)
3(75 511 74)
3(550 53 514)
3(335 196 521)
3(450 334 549)
3(222 266 555)
3(567 561 588)
3(188 550 328)
3(379 551 360)
3(190 574 55)
3(609 207 347)
3(457 552 340)
3(346 576 609)
3(11 1 518)
3(498 283 534)
3(346 207 609)
3(137 546 71)
3(546 535 71)
3(529 411 412)
3(107 4 1)
3(340 339 618)
3(554 130 273)
3(554 273 232)
3(554 191 396)
3(56 191 554)
3(554 191 273)
3(554 191 232)
3(266 222 570)
3(58 549 59)
3(555 604 36)
3(209 519 547)
3(209 547 74)
3(159 253 556)
3(1 11 4)
3(203 67 557)
3(235 561 132)
3(362 585 127)
3(403 557 472)
3(126 48 184)
3(519 348 209)
3(181 611 227)
3(502 76 83)
3(389 184 558)
3(389 269 184)
3(48 630 539)
3(269 389 558)
3(560 513 337)
3(559 572 494)
3(454 560 337)
3(433 432 615)
3(499 84 2)
3(499 85 84)
3(500 86 85)
3(500 87 86)
3(500 85 499)
3(500 88 87)
3(89 88 501)
3(501 90 89)
3(501 88 500)
3(501 91 90)
3(499 2 91)
3(91 501 499)
3(499 501 500)
3(502 3 92)
3(93 502 92)
3(93 94 503)
3(502 93 503)
3(95 503 94)
3(96 503 95)
3(504 96 97)
3(503 96 504)
3(98 504 97)
3(98 99 504)
3(3 502 99)
3(504 99 502)
3(502 503 504)
3(84 85 5)
3(3 99 83)
3(81 96 80)
3(81 82 97)
3(78 79 94)
3(93 77 78)
3(96 95 80)
3(4 84 5)
3(98 82 99)
3(79 80 95)
3(10 9 89)
3(81 97 96)
3(3 83 0)
3(3 0 76)
3(93 92 77)
3(8 88 89)
3(4 1 84)
3(98 97 82)
3(84 1 2)
3(83 99 82)
3(2 1 91)
3(90 91 10)
3(93 78 94)
3(8 87 88)
3(7 86 87)
3(7 87 8)
3(6 85 86)
3(6 86 7)
3(6 5 85)
3(76 92 3)
3(76 77 92)
3(11 91 1)
3(11 10 91)
3(90 10 89)
3(95 94 79)
3(9 8 89)
3(39 175 174)
3(215 112 246)
3(296 413 412)
3(282 286 139)
3(356 486 374)
3(255 380 484)
3(359 227 124)
3(199 339 338)
3(159 23 24)
3(24 23 216)
3(379 391 360)
3(241 73 138)
3(313 314 430)
3(108 100 245)
3(236 134 64)
3(493 454 455)
3(52 128 53)
3(231 128 363)
3(366 234 131)
3(124 226 264)
3(350 473 354)
3(412 295 296)
3(338 455 454)
3(456 455 339)
3(53 128 231)
3(361 270 229)
3(177 178 317)
3(209 74 210)
3(241 282 139)
3(384 259 386)
3(390 468 436)
3(384 422 479)
3(177 176 41)
3(476 250 253)
3(289 150 290)
3(317 316 177)
3(363 128 271)
3(383 385 425)
3(317 178 318)
3(416 380 476)
3(246 251 215)
3(238 136 68)
3(106 11 107)
3(409 292 293)
3(401 464 486)
3(215 22 21)
3(181 320 180)
3(117 220 31)
3(30 117 31)
3(364 129 272)
3(171 36 172)
3(269 228 360)
3(194 333 193)
3(295 411 294)
3(25 160 24)
3(268 227 359)
3(247 354 473)
3(404 478 372)
3(134 277 369)
3(436 468 435)
3(370 238 135)
3(475 386 254)
3(370 279 238)
3(378 262 358)
3(18 19 154)
3(440 487 389)
3(427 426 310)
3(260 119 285)
3(387 243 377)
3(231 272 129)
3(224 40 39)
3(214 20 19)
3(424 385 474)
3(60 196 195)
3(208 209 348)
3(256 284 220)
3(240 71 137)
3(115 217 255)
3(142 79 78)
3(61 197 196)
3(75 74 139)
3(196 197 336)
3(373 282 241)
3(424 307 308)
3(260 266 222)
3(22 157 21)
3(353 107 148)
3(223 38 37)
3(424 425 385)
3(355 142 286)
3(32 33 168)
3(375 143 355)
3(57 56 130)
3(126 269 361)
3(472 494 458)
3(343 460 459)
3(40 122 41)
3(40 41 176)
3(423 422 306)
3(308 425 424)
3(406 467 289)
3(67 66 135)
3(202 66 67)
3(57 130 233)
3(273 365 130)
3(294 155 295)
3(40 176 175)
3(216 23 113)
3(305 422 421)
3(312 173 313)
3(280 372 137)
3(366 131 274)
3(239 137 70)
3(194 334 333)
3(59 195 194)
3(183 48 184)
3(279 371 136)
3(142 355 143)
3(126 48 228)
3(438 322 439)
3(112 21 20)
3(364 273 232)
3(104 105 352)
3(496 266 260)
3(37 120 223)
3(496 426 427)
3(450 449 333)
3(254 386 259)
3(23 158 22)
3(9 104 8)
3(324 184 185)
3(304 421 420)
3(164 165 304)
3(35 36 171)
3(66 65 237)
3(35 171 170)
3(223 283 121)
3(265 225 122)
3(123 226 43)
3(83 147 0)
3(270 362 127)
3(466 478 463)
3(472 279 370)
3(37 36 120)
3(44 43 226)
3(169 34 170)
3(151 15 16)
3(472 458 459)
3(461 404 495)
3(461 462 404)
3(419 418 302)
3(456 392 400)
3(160 161 300)
3(230 52 51)
3(498 283 497)
3(470 430 431)
3(445 444 328)
3(465 470 431)
3(431 314 315)
3(482 410 411)
3(488 272 363)
3(368 276 399)
3(460 344 461)
3(150 14 15)
3(109 15 14)
3(172 311 171)
3(496 260 383)
3(232 129 364)
3(152 151 16)
3(452 492 398)
3(456 400 455)
3(156 155 20)
3(50 185 49)
3(497 283 261)
3(223 261 283)
3(447 330 331)
3(489 447 396)
3(172 173 312)
3(357 469 267)
3(38 173 37)
3(188 52 53)
3(398 367 275)
3(413 296 297)
3(134 65 64)
3(340 201 341)
3(244 111 213)
3(406 377 405)
3(406 405 467)
3(291 151 152)
3(126 228 269)
3(242 244 480)
3(72 71 240)
3(353 352 105)
3(39 174 38)
3(496 383 426)
3(214 242 249)
3(477 246 249)
3(111 19 18)
3(420 419 303)
3(169 170 309)
3(247 243 109)
3(293 154 294)
3(376 408 409)
3(145 82 81)
3(46 227 125)
3(186 325 185)
3(279 403 371)
3(381 382 413)
3(236 277 134)
3(227 45 124)
3(436 319 320)
3(356 287 145)
3(144 375 356)
3(442 443 481)
3(372 281 240)
3(229 50 49)
3(233 274 131)
3(32 220 118)
3(418 485 484)
3(54 189 53)
3(366 275 234)
3(287 374 210)
3(237 135 66)
3(396 273 489)
3(453 337 454)
3(367 132 275)
3(482 480 410)
3(334 195 335)
3(62 198 197)
3(276 367 492)
3(56 192 191)
3(335 196 336)
3(61 235 62)
3(111 244 242)
3(40 224 122)
3(446 395 445)
3(25 217 26)
3(10 105 9)
3(244 213 262)
3(216 248 253)
3(359 124 264)
3(491 451 398)
3(409 408 292)
3(213 17 110)
3(244 376 480)
3(42 178 177)
3(196 60 61)
3(179 43 44)
3(458 457 341)
3(420 421 386)
3(342 202 203)
3(337 198 338)
3(326 187 327)
3(491 398 275)
3(207 71 72)
3(59 60 195)
3(166 30 31)
3(221 33 118)
3(34 119 35)
3(171 311 310)
3(368 133 276)
3(352 353 288)
3(208 347 207)
3(201 65 66)
3(373 138 281)
3(236 368 277)
3(296 157 297)
3(233 131 58)
3(299 160 300)
3(397 450 491)
3(146 147 83)
3(389 487 361)
3(75 0 147)
3(75 76 0)
3(140 76 75)
3(73 209 208)
3(182 183 322)
3(319 179 180)
3(68 136 69)
3(121 38 223)
3(69 204 68)
3(332 193 333)
3(436 435 319)
3(60 132 61)
3(265 349 465)
3(184 49 185)
3(440 439 323)
3(62 235 133)
3(346 345 206)
3(186 185 50)
3(34 169 33)
3(290 151 291)
3(288 353 148)
3(321 182 322)
3(415 476 483)
3(248 483 253)
3(30 219 117)
3(206 207 346)
3(206 70 71)
3(313 430 429)
3(159 158 23)
3(350 102 103)
3(429 497 428)
3(217 25 114)
3(64 65 200)
3(415 414 298)
3(488 395 272)
3(483 248 381)
3(136 239 69)
3(205 345 344)
3(365 274 233)
3(158 298 297)
3(28 218 116)
3(211 243 358)
3(280 137 239)
3(72 138 73)
3(112 249 246)
3(56 232 130)
3(259 117 219)
3(357 265 402)
3(69 70 205)
3(269 391 389)
3(321 438 437)
3(238 68 67)
3(456 340 457)
3(434 433 317)
3(202 342 341)
3(125 228 47)
3(179 44 180)
3(195 334 194)
3(208 72 73)
3(403 495 371)
3(417 418 484)
3(488 363 394)
3(52 187 51)
3(186 187 326)
3(425 309 426)
3(478 404 462)
3(281 466 373)
3(485 475 257)
3(363 272 231)
3(141 140 286)
3(144 145 81)
3(73 74 209)
3(144 81 80)
3(180 320 319)
3(159 160 299)
3(189 329 328)
3(33 32 118)
3(245 101 354)
3(268 360 125)
3(402 465 432)
3(54 53 231)
3(54 55 190)
3(21 112 215)
3(13 149 148)
3(287 210 147)
3(497 429 498)
3(70 137 71)
3(460 403 459)
3(356 145 144)
3(199 64 200)
3(192 332 331)
3(170 34 35)
3(324 185 325)
3(470 498 430)
3(133 63 62)
3(406 290 407)
3(361 269 389)
3(183 184 323)
3(46 181 45)
3(152 17 153)
3(110 17 16)
3(168 33 169)
3(435 388 434)
3(394 363 271)
3(346 463 462)
3(385 258 474)
3(243 387 358)
3(350 354 102)
3(200 340 339)
3(316 176 177)
3(422 305 306)
3(445 488 444)
3(395 364 272)
3(60 59 234)
3(280 495 404)
3(143 79 142)
3(186 326 325)
3(186 50 51)
3(485 418 419)
3(183 182 47)
3(174 173 38)
3(165 305 304)
3(161 162 301)
3(234 132 60)
3(203 202 67)
3(453 399 492)
3(240 138 72)
3(490 396 448)
3(215 113 22)
3(205 70 206)
3(265 465 402)
3(224 39 121)
3(145 146 82)
3(163 162 27)
3(402 432 433)
3(247 473 377)
3(15 151 150)
3(162 26 27)
3(155 156 295)
3(156 21 157)
3(441 325 442)
3(409 293 410)
3(200 65 201)
3(152 153 292)
3(153 17 18)
3(128 52 230)
3(230 271 128)
3(451 450 334)
3(172 312 311)
3(362 271 230)
3(327 444 443)
3(460 461 495)
3(435 434 318)
3(443 444 394)
3(326 443 442)
3(162 302 301)
3(188 187 52)
3(197 337 336)
3(187 186 51)
3(447 446 330)
3(222 36 35)
3(34 221 119)
3(221 258 285)
3(165 30 166)
3(285 385 383)
3(178 42 43)
3(123 43 42)
3(26 217 115)
3(228 48 47)
3(1 12 107)
3(12 148 107)
3(20 21 156)
3(164 163 28)
3(417 484 380)
3(288 149 289)
3(251 381 248)
3(495 280 371)
3(15 109 211)
3(285 258 385)
3(333 334 450)
3(373 466 401)
3(156 296 295)
3(419 475 485)
3(434 469 433)
3(256 384 479)
3(126 229 49)
3(384 256 259)
3(394 444 488)
3(166 31 167)
3(115 255 252)
3(432 431 315)
3(222 119 260)
3(297 157 158)
3(114 250 217)
3(109 14 212)
3(482 242 480)
3(242 482 249)
3(438 391 379)
3(190 191 330)
3(489 395 446)
3(282 401 355)
3(62 197 61)
3(28 116 29)
3(435 318 319)
3(468 359 264)
3(487 270 361)
3(402 433 469)
3(333 449 332)
3(282 355 286)
3(376 244 262)
3(149 150 289)
3(164 304 303)
3(191 331 330)
3(247 109 212)
3(291 408 407)
3(493 368 399)
3(478 462 463)
3(236 133 368)
3(300 417 416)
3(161 301 300)
3(246 382 251)
3(366 397 491)
3(424 474 423)
3(387 406 407)
3(423 479 422)
3(491 450 451)
3(289 467 288)
3(405 473 350)
3(189 190 329)
3(329 445 328)
3(291 152 292)
3(183 323 322)
3(323 439 322)
3(217 250 255)
3(257 475 254)
3(420 475 419)
3(208 348 347)
3(347 348 464)
3(425 308 309)
3(210 75 147)
3(153 154 293)
3(413 414 381)
3(192 193 332)
3(106 10 11)
3(37 173 172)
3(393 441 442)
3(351 104 352)
3(313 173 174)
3(203 204 343)
3(493 455 400)
3(159 298 158)
3(392 278 369)
3(494 392 457)
3(431 430 314)
3(445 395 488)
3(147 146 287)
3(291 292 408)
3(376 378 408)
3(379 437 438)
3(125 360 228)
3(200 201 340)
3(178 179 318)
3(224 349 122)
3(257 116 218)
3(180 44 45)
3(106 105 10)
3(260 285 383)
3(375 144 143)
3(160 159 24)
3(356 374 287)
3(241 74 73)
3(401 486 375)
3(401 375 355)
3(212 245 247)
3(255 484 252)
3(358 387 378)
3(299 415 298)
3(390 436 437)
3(433 316 317)
3(405 377 473)
3(141 286 142)
3(50 127 51)
3(253 250 114)
3(416 299 300)
3(6 102 101)
3(36 37 172)
3(6 101 5)
3(219 30 29)
3(350 351 405)
3(192 57 193)
3(463 464 466)
3(271 481 394)
3(394 481 443)
3(362 481 271)
3(235 276 133)
3(399 276 492)
3(452 453 492)
3(393 270 487)
3(477 382 246)
3(157 296 156)
3(471 427 428)
3(167 307 306)
3(403 460 495)
3(311 428 427)
3(421 422 384)
3(384 386 421)
3(304 305 421)
3(155 154 19)
3(77 76 140)
3(167 31 32)
3(6 7 102)
3(55 232 56)
3(197 198 337)
3(256 220 117)
3(136 371 239)
3(357 123 225)
3(243 247 377)
3(453 454 399)
3(277 493 400)
3(43 179 178)
3(33 221 34)
3(164 29 165)
3(226 267 264)
3(313 174 314)
3(368 493 277)
3(134 237 65)
3(344 204 205)
3(266 471 261)
3(142 78 141)
3(46 45 227)
3(181 46 182)
3(263 224 121)
3(177 41 42)
3(189 54 190)
3(280 404 372)
3(440 441 487)
3(227 268 125)
3(472 459 403)
3(154 155 294)
3(494 457 458)
3(123 42 225)
3(165 29 30)
3(39 38 121)
3(411 410 294)
3(249 482 477)
3(320 321 437)
3(288 148 149)
3(47 46 125)
3(199 200 339)
3(192 56 57)
3(266 496 471)
3(390 359 468)
3(447 331 448)
3(104 351 103)
3(216 114 24)
3(24 114 25)
3(221 118 258)
3(111 18 213)
3(343 342 203)
3(115 27 26)
3(286 140 139)
3(364 489 273)
3(438 439 391)
3(25 26 161)
3(234 275 132)
3(452 398 451)
3(447 489 446)
3(153 293 292)
3(364 395 489)
3(72 208 207)
3(211 16 15)
3(47 48 183)
3(388 468 264)
3(135 238 67)
3(223 120 261)
3(443 326 327)
3(18 17 213)
3(486 348 374)
3(201 66 202)
3(205 206 345)
3(310 170 171)
3(390 437 379)
3(247 245 354)
3(370 278 494)
3(7 8 103)
3(105 106 353)
3(101 100 5)
3(100 4 5)
3(353 106 107)
3(17 152 16)
3(412 382 477)
3(331 332 448)
3(108 12 100)
3(129 54 231)
3(265 122 349)
3(428 311 312)
3(302 418 301)
3(441 393 487)
3(453 336 337)
3(335 451 334)
3(462 345 346)
3(463 346 347)
3(424 423 307)
3(79 143 80)
3(315 176 316)
3(317 318 434)
3(457 392 456)
3(288 467 352)
3(390 379 268)
3(273 130 232)
3(357 267 123)
3(218 28 27)
3(18 154 153)
3(383 425 426)
3(490 274 365)
3(62 63 198)
3(116 254 219)
3(474 479 423)
3(471 428 497)
3(216 253 114)
3(132 367 235)
3(498 470 263)
3(263 349 224)
3(251 113 215)
3(366 491 275)
3(201 202 341)
3(343 204 344)
3(457 340 341)
3(323 184 324)
3(188 327 187)
3(281 478 466)
3(361 229 126)
3(309 308 169)
3(428 312 429)
3(315 314 175)
3(157 22 158)
3(251 382 381)
3(167 168 307)
3(309 310 426)
3(46 47 182)
3(392 369 400)
3(329 190 330)
3(277 400 369)
3(456 339 340)
3(366 274 397)
3(59 131 234)
3(387 377 406)
3(290 406 289)
3(464 401 466)
3(416 417 380)
3(250 380 255)
3(410 293 294)
3(166 306 305)
3(269 360 391)
3(393 442 481)
3(467 351 352)
3(467 405 351)
3(343 459 342)
3(414 297 298)
3(168 169 308)
3(80 143 144)
3(248 216 113)
3(302 162 163)
3(412 413 382)
3(238 279 136)
3(170 310 309)
3(285 119 221)
3(203 67 68)
3(461 344 345)
3(27 115 218)
3(28 29 164)
3(9 105 104)
3(225 42 41)
3(348 209 374)
3(354 101 102)
3(284 479 474)
3(273 396 365)
3(232 55 129)
3(365 233 130)
3(75 210 74)
3(124 45 44)
3(412 411 295)
3(13 108 212)
3(179 319 318)
3(418 417 301)
3(417 300 301)
3(35 119 222)
3(57 233 58)
3(454 337 338)
3(121 283 263)
3(460 343 344)
3(480 376 409)
3(380 250 476)
3(416 476 415)
3(373 241 138)
3(475 420 386)
3(465 349 470)
3(313 429 312)
3(469 388 267)
3(490 397 274)
3(472 403 279)
3(104 103 8)
3(397 449 450)
3(199 338 198)
3(280 239 371)
3(321 322 438)
3(431 432 465)
3(388 264 267)
3(452 451 335)
3(251 248 113)
3(141 77 140)
3(102 7 103)
3(175 176 315)
3(14 150 149)
3(494 278 392)
3(56 191 55)
3(375 486 356)
3(261 471 497)
3(420 303 304)
3(493 399 454)
3(396 490 365)
3(447 448 396)
3(214 111 242)
3(206 71 207)
3(278 370 135)
3(427 471 496)
3(369 278 237)
3(19 20 155)
3(262 213 110)
3(310 311 427)
3(20 214 112)
3(483 414 415)
3(214 249 112)
3(359 390 268)
3(407 378 387)
3(235 367 276)
3(324 440 323)
3(257 252 485)
3(455 338 339)
3(236 64 63)
3(486 464 348)
3(174 175 314)
3(374 209 210)
3(55 191 190)
3(4 100 12)
3(181 182 321)
3(257 218 252)
3(22 113 23)
3(480 409 410)
3(101 245 100)
3(1 107 11)
3(4 12 1)
3(282 373 401)
3(297 414 413)
3(349 263 470)
3(303 163 164)
3(219 254 259)
3(270 393 362)
3(218 115 252)
3(498 263 283)
3(166 305 165)
3(258 284 474)
3(329 330 446)
3(299 416 415)
3(266 261 120)
3(150 151 290)
3(321 320 181)
3(432 315 316)
3(132 235 61)
3(236 63 133)
3(284 256 479)
3(492 367 398)
3(245 212 108)
3(459 458 342)
3(14 13 212)
3(462 461 345)
3(485 252 484)
3(36 222 120)
3(266 120 222)
3(332 449 448)
3(439 440 389)
3(258 118 284)
3(118 220 284)
3(116 219 29)
3(270 127 229)
3(54 129 55)
3(259 256 117)
3(214 19 111)
3(476 253 483)
3(434 388 469)
3(203 68 204)
3(163 303 302)
3(192 331 191)
3(316 433 432)
3(166 167 306)
3(240 281 138)
3(48 49 184)
3(69 239 70)
3(116 257 254)
3(350 103 351)
3(13 14 149)
3(12 108 13)
3(160 25 161)
3(57 58 193)
3(419 302 303)
3(226 124 44)
3(369 237 134)
3(441 324 325)
3(291 407 290)
3(207 347 346)
3(110 16 211)
3(211 358 110)
3(423 306 307)
3(123 267 226)
3(357 225 265)
3(127 230 51)
3(378 407 408)
3(40 175 39)
3(329 446 445)
3(308 307 168)
3(372 478 281)
3(237 278 135)
3(483 381 414)
3(167 32 168)
3(477 482 411)
3(439 389 391)
3(458 341 342)
3(452 335 336)
3(435 468 388)
3(78 77 141)
3(494 472 370)
3(82 146 83)
3(63 64 199)
3(241 139 74)
3(194 193 58)
3(13 148 12)
3(379 360 268)
3(442 325 326)
3(139 140 75)
3(412 477 411)
3(328 444 327)
3(298 159 299)
3(63 199 198)
3(145 287 146)
3(181 180 45)
3(378 376 262)
3(453 452 336)
3(347 464 463)
3(188 53 189)
3(41 122 225)
3(188 189 328)
3(436 320 437)
3(490 449 397)
3(430 498 429)
3(324 441 440)
3(211 109 243)
3(357 402 469)
3(161 26 162)
3(58 59 194)
3(204 69 205)
3(59 58 131)
3(137 372 240)
3(127 362 230)
3(449 490 448)
3(195 196 335)
3(188 328 327)
3(27 28 163)
3(229 127 50)
3(31 220 32)
3(481 362 393)
3(48 126 49)
3(262 110 358)
)


// ************************************************************************* //
