/*--------------------------------*- C++ -*----------------------------------*\
| =========                 |                                                 |
| \\      /  F ield         | OpenFOAM: The Open Source CFD Toolbox           |
|  \\    /   O peration     | Version:  2512                                  |
|   \\  /    A nd           | Website:  www.openfoam.com                      |
|    \\/     M anipulation  |                                                 |
\*---------------------------------------------------------------------------*/
FoamFile
{
    version     2.0;
    format      ascii;
    arch        "LSB;label=32;scalar=64";
    note        "nPoints:641  nCells:1856  nFaces:4215  nInternalFaces:3209";
    class       labelList;
    location    "constant/domain4/polyMesh";
    object      neighbour;
}
// * * * * * * * * * * * * * * * * * * * * * * * * * * * * * * * * * * * * * //


3209
(
21
509
608
1557
1444
1599
1847
574
768
820
1556
512
576
1240
372
560
1537
1724
428
1398
1734
227
776
928
1148
189
1321
1582
1691
291
648
1084
297
920
1123
1320
130
531
716
864
1140
1201
875
1148
1384
747
1011
1256
1670
79
348
975
29
954
1250
516
632
580
1624
1632
153
467
1635
1701
293
347
1253
375
407
521
23
1071
1101
811
1208
1792
508
583
919
289
662
1845
26
34
1464
46
843
1465
193
889
891
1121
1251
1690
1693
1839
1328
1690
1849
1792
1838
1849
347
442
1357
1660
839
956
1515
940
1549
1565
1759
573
1845
1002
1524
1590
569
859
1397
1798
711
915
916
709
754
911
1323
1574
1843
486
1444
1546
1599
42
629
669
1539
44
374
1725
285
287
946
1100
629
630
1537
535
877
1337
1542
1669
48
227
1148
1796
49
1034
1293
492
1149
512
745
1075
346
543
1088
53
333
334
1146
55
404
1365
84
194
869
655
987
57
58
866
1139
713
1200
1457
1029
1479
122
959
1087
567
1346
1610
462
476
503
527
759
1042
1427
1604
429
494
640
100
606
1621
1688
212
260
1823
834
1049
1806
167
464
1637
863
963
1404
79
664
1286
74
688
1106
1108
270
381
726
982
271
642
982
1395
1450
1456
78
350
858
274
362
557
1703
347
1007
1478
150
245
649
1009
465
1516
688
1548
674
1198
1714
1730
778
1156
1303
211
515
1417
210
732
1023
1027
152
1321
1773
93
1205
1738
291
446
741
1296
1033
1519
1789
1809
326
926
1089
941
1520
1808
535
876
1437
1853
187
1090
1490
862
1097
1443
253
1509
1655
351
752
1019
718
819
1561
97
121
343
1062
422
677
1280
181
310
491
808
166
1061
1182
1743
214
607
953
540
635
1061
1371
396
1600
1847
640
1558
1713
266
542
857
1458
634
1237
1238
109
529
824
1440
124
598
749
424
450
1667
201
268
986
377
458
1788
1153
1404
1405
1628
115
639
1310
1311
273
1620
1732
696
928
1609
751
1020
1423
118
410
788
1680
384
788
1778
1815
119
1683
123
1842
182
1445
1672
1060
1182
1372
146
743
391
1680
1855
139
708
509
715
1113
192
450
621
1334
509
712
1101
139
1074
1689
144
532
1480
715
972
1661
306
1522
1810
354
373
578
1657
1059
1144
1492
140
211
515
1797
490
1843
183
394
497
722
757
1044
1411
1266
1657
1757
1331
488
760
1786
145
302
762
226
737
1320
1796
527
1245
666
1213
1021
1022
1304
650
1085
1087
193
231
602
1426
177
589
634
926
1213
1481
1744
1010
1659
490
1188
1847
950
1272
1731
539
1634
1805
159
534
1203
1487
516
1078
1279
911
1604
1673
809
1158
1544
912
1137
1269
1336
186
1083
1676
733
1224
1617
1736
1370
1395
1622
273
360
1364
1453
447
1262
1596
1637
363
525
913
1138
363
1012
1461
530
540
575
1668
501
761
764
1814
170
575
888
1751
424
553
988
1031
1033
462
1417
1473
1832
344
1062
1088
309
1812
1851
217
730
1450
1452
1032
1175
1431
927
1345
1360
705
797
800
1828
232
576
699
265
973
1746
316
1128
221
261
865
1116
1584
212
259
534
909
909
1202
1488
1846
213
1082
322
1232
1137
1462
1668
428
1390
1734
916
1301
1303
657
999
1438
1439
724
785
977
665
670
198
950
1271
505
1267
1279
394
1117
1190
468
588
1125
314
1118
1833
568
651
1153
1292
414
918
1382
595
1573
1818
205
1228
1586
1726
710
1522
1526
1787
206
687
1823
440
1715
1092
1273
328
1091
1273
1587
1436
1525
1785
402
511
820
1556
1026
1418
1532
1485
1488
534
1585
412
1397
331
474
1499
251
643
1774
1396
1451
1617
846
1396
1450
222
224
506
1229
262
597
758
1559
322
1672
1750
836
839
1726
614
1111
1393
1515
1791
228
229
651
1626
720
1749
1768
425
1627
739
1813
738
1290
1293
234
486
590
818
559
662
868
1238
1366
1322
1493
1803
237
817
237
239
1178
1180
1223
1463
1595
1649
239
817
1648
1185
1187
242
923
1009
1498
242
243
1036
1041
1199
244
923
927
245
589
1659
923
1366
247
520
819
1639
622
719
821
249
622
821
1463
250
1464
1465
520
970
268
478
603
254
255
893
896
1423
1428
1740
257
445
894
436
1105
1143
1161
1166
736
1505
1508
420
1191
1585
1754
1756
435
1488
323
1446
599
929
1533
264
265
1776
267
718
971
266
932
267
983
376
1458
303
898
1135
1514
617
870
1783
381
765
649
699
1366
369
421
459
473
370
381
1109
1643
277
279
686
1666
721
1793
279
453
1217
978
985
486
504
1546
469
717
830
1281
349
1066
1126
1317
285
946
1549
287
937
953
1565
1547
1552
361
448
618
564
940
291
341
345
1084
682
1664
291
446
1710
773
1031
1032
1430
518
1586
298
510
1288
1348
296
298
395
1340
400
994
737
873
875
311
406
490
615
707
1187
302
304
762
764
302
304
1021
475
529
904
1314
307
308
774
1820
308
309
1851
309
1432
1806
988
1826
312
807
1129
395
1360
315
358
491
314
315
316
1005
1006
1833
358
885
491
320
321
1587
1763
1236
1444
1801
417
488
969
1775
323
1446
1447
322
1090
1095
323
925
1239
1345
906
952
1240
1340
1631
330
939
1069
1449
330
331
1499
780
1131
1157
562
783
1297
399
947
1037
1288
1312
1567
404
827
339
610
673
1644
408
457
1536
1685
339
340
459
588
1017
1699
1799
473
342
673
1527
741
742
791
366
1607
1703
344
556
1141
1797
426
792
460
677
1062
958
1798
352
1307
1817
353
465
1285
904
1119
1317
365
420
1194
567
1106
355
864
1102
583
1824
357
483
669
1804
1278
1779
679
1052
1121
1455
1620
461
1676
710
1758
447
572
834
1173
1696
1306
1311
624
1211
1523
449
1362
1713
614
1124
1354
733
1224
1454
501
763
1058
638
647
874
1355
419
630
864
1266
489
652
497
1835
979
1221
1639
781
1028
1420
565
1030
1419
1711
453
973
1745
444
596
1068
1394
729
902
998
1842
1855
990
1506
1850
787
977
515
543
1429
1775
553
1255
1667
813
931
1507
785
786
1134
1136
892
896
1246
1218
1335
1830
1513
1675
1554
1566
1737
995
1683
1834
1115
1802
1352
490
852
425
1627
1653
477
861
1115
789
1038
1347
1441
1583
485
1078
1762
766
1223
1686
1134
1254
1748
823
595
984
1570
1288
1441
477
675
1735
434
1591
1629
879
949
1574
450
466
451
455
502
552
607
948
1503
1706
415
1383
915
916
1673
434
499
1566
625
1425
1328
1829
1838
443
643
703
626
810
1144
1603
798
1615
1695
1830
1334
920
1320
538
791
1076
579
658
1109
1779
1196
692
759
1362
1434
1558
444
964
966
587
690
1602
1671
1699
1700
1799
1531
1554
1093
1490
734
893
479
491
493
781
1698
1708
652
669
533
1230
565
1419
1421
1592
1598
560
1737
934
938
641
1507
1684
1374
1840
801
1203
1544
597
1363
1413
1136
1299
1630
1520
1528
1810
985
1218
640
1558
1562
1679
456
967
1299
508
1530
1765
580
1795
468
1703
463
523
1234
1597
1386
1831
677
1694
1137
1259
1107
621
788
507
539
1526
1172
1173
1468
1518
1519
1808
895
995
1684
495
1451
1617
611
596
938
478
1541
1475
1715
1802
1306
1310
976
1642
548
697
1468
1501
528
639
1309
1817
1174
1433
1471
629
1805
1152
1358
1761
522
1079
817
941
1125
1520
1523
1059
1784
630
1155
1293
1628
501
1057
1814
593
689
1224
1720
1001
1350
1351
521
1572
1142
1234
1597
1803
507
539
1634
581
635
1736
1642
1804
1230
1472
1715
1495
1800
516
812
814
1228
1791
1701
1540
1824
1089
1340
1438
573
1564
744
1087
814
1228
1476
1715
816
948
1472
1831
1088
1762
1326
1496
1594
549
974
1399
1400
1761
821
1802
1264
1491
1063
1743
676
1165
1339
1215
1260
812
1065
1375
1386
1827
1424
1509
771
826
1169
1370
1200
1654
536
1482
1744
837
1682
1726
1485
600
1341
1741
1753
598
685
704
708
681
790
1264
581
845
833
1046
1170
660
932
1697
1782
836
1229
1707
880
945
1098
1218
1480
1613
1830
1008
1425
1503
834
1173
838
1682
1726
1505
1606
1693
1837
554
837
1230
1707
569
1274
575
1008
1706
580
980
908
1372
989
1607
1758
844
1465
1542
602
682
1554
1769
610
684
1350
1447
1587
845
846
1168
1343
693
848
1099
1026
829
830
1170
1172
1285
1154
1563
860
1285
726
1646
1752
573
820
1225
1561
1014
1692
1770
1771
1678
1087
1601
1640
1716
784
822
981
1717
1420
1723
779
1132
1242
1854
954
974
1636
798
1335
1611
627
1217
1613
1665
1273
1499
1588
924
1237
1385
1800
1593
1684
1837
1214
1257
1480
1613
886
917
1652
657
986
1440
986
1070
929
1494
1412
640
756
759
991
1323
847
1369
1705
684
1350
1309
1774
1818
940
942
992
1316
619
1427
1652
1673
859
1397
849
937
1704
1769
1150
1291
1627
1790
989
1644
680
874
1080
1111
758
1413
1434
1687
1133
1323
1435
1843
717
1430
1764
653
1640
1643
809
1236
714
918
659
1196
1781
977
1222
1225
627
705
1651
1665
943
1212
1527
1245
1775
980
1364
1216
959
1077
1265
1538
1356
1401
1403
1405
863
962
1356
894
903
1506
1345
1631
1338
644
1614
1616
1727
1327
1600
1801
1080
1728
752
1307
813
995
1247
1119
1314
1306
853
1392
777
1131
1133
1329
1104
1391
1407
1616
1123
1836
914
1086
1296
706
699
1295
1290
1716
1733
1783
950
1379
1608
1645
1038
1287
771
1365
1440
984
807
1058
1717
672
1192
971
1458
1770
882
1284
1646
1780
665
1078
1183
1264
1265
832
1017
1811
1669
1215
1257
1263
1254
1255
1678
802
1202
1488
891
1844
678
1226
1351
1189
1714
700
1053
1000
1197
1835
796
1730
1835
1114
1166
1298
1545
841
890
1120
1790
936
1110
746
1265
1267
1001
931
990
1842
1644
691
934
964
856
978
1210
1754
884
957
917
1679
1097
1127
704
1096
1427
1652
851
1098
1100
704
933
1448
949
1565
920
1836
1764
1812
950
1004
1645
1607
1641
1785
761
1066
1318
919
1537
1540
1725
1774
1817
935
1656
914
1295
852
1179
1180
933
1069
711
1562
1002
1679
715
867
1102
716
867
1104
1662
716
1433
1468
1639
979
1674
739
936
1555
1335
1666
1576
1584
1848
935
1214
1215
1257
1256
1670
826
1428
1541
727
1377
729
1646
1780
1105
1208
1598
1109
731
732
1712
1027
1454
1720
1024
1452
1732
1592
1593
736
1592
1693
1839
1105
1207
1122
1384
1034
1749
1749
745
791
1075
1076
743
1085
744
1085
1086
746
1709
745
906
791
959
748
1012
1011
1462
750
1074
1414
1409
1410
752
753
1740
1424
1019
1020
756
757
1604
757
758
1409
1411
758
1562
1533
1243
1784
762
1304
764
765
1055
1056
1314
767
769
768
1556
770
1638
770
1223
1222
1674
823
774
1032
1431
1502
775
1033
1432
1816
1032
1519
1035
1150
779
780
1132
779
1534
1329
1156
782
1028
1722
1297
1331
967
1721
787
1748
787
1514
1815
1834
987
996
792
1064
1491
1710
798
1283
1695
797
798
800
1612
799
1283
1315
1695
861
869
1275
1336
1262
1263
1596
1615
1665
802
1485
1544
1159
1160
1203
1544
805
1052
1053
1103
806
1212
1053
1527
808
960
1057
1235
969
1545
1342
1560
1043
1683
1842
815
1231
1474
1476
1231
1474
1162
1385
1719
970
1225
1222
1765
1824
826
825
1205
1206
827
1312
1580
1206
1206
833
1045
1270
1702
833
1018
1469
831
1471
1470
1671
1700
1015
1016
1702
837
1682
1821
837
1739
839
955
1821
1739
842
844
1463
1465
842
844
1512
843
1226
1669
1845
1370
1723
847
1705
1370
1395
849
937
850
1755
851
1107
1319
1241
1373
1276
1388
1016
1045
1308
1346
857
1277
1697
857
1220
1459
1666
859
884
1517
975
1610
1798
1118
1446
1448
1405
869
1321
1835
867
1201
921
1239
1240
1118
982
1248
872
873
1353
1354
875
1609
874
1124
1123
928
1176
1422
1841
880
1853
881
1647
1841
1316
1337
1341
881
992
942
945
883
1579
1582
1618
975
887
1005
1129
1258
1407
981
1772
1779
1013
1334
1670
890
1512
1121
1794
897
901
1247
895
1684
896
1247
1246
995
1246
1778
899
900
1511
903
1767
901
902
1855
1514
1815
903
1247
998
1021
1304
1147
1149
1403
1628
1381
1073
1408
1559
1141
1161
1209
1487
1209
1232
1846
915
913
1462
1569
1012
1261
1729
917
1301
1673
1724
928
923
925
952
1083
1233
1325
926
947
927
1347
1039
1713
1134
1255
1510
1675
1829
1193
1776
1449
939
1069
1216
1260
1650
1127
1096
1127
946
943
944
946
1647
1589
1125
1518
1589
1100
1659
1504
1759
1176
1313
1422
1498
968
1547
955
956
974
1250
1252
1108
1286
1289
1548
1610
1075
1130
1717
1108
1270
1568
963
1359
1291
1349
1048
1500
1820
1363
1394
1658
1765
1415
1565
1059
1464
1771
1776
1658
1760
983
1253
1003
1278
1643
1219
1219
1220
1708
1130
1186
985
1221
999
1666
1365
1816
1851
1641
998
1187
1437
1099
1337
1270
1286
1702
999
1340
1089
1438
1211
1212
1436
1767
1583
1321
1390
1781
1227
1522
1004
1006
1733
1271
1116
1128
1278
1379
1357
1791
1827
1010
1729
1199
1254
1678
1461
1840
1015
1017
1699
1018
1700
1700
1811
1692
1702
1021
1022
1311
1025
1698
1722
1025
1712
1819
1367
1367
1698
1030
1479
1030
1711
1418
1764
1816
1796
1148
1149
1037
1199
1659
1038
1040
1041
1360
1041
1287
1348
1044
1361
1400
1563
1766
1604
1046
1568
1308
1050
1171
1431
1501
1049
1050
1806
1551
1051
1466
1431
1500
1794
1790
1056
1057
1814
1056
1058
1058
1061
1114
1280
1625
1063
1182
1065
1375
1710
1400
1184
1194
1184
1191
1601
1070
1331
1689
1331
1297
1724
1769
1073
1074
1145
1689
1494
1410
1077
1268
1183
1358
1402
1766
1332
1083
1204
1484
1486
1083
1619
1086
1296
1381
1347
1093
1094
1092
1094
1093
1823
1587
1672
1754
1763
1097
1448
1099
1553
1854
1201
1854
1436
1785
1794
1258
1592
1346
1568
1755
1605
1111
1768
1124
1355
1822
1836
1557
1760
1164
1371
1116
1117
1118
1128
1126
1121
1350
1351
1124
1768
1650
1789
1248
1499
1129
1130
1190
1330
1393
1133
1242
1135
1510
1675
1680
1262
1263
1269
1140
1479
1788
1825
1144
1492
1327
1718
1144
1603
1363
1394
1494
1287
1288
1150
1151
1291
1359
1403
1155
1623
1154
1155
1401
1405
1292
1383
1300
1382
1383
1159
1495
1326
1496
1202
1326
1487
1167
1327
1373
1600
1165
1168
1339
1343
1166
1167
1168
1166
1372
1705
1371
1182
1369
1174
1471
1172
1175
1468
1469
1467
1175
1433
1177
1677
1416
1647
1185
1422
1313
1435
1313
1649
1552
1621
1688
1268
1248
1640
1437
1772
1848
1188
1648
1192
1198
1848
1194
1195
1753
1196
1387
1398
1390
1198
1387
1633
1777
1676
1325
1594
1573
1580
1428
1208
1508
1792
1486
1489
1273
1602
1763
1524
1525
1215
1216
1481
1793
1742
1221
1458
1460
1223
1464
1227
1595
1664
1681
1478
1231
1827
1472
1750
1234
1322
1676
1236
1495
1546
1597
1366
1239
1319
1553
1249
1329
1504
1532
1425
1503
1504
1784
1386
1429
1276
1354
1849
1253
1636
1376
1560
1660
1660
1748
1828
1652
1262
1269
1283
1261
1569
1315
1268
1279
1825
1375
1709
1275
1833
1608
1691
1285
1755
1283
1315
1353
1459
1638
1605
1298
1694
1467
1671
1377
1379
1380
1780
1380
1618
1752
1799
1292
1406
1623
1294
1406
1626
1627
1296
1603
1685
1765
1330
1391
1662
1302
1407
1852
1383
1852
1317
1730
1735
1311
1317
1470
1310
1509
1423
1439
1442
1828
1416
1759
1640
1642
1516
1621
1555
1325
1496
1341
1336
1612
1651
1606
1388
1333
1727
1333
1393
1614
1656
1339
1344
1371
1677
1357
1598
1344
1396
1617
1736
1352
1548
1348
1360
1389
1412
1631
1355
1822
1392
1359
1762
1560
1401
1533
1559
1413
1389
1421
1567
1421
1453
1387
1398
1734
1372
1719
1375
1709
1792
1839
1849
1378
1783
1380
1752
1733
1608
1807
1662
1796
1718
1425
1390
1534
1727
1413
1414
1727
1852
1728
1563
1623
1402
1766
1491
1761
1406
1626
1628
1410
1411
1687
1559
1414
1687
1547
1549
1677
1429
1722
1420
1632
1708
1708
1541
1655
1641
1844
1433
1501
1812
1562
1677
1567
1440
1567
1442
1580
1583
1445
1602
1600
1446
1763
1449
1449
1712
1454
1456
1454
1455
1456
1622
1711
1777
1460
1638
1674
1670
1469
1551
1699
1696
1471
1707
1475
1477
1477
1476
1832
1586
1482
1483
1483
1742
1744
1745
1489
1619
1487
1594
1750
1756
1846
1786
1496
1497
1497
1800
1803
1807
1502
1806
1521
1820
1831
1507
1829
1508
1837
1850
1550
1513
1513
1767
1855
1542
1669
1560
1517
1621
1789
1521
1809
1808
1809
1528
1526
1528
1528
1590
1607
1703
1588
1531
1557
1704
1557
1591
1760
1591
1832
1852
1539
1540
1725
1537
1538
1540
1539
1630
1645
1716
1782
1688
1811
1738
1818
1696
1553
1704
1650
1653
1771
1664
1686
1656
1573
1583
1578
1579
1582
1584
1576
1738
1576
1578
1578
1581
1772
1582
1734
1772
1747
1589
1758
1693
1681
1801
1648
1779
1780
1690
1822
1612
1793
1665
1615
1728
1828
1691
1747
1622
1732
1633
1795
1694
1743
1813
1634
1685
1685
1805
1777
1654
1757
1701
1804
1690
1751
1770
1644
1643
1733
1719
1656
1813
1661
1740
1661
1721
1663
1839
1663
1721
1845
1675
1678
1756
1815
1686
1696
1770
1819
1707
1720
1781
1803
1819
1732
1736
1807
1773
1821
1744
1746
1745
1753
1746
1753
1756
1840
1823
1788
1795
1766
1781
1782
1834
1844
1797
1851
1825
1811
1805
1826
1826
1816
1826
1850
1832
1850
1853
)


// ************************************************************************* //
