/*--------------------------------*- C++ -*----------------------------------*\
| =========                 |                                                 |
| \\      /  F ield         | OpenFOAM: The Open Source CFD Toolbox           |
|  \\    /   O peration     | Version:  2512                                  |
|   \\  /    A nd           | Website:  www.openfoam.com                      |
|    \\/     M anipulation  |                                                 |
\*---------------------------------------------------------------------------*/
FoamFile
{
    version     2.0;
    format      ascii;
    arch        "LSB;label=32;scalar=64";
    note        "nPoints:641  nCells:1856  nFaces:4215  nInternalFaces:3209";
    class       labelList;
    location    "constant/domain4/polyMesh";
    object      owner;
}
// * * * * * * * * * * * * * * * * * * * * * * * * * * * * * * * * * * * * * //


4215
(
0
0
0
0
1
1
1
2
2
2
2
3
3
3
4
4
4
4
5
5
5
6
6
6
6
7
7
7
7
8
8
8
9
9
9
9
10
10
10
11
11
11
12
12
12
13
13
13
13
14
14
14
15
15
15
16
16
17
17
17
18
18
18
18
19
19
19
20
20
20
21
21
21
22
22
22
23
23
23
24
24
24
25
25
25
26
26
26
27
27
27
27
28
28
28
28
29
29
29
30
30
30
31
31
31
31
32
32
32
33
33
33
33
34
34
35
35
35
36
36
36
36
37
37
37
38
38
38
39
39
39
40
40
40
40
41
41
41
41
42
42
42
43
43
43
43
44
44
44
45
45
45
46
46
47
47
47
47
48
48
48
49
49
50
50
50
51
51
51
52
52
52
52
53
53
53
54
54
54
55
55
56
56
56
56
57
57
57
58
58
59
59
59
60
60
60
61
61
61
61
62
62
62
62
63
63
63
64
64
64
64
65
65
65
66
66
66
67
67
67
68
68
68
69
69
69
70
70
70
70
71
71
71
71
72
72
72
73
73
73
74
74
74
75
75
75
75
76
76
76
77
77
77
77
78
78
79
79
80
80
80
80
81
81
81
82
82
82
83
83
83
83
84
84
84
85
85
85
86
86
86
86
87
87
87
87
88
88
88
89
89
89
90
90
90
90
91
91
91
92
92
92
93
93
93
94
94
94
95
95
95
96
96
96
96
97
97
97
98
98
98
98
99
99
99
99
100
100
100
101
101
101
101
102
102
102
103
103
103
104
104
104
104
105
105
105
106
106
106
106
107
107
107
108
108
108
109
109
109
110
110
110
111
111
111
111
112
112
112
112
113
113
113
114
114
114
115
115
115
116
116
116
116
117
117
117
117
118
118
119
119
120
120
120
121
121
121
122
122
123
123
123
124
124
125
125
125
126
126
126
126
127
127
127
128
128
128
129
129
129
130
130
130
131
131
131
132
132
132
132
133
133
133
134
134
134
134
135
135
136
136
136
136
137
137
137
138
138
138
139
140
140
140
141
141
141
142
142
142
142
143
143
144
144
145
145
145
146
146
146
147
147
147
147
148
148
148
148
149
149
149
150
150
151
151
151
152
152
152
153
153
153
154
154
154
154
155
155
155
156
156
156
157
157
157
158
158
158
158
159
159
159
160
160
160
160
161
161
161
162
162
162
162
163
163
163
163
164
164
164
164
165
165
165
166
166
167
167
168
168
168
168
169
169
169
169
170
170
171
171
171
172
172
172
172
173
173
173
174
174
174
175
175
175
175
176
176
176
177
177
177
178
178
178
178
179
179
179
180
180
180
181
181
182
182
183
183
183
184
184
184
184
185
185
185
185
186
186
187
187
188
188
188
189
189
189
190
190
190
191
191
191
191
192
192
192
193
193
194
194
194
195
195
195
196
196
196
197
197
197
198
198
198
199
199
199
199
200
200
200
201
201
201
202
202
202
202
203
203
203
203
204
204
204
205
205
206
206
207
207
207
207
208
208
208
209
209
209
209
210
210
211
212
212
213
213
214
214
215
215
215
216
216
216
217
217
217
218
218
218
219
219
219
219
220
220
220
220
221
221
221
222
222
222
223
223
223
224
224
225
225
225
225
226
226
226
227
227
228
228
229
229
229
230
230
230
230
231
231
232
232
232
233
233
233
234
234
235
235
235
235
236
236
236
237
238
238
238
239
239
240
240
240
240
241
241
241
241
242
243
243
243
244
244
244
245
245
246
246
246
246
247
247
247
248
248
248
248
249
249
249
250
250
251
251
251
252
252
252
252
253
253
253
254
254
254
255
255
256
256
256
257
257
257
258
258
259
259
259
260
260
261
261
262
262
262
263
263
263
264
264
264
265
265
266
266
267
267
268
269
269
269
270
270
270
271
271
272
272
272
273
273
274
274
275
275
275
275
276
276
276
276
277
277
278
278
278
279
279
280
280
280
281
281
281
281
282
282
282
282
283
283
283
284
284
284
284
285
285
286
286
286
287
287
288
288
288
288
289
289
290
290
290
292
292
292
292
293
293
294
294
294
294
295
295
295
295
296
296
297
297
297
298
298
299
299
299
299
300
300
300
300
301
301
301
303
303
304
304
305
305
305
305
306
306
306
307
307
307
308
308
310
310
310
311
311
312
312
312
313
313
313
313
314
314
315
315
316
317
317
317
317
318
318
318
319
319
319
319
320
320
320
321
321
321
322
324
324
324
325
325
325
326
326
327
327
327
327
328
328
328
329
329
329
330
330
331
332
332
332
333
333
333
334
334
335
335
335
335
336
336
336
336
337
337
337
337
338
338
338
339
340
340
340
341
341
341
342
342
342
343
343
343
344
345
345
346
346
346
348
348
349
349
349
350
350
350
351
351
351
352
352
352
353
353
354
354
354
355
355
356
356
356
357
358
358
359
359
359
360
360
361
361
362
362
363
364
364
364
364
365
365
366
366
366
367
367
367
368
368
368
369
369
369
370
370
370
371
371
371
371
372
372
373
373
374
374
375
375
376
376
376
377
377
377
378
378
378
378
379
379
379
380
380
380
380
381
382
382
382
382
383
383
383
384
384
385
385
385
385
386
386
386
387
387
387
388
388
388
388
389
389
389
390
390
390
391
391
392
392
392
393
393
393
394
394
395
396
396
397
397
397
398
398
398
399
399
399
400
400
401
401
401
402
402
402
403
403
403
404
405
405
405
406
406
407
407
407
408
408
408
409
409
409
410
410
411
411
411
412
412
413
413
413
414
414
415
415
415
416
416
416
417
417
418
418
418
419
420
420
421
422
422
422
423
423
423
423
424
425
425
426
426
426
427
427
427
427
428
429
429
430
430
430
431
431
431
432
432
432
433
433
433
433
434
434
435
435
436
436
437
437
437
438
438
438
439
439
440
440
441
441
441
442
442
443
443
444
444
445
445
445
446
447
448
448
448
449
449
449
450
451
451
452
452
452
453
453
454
454
454
454
455
456
456
457
457
457
458
458
459
459
460
460
461
461
462
462
463
463
464
464
465
466
466
467
467
468
469
469
469
470
470
470
471
471
471
472
472
472
473
474
474
475
475
476
476
477
478
478
479
479
480
480
480
480
481
481
481
481
482
482
482
483
483
484
484
484
485
485
486
487
487
487
487
488
488
489
492
492
492
493
493
493
494
494
495
495
496
496
496
497
497
498
498
498
498
499
499
499
500
500
500
501
502
503
503
503
504
504
505
505
506
506
506
507
508
508
510
510
510
511
511
512
512
513
513
513
513
514
514
514
514
515
516
517
517
517
518
518
519
519
519
520
521
522
522
523
523
524
524
524
525
525
526
526
526
527
527
528
528
529
529
530
530
531
531
532
532
532
533
533
533
534
535
535
536
536
537
537
537
537
538
538
538
540
540
541
541
541
542
542
542
543
544
544
544
545
545
545
546
546
546
546
547
547
547
548
548
549
549
549
550
550
550
550
551
551
551
551
552
552
553
554
554
555
555
556
556
557
557
557
558
558
558
559
559
560
560
561
561
561
562
562
563
563
563
563
564
564
564
565
566
566
566
566
567
568
568
569
569
570
570
570
571
571
571
571
572
572
574
574
575
576
577
577
577
578
578
579
579
580
581
582
582
582
583
584
584
584
585
585
585
586
586
586
586
587
587
588
589
589
590
590
591
591
591
592
592
592
592
593
593
593
594
594
594
595
596
597
597
598
599
599
599
600
600
601
601
601
602
602
603
603
603
604
604
604
604
605
605
605
605
606
606
607
607
608
608
609
609
609
610
611
611
612
612
612
612
613
613
613
613
614
615
615
615
616
616
616
617
617
617
618
618
619
619
620
620
620
621
622
622
623
623
623
623
624
624
624
625
625
626
626
627
628
628
628
629
631
631
631
631
632
632
632
633
633
633
634
634
635
636
636
636
636
637
637
637
638
638
639
639
641
641
641
642
642
643
644
644
645
645
645
645
646
646
646
646
647
647
648
648
648
649
650
650
651
653
653
653
654
654
654
654
655
655
656
656
656
657
658
658
658
659
659
660
660
660
661
661
661
661
662
663
663
663
663
664
664
664
665
666
666
666
667
667
667
668
668
668
670
670
671
671
671
672
672
673
673
674
674
674
675
675
675
676
676
676
677
678
678
679
679
680
680
681
681
681
682
683
683
683
684
685
685
685
686
686
687
687
688
688
689
689
690
690
691
691
692
692
693
693
693
694
694
694
695
695
696
696
697
697
698
698
698
700
700
700
701
701
701
702
702
702
702
703
703
705
705
706
706
707
707
707
708
708
709
709
710
711
712
712
712
713
713
714
714
715
717
717
718
719
719
720
720
720
721
721
722
722
722
723
723
723
723
724
724
725
725
725
726
726
727
727
727
728
728
728
729
730
730
730
731
731
731
732
733
733
734
734
735
735
735
735
736
736
737
737
738
738
739
740
740
740
740
741
741
742
742
742
743
743
744
744
746
746
747
747
748
748
749
749
749
750
750
751
751
751
752
753
753
754
754
754
755
755
755
755
756
756
759
760
760
761
762
763
763
763
764
765
766
766
767
767
768
768
769
769
770
770
771
772
772
772
772
773
773
774
774
775
775
776
776
777
777
777
778
778
779
780
781
782
782
783
783
784
784
785
785
786
786
786
788
789
789
790
790
790
792
793
793
793
794
794
794
794
795
795
795
795
796
796
797
797
799
799
799
800
800
801
801
802
803
803
803
803
804
804
804
804
805
805
806
806
807
807
808
809
810
810
811
811
812
813
813
814
814
815
815
816
816
818
818
818
819
819
820
822
822
823
824
824
824
825
825
825
826
827
828
828
828
828
829
829
829
830
830
831
831
831
832
832
832
835
835
835
836
836
838
838
838
839
840
840
840
840
841
841
841
842
842
843
843
845
845
846
846
847
847
848
848
849
849
850
850
850
851
852
853
853
854
854
854
854
855
855
855
856
856
856
857
858
858
858
859
860
860
861
862
862
863
865
865
865
866
866
868
868
868
869
870
870
871
871
871
871
872
872
873
873
874
875
876
876
876
877
877
878
878
878
879
879
879
880
880
881
881
882
882
883
883
884
885
885
885
886
886
887
887
887
888
888
888
889
889
890
891
892
892
892
893
893
894
894
895
897
897
897
898
898
898
899
899
900
900
900
901
901
902
902
903
904
904
905
905
905
905
906
907
907
907
908
908
909
909
910
910
910
911
912
912
912
913
913
914
916
917
918
919
920
921
921
921
922
922
922
924
924
925
926
927
929
930
930
930
930
931
932
932
933
934
934
935
935
936
938
939
939
940
941
941
942
942
943
944
944
944
945
947
948
949
951
951
951
952
953
953
954
955
955
956
956
957
957
958
958
958
959
960
960
961
961
961
962
962
963
964
965
965
965
966
966
967
967
968
968
969
970
971
971
972
972
973
974
976
976
976
978
979
979
980
981
981
983
983
984
985
987
988
988
989
990
991
991
992
992
993
993
993
994
994
996
996
997
997
997
998
999
1000
1000
1000
1001
1002
1003
1003
1003
1004
1005
1005
1006
1006
1007
1007
1008
1009
1009
1010
1011
1011
1013
1013
1014
1014
1014
1015
1015
1016
1016
1018
1018
1019
1020
1022
1023
1023
1023
1024
1024
1025
1026
1027
1027
1028
1028
1029
1029
1030
1031
1031
1034
1035
1035
1036
1036
1036
1037
1038
1039
1039
1040
1040
1040
1042
1042
1043
1043
1043
1044
1045
1045
1046
1047
1047
1047
1047
1048
1048
1048
1049
1050
1050
1051
1051
1052
1053
1054
1054
1054
1055
1055
1057
1060
1060
1060
1061
1062
1063
1064
1064
1064
1065
1066
1066
1067
1067
1067
1068
1068
1068
1069
1070
1071
1071
1072
1072
1072
1072
1073
1074
1075
1076
1077
1079
1079
1079
1080
1081
1081
1081
1081
1082
1082
1084
1085
1086
1089
1090
1090
1091
1091
1092
1093
1094
1095
1095
1095
1096
1096
1098
1100
1101
1102
1102
1103
1103
1103
1104
1105
1106
1106
1107
1109
1110
1110
1111
1112
1112
1112
1113
1113
1114
1114
1115
1115
1116
1117
1119
1120
1120
1120
1122
1122
1123
1125
1126
1127
1128
1129
1130
1131
1131
1132
1133
1134
1135
1136
1136
1138
1138
1138
1139
1139
1139
1140
1141
1141
1142
1142
1143
1143
1145
1145
1145
1146
1146
1147
1147
1147
1151
1151
1152
1152
1153
1153
1154
1154
1155
1156
1157
1157
1157
1158
1158
1159
1159
1160
1160
1160
1161
1162
1162
1162
1163
1163
1163
1163
1164
1164
1164
1165
1167
1167
1168
1169
1169
1170
1170
1171
1171
1171
1172
1173
1174
1175
1176
1176
1177
1177
1178
1178
1179
1179
1180
1180
1181
1181
1181
1183
1184
1184
1185
1186
1186
1187
1188
1189
1189
1190
1191
1192
1193
1195
1195
1195
1196
1197
1197
1200
1200
1203
1204
1204
1205
1205
1206
1207
1207
1207
1209
1209
1210
1210
1210
1211
1211
1213
1214
1214
1217
1218
1219
1220
1220
1222
1225
1226
1226
1227
1227
1228
1229
1230
1231
1232
1233
1233
1233
1235
1235
1235
1236
1237
1238
1241
1241
1242
1242
1243
1243
1244
1244
1244
1244
1245
1245
1249
1249
1250
1251
1251
1252
1252
1252
1253
1256
1257
1258
1259
1259
1259
1260
1261
1263
1264
1265
1266
1267
1267
1269
1271
1272
1272
1274
1274
1275
1275
1276
1277
1277
1278
1280
1280
1281
1281
1282
1282
1282
1282
1284
1284
1284
1289
1290
1291
1292
1293
1294
1294
1294
1295
1298
1299
1299
1300
1300
1300
1301
1302
1302
1303
1303
1304
1305
1305
1307
1307
1308
1309
1309
1310
1312
1312
1315
1316
1316
1318
1318
1319
1319
1320
1322
1322
1323
1324
1324
1324
1328
1329
1330
1330
1332
1332
1333
1336
1338
1338
1339
1341
1342
1342
1343
1343
1344
1344
1345
1346
1347
1348
1349
1349
1352
1353
1353
1355
1356
1356
1357
1358
1361
1361
1362
1363
1364
1365
1367
1367
1368
1368
1368
1369
1373
1374
1374
1376
1376
1376
1377
1377
1378
1378
1379
1380
1381
1382
1384
1385
1386
1387
1388
1388
1389
1389
1391
1391
1392
1399
1399
1400
1401
1402
1402
1404
1404
1406
1408
1408
1409
1411
1412
1414
1415
1415
1416
1417
1418
1419
1419
1420
1421
1423
1424
1426
1426
1430
1432
1432
1434
1435
1438
1439
1439
1441
1442
1442
1443
1443
1444
1445
1445
1447
1448
1451
1452
1452
1453
1453
1455
1456
1457
1457
1459
1460
1460
1461
1466
1466
1467
1469
1470
1472
1473
1473
1474
1475
1477
1478
1480
1481
1482
1482
1483
1483
1484
1484
1486
1486
1489
1489
1490
1492
1493
1493
1495
1497
1497
1498
1500
1501
1502
1502
1504
1505
1505
1506
1507
1508
1509
1510
1511
1511
1511
1512
1512
1515
1516
1517
1518
1519
1520
1521
1521
1522
1523
1523
1524
1525
1525
1526
1527
1529
1529
1529
1530
1530
1530
1531
1532
1534
1535
1535
1535
1536
1536
1536
1538
1538
1543
1543
1545
1547
1548
1550
1550
1551
1552
1554
1555
1555
1561
1564
1564
1569
1570
1570
1571
1571
1571
1571
1572
1573
1575
1575
1577
1577
1579
1581
1581
1584
1585
1588
1590
1593
1595
1597
1599
1605
1605
1606
1609
1611
1611
1612
1613
1614
1615
1618
1619
1620
1622
1624
1624
1625
1625
1626
1629
1629
1630
1630
1632
1633
1633
1634
1635
1636
1637
1638
1641
1642
1645
1649
1651
1653
1654
1655
1657
1657
1658
1660
1661
1663
1664
1667
1668
1672
1680
1681
1692
1697
1698
1706
1712
1714
1718
1720
1723
1723
1729
1731
1739
1741
1741
1742
1742
1745
1746
1747
1751
1754
1757
1757
1762
1773
1775
1778
1785
1786
1787
1788
1799
1804
1809
1810
1812
1820
1829
1831
1838
1841
1192
1398
1577
1575
1368
1572
20
1735
375
1305
1189
1198
1197
1635
467
1566
539
1737
419
489
630
652
439
357
356
483
5
357
372
374
392
416
419
428
439
443
477
489
502
502
507
521
620
652
659
669
672
1305
1566
1572
1575
1576
1577
1578
1581
1635
1701
1714
1730
1735
1737
1802
1
3
8
10
11
12
14
15
16
16
1551
17
280
1378
19
22
24
25
1461
606
271
914
30
32
34
35
1337
138
531
37
1108
38
39
1403
365
45
46
933
1099
49
50
51
54
55
58
59
60
103
63
718
65
66
67
1010
68
69
72
73
76
78
1417
81
82
85
88
89
91
92
94
95
102
105
107
108
110
430
113
114
1704
118
1663
119
1777
128
120
122
1004
361
124
125
1394
127
129
131
1243
133
135
135
137
139
141
143
143
144
149
150
151
155
156
157
161
165
166
167
170
171
173
509
174
176
179
180
181
182
186
187
188
190
195
196
197
200
714
204
205
206
1234
1435
968
411
208
210
211
213
214
215
216
760
1705
218
223
224
228
231
233
234
236
237
238
242
250
255
256
258
258
260
261
263
268
269
1515
272
274
1325
922
277
278
802
283
286
289
787
290
293
554
296
301
302
303
309
311
421
316
318
323
324
325
326
329
331
1126
332
334
1725
338
339
344
345
347
348
353
355
1854
359
360
362
363
367
368
511
724
373
476
379
383
384
1041
386
387
389
390
391
393
395
396
719
397
398
400
401
975
403
404
405
406
409
410
412
413
414
417
418
496
1748
421
424
429
431
432
435
436
437
438
440
441
442
446
447
651
748
451
452
455
455
456
458
1430
1274
460
461
463
464
465
466
1313
468
470
471
472
473
474
475
479
482
484
485
494
495
500
504
505
579
517
609
518
519
520
522
523
524
525
526
644
528
530
555
1240
536
689
1177
1625
965
541
543
544
545
547
548
552
553
555
556
1122
558
559
561
562
1450
565
582
970
1760
919
1795
1724
567
568
766
966
570
572
1422
573
574
576
577
578
1493
581
1492
583
584
585
587
588
590
591
1020
1810
1033
1289
594
595
596
1241
1542
1024
598
1424
729
1821
600
1044
1463
1639
1334
601
608
610
611
614
616
618
619
936
621
625
633
626
627
628
635
951
637
1535
638
1841
642
643
647
649
650
806
655
1682
656
657
662
665
667
668
670
671
1161
851
678
679
680
682
683
684
686
687
690
691
692
694
695
695
696
697
1731
698
699
1614
1384
701
1268
1369
703
704
1668
1711
706
1132
945
709
710
711
844
1533
1609
1185
1443
1374
1150
1067
1039
925
1466
855
1219
713
1683
1616
1107
884
1524
878
1137
716
1441
1194
1662
721
1248
725
728
732
734
738
739
745
747
750
753
757
1254
761
765
767
769
771
773
775
776
778
780
781
782
783
784
789
792
793
796
801
805
808
809
810
811
812
815
816
817
821
822
823
827
833
834
835
848
852
853
860
861
862
1101
863
864
1624
866
867
870
872
1655
1399
961
877
1314
1113
989
1151
1290
882
1485
883
886
1055
1695
1418
889
890
891
895
896
899
997
906
1295
910
907
908
1846
911
915
918
924
1629
929
1579
1193
931
1558
1063
1759
1119
1506
1342
937
938
1104
1688
1546
1598
1586
1298
1484
1529
1289
1671
1327
1574
1556
1395
943
1017
1786
947
948
949
1258
1801
1199
952
1046
1318
1467
954
1830
1750
957
1793
960
962
963
964
994
969
1836
972
973
1051
1653
977
1135
978
987
1221
980
1774
1764
1517
1429
1082
1351
984
1140
1827
1338
1092
1270
982
1477
1848
1833
1618
1691
1271
986
1381
1611
1608
1561
1179
1202
1110
1212
990
1255
1451
1025
1410
1769
991
1098
1229
1814
993
1741
1549
1392
996
1447
1260
1837
1302
1409
1594
1359
1778
1385
1373
1077
1256
1008
1603
1706
1789
1001
1026
1002
1297
1326
1648
1709
1076
1073
1094
1281
1791
1277
1007
1739
1012
1013
1019
1022
1029
1034
1035
1037
1042
1049
1052
1054
1056
1059
1065
1070
1071
1078
1080
1084
1088
1091
1097
1782
1165
1112
1616
1117
1574
1825
1646
1687
1481
1776
1213
1721
1798
1729
1716
1755
1768
1749
1602
1596
1838
1142
1143
1146
1149
1152
1632
1156
1649
1158
1552
1261
1797
1190
1462
1328
1169
1174
1178
1181
1510
1183
1591
1186
1188
1191
1474
1193
1201
1204
1382
1208
1216
1217
1352
1224
1473
1232
1476
1237
1570
1490
1238
1761
1239
1286
1740
1246
1518
1249
1250
1251
1479
1599
1266
1697
1272
1470
1276
1279
1287
1752
1773
1731
1457
1710
1719
1333
1301
1436
1822
1718
1427
1412
1459
1623
1619
1306
1308
1437
1834
1593
1434
1514
1783
1784
1601
1396
1354
1585
1747
1324
1808
1349
1362
1407
1590
1771
1679
1631
1358
1553
1545
1332
1335
1853
1361
1364
1787
1743
1534
1717
1601
1543
1813
1596
1393
1397
1478
1588
1541
1819
1818
1550
1408
1415
1416
1426
1428
1847
1674
1689
1455
1475
1491
1494
1498
1500
1503
1513
1516
1531
1532
1539
1636
1654
1637
1543
1692
1790
1658
1807
1595
1563
1606
1824
1610
1580
1767
1722
1564
1843
1686
1568
1569
1800
1589
1817
1647
1650
1751
1694
1840
1620
1844
1651
1667
1681
1728
1758
1713
1794
1787
1738
)


// ************************************************************************* //
