/*--------------------------------*- C++ -*----------------------------------*\
| =========                 |                                                 |
| \\      /  F ield         | OpenFOAM: The Open Source CFD Toolbox           |
|  \\    /   O peration     | Version:  2512                                  |
|   \\  /    A nd           | Website:  www.openfoam.com                      |
|    \\/     M anipulation  |                                                 |
\*---------------------------------------------------------------------------*/
FoamFile
{
    version     2.0;
    format      ascii;
    arch        "LSB;label=32;scalar=64";
    class       vectorField;
    location    "constant/domain4/polyMesh";
    object      points;
}
// * * * * * * * * * * * * * * * * * * * * * * * * * * * * * * * * * * * * * //


641
(
(495 15 -33.4808)
(5 15 -33.4808)
(8.32667e-16 15 -33.4808)
(500 15 -33.4808)
(5 19.8209 -31.7261)
(5 22.3861 -27.2831)
(5 21.4952 -22.2308)
(5 17.5652 -18.9331)
(5 12.4348 -18.9331)
(5 8.50481 -22.2308)
(5 7.61394 -27.2831)
(5 10.1791 -31.7261)
(12.0598 15 -33.4808)
(19.6095 15 -33.4808)
(27.1593 15 -33.4808)
(34.7091 15 -33.4808)
(42.2588 15 -33.4808)
(49.8086 15 -33.4808)
(57.3584 15 -33.4808)
(64.9082 15 -33.4808)
(72.4579 15 -33.4808)
(80.0077 15 -33.4808)
(87.5575 15 -33.4808)
(95.1072 15 -33.4808)
(102.657 15 -33.4808)
(110.207 15 -33.4808)
(117.757 15 -33.4808)
(125.306 15 -33.4808)
(132.856 15 -33.4808)
(140.406 15 -33.4808)
(147.956 15 -33.4808)
(155.505 15 -33.4808)
(163.055 15 -33.4808)
(170.605 15 -33.4808)
(178.155 15 -33.4808)
(185.704 15 -33.4808)
(193.254 15 -33.4808)
(200.804 15 -33.4808)
(208.354 15 -33.4808)
(215.904 15 -33.4808)
(223.453 15 -33.4808)
(231.003 15 -33.4808)
(238.553 15 -33.4808)
(246.103 15 -33.4808)
(253.652 15 -33.4808)
(261.202 15 -33.4808)
(268.752 15 -33.4808)
(276.302 15 -33.4808)
(283.851 15 -33.4808)
(291.401 15 -33.4808)
(298.951 15 -33.4808)
(306.501 15 -33.4808)
(314.051 15 -33.4808)
(321.6 15 -33.4808)
(329.15 15 -33.4808)
(336.7 15 -33.4808)
(344.25 15 -33.4808)
(351.799 15 -33.4808)
(359.349 15 -33.4808)
(366.899 15 -33.4808)
(374.449 15 -33.4808)
(381.998 15 -33.4808)
(389.548 15 -33.4808)
(397.098 15 -33.4808)
(404.648 15 -33.4808)
(412.198 15 -33.4808)
(419.747 15 -33.4808)
(427.297 15 -33.4808)
(434.847 15 -33.4808)
(442.397 15 -33.4808)
(449.946 15 -33.4808)
(457.496 15 -33.4808)
(465.046 15 -33.4808)
(472.596 15 -33.4808)
(480.145 15 -33.4808)
(487.695 15 -33.4808)
(495 19.8209 -31.7261)
(495 22.3861 -27.2831)
(495 21.4952 -22.2308)
(495 17.5652 -18.9331)
(495 12.4348 -18.9331)
(495 8.50481 -22.2308)
(495 7.61394 -27.2831)
(495 10.1791 -31.7261)
(6.3786e-16 19.8209 -31.7261)
(1.44591e-16 22.3861 -27.2831)
(-4.16334e-16 21.4952 -22.2308)
(-7.82451e-16 17.5652 -18.9331)
(-7.82451e-16 12.4348 -18.9331)
(-4.16334e-16 8.50481 -22.2308)
(1.44591e-16 7.61394 -27.2831)
(6.3786e-16 10.1791 -31.7261)
(500 19.8209 -31.7261)
(500 22.3861 -27.2831)
(500 21.4952 -22.2308)
(500 17.5652 -18.9331)
(500 12.4348 -18.9331)
(500 8.50481 -22.2308)
(500 7.61394 -27.2831)
(500 10.1791 -31.7261)
(11.1279 21.0893 -30.3592)
(11.2737 22.4341 -24.9886)
(11.2556 19.8601 -20.2686)
(11.1203 14.8715 -18.4819)
(10.8278 10.0566 -20.3405)
(10.1643 7.61663 -24.6632)
(9.10379 8.22848 -29.2051)
(10.6295 10.9355 -32.2839)
(16.5351 19.2238 -32.1783)
(30.287 20.7122 -30.8408)
(45.6279 20.9744 -30.5147)
(60.8602 21.0249 -30.4474)
(76.0149 21.0356 -30.4329)
(91.1114 21.0309 -30.4393)
(106.216 21.0402 -30.4267)
(121.309 21.0456 -30.4193)
(136.411 21.0463 -30.4184)
(151.5 21.0352 -30.4334)
(166.61 21.0282 -30.443)
(181.702 21.0111 -30.4659)
(196.813 21.0261 -30.4458)
(211.918 21.0433 -30.4225)
(227 21.0375 -30.4303)
(242.107 21.0376 -30.4302)
(257.207 21.027 -30.4446)
(272.306 21.0002 -30.4805)
(287.41 20.9811 -30.5059)
(302.503 20.9713 -30.5188)
(317.606 20.971 -30.5191)
(332.711 20.9712 -30.519)
(347.809 20.9712 -30.5189)
(362.905 20.9705 -30.5199)
(378.006 20.9738 -30.5155)
(393.111 20.9856 -30.4999)
(408.213 21.0093 -30.4683)
(423.314 21.0224 -30.4507)
(438.416 21.0293 -30.4414)
(453.52 21.052 -30.4105)
(468.482 21.0731 -30.3816)
(482.674 20.8093 -30.7245)
(489.154 21.319 -30.0206)
(490.621 22.4304 -24.9612)
(489.471 20.259 -20.6335)
(489.049 15.4315 -18.4932)
(489.276 10.3311 -20.1112)
(489.949 7.64708 -24.5027)
(490.954 8.20652 -29.1586)
(489.359 10.9207 -32.2743)
(17.109 10.5326 -32.0051)
(24.0999 9.99131 -31.5631)
(31.4562 9.5261 -31.1078)
(39.0221 9.29098 -30.8446)
(46.7037 9.26438 -30.8132)
(54.371 9.28359 -30.8359)
(61.9947 9.30502 -30.861)
(69.581 9.31922 -30.8776)
(77.1441 9.3246 -30.8838)
(84.6953 9.32361 -30.8827)
(92.2444 9.32458 -30.8838)
(99.7943 9.32895 -30.8888)
(107.343 9.33136 -30.8916)
(114.889 9.33092 -30.8911)
(122.438 9.33213 -30.8925)
(129.991 9.33504 -30.8959)
(137.542 9.3339 -30.8945)
(145.091 9.32821 -30.888)
(152.642 9.3244 -30.8836)
(160.196 9.32383 -30.8829)
(167.749 9.32044 -30.879)
(175.297 9.31335 -30.8707)
(182.845 9.31072 -30.8677)
(190.394 9.31445 -30.872)
(197.942 9.32091 -30.8795)
(205.49 9.3278 -30.8875)
(213.038 9.3312 -30.8914)
(220.586 9.32914 -30.8891)
(228.135 9.32682 -30.8864)
(235.689 9.32692 -30.8865)
(243.243 9.32701 -30.8866)
(250.797 9.32339 -30.8824)
(258.349 9.31539 -30.8731)
(265.903 9.30693 -30.8633)
(273.456 9.29722 -30.8519)
(281.01 9.29019 -30.8437)
(288.561 9.28467 -30.8372)
(296.111 9.2813 -30.8332)
(303.66 9.27982 -30.8315)
(311.21 9.27926 -30.8308)
(318.759 9.27895 -30.8305)
(326.309 9.2787 -30.8302)
(333.859 9.2786 -30.83)
(341.409 9.2787 -30.8302)
(348.958 9.27897 -30.8305)
(356.508 9.27936 -30.831)
(364.057 9.27992 -30.8316)
(371.605 9.28088 -30.8327)
(379.154 9.28289 -30.8351)
(386.701 9.28678 -30.8397)
(394.247 9.29312 -30.8471)
(401.794 9.30122 -30.8566)
(409.341 9.30883 -30.8655)
(416.889 9.31344 -30.8709)
(424.436 9.31623 -30.8741)
(431.984 9.32067 -30.8792)
(439.524 9.32547 -30.8848)
(447.05 9.33668 -30.8978)
(454.547 9.36724 -30.9327)
(461.972 9.43951 -31.0137)
(469.247 9.61913 -31.2053)
(476.289 9.97686 -31.5502)
(483.021 10.4795 -31.9653)
(37.9656 20.8879 -30.6264)
(22.9522 20.1672 -31.4168)
(53.2581 21.0104 -30.4668)
(68.4518 21.0364 -30.4319)
(83.5677 21.0318 -30.438)
(98.6676 21.0374 -30.4305)
(113.77 21.0471 -30.4172)
(128.863 21.0497 -30.4138)
(143.959 21.0423 -30.4238)
(159.059 21.0351 -30.4335)
(174.159 21.0186 -30.4559)
(189.269 21.0202 -30.4538)
(204.368 21.0373 -30.4306)
(219.466 21.0443 -30.4211)
(234.558 21.0404 -30.4264)
(249.655 21.0337 -30.4354)
(264.752 21.012 -30.4647)
(279.847 20.9852 -30.5004)
(294.96 20.9765 -30.512)
(310.063 20.9732 -30.5162)
(325.168 20.9729 -30.5166)
(340.268 20.9717 -30.5183)
(355.368 20.9729 -30.5166)
(370.465 20.9751 -30.5138)
(385.568 20.9812 -30.5057)
(400.674 21.0022 -30.4779)
(415.768 21.0183 -30.4562)
(430.857 21.0232 -30.4497)
(445.963 21.0349 -30.4338)
(461.028 21.0668 -30.3903)
(475.713 20.961 -30.5323)
(64.3986 22.1731 -23.7906)
(33.4567 22.3471 -24.4743)
(56.7753 22.1857 -23.8324)
(17.5357 22.2598 -27.8636)
(79.5498 22.17 -23.7805)
(25.0263 22.4634 -25.241)
(94.663 22.1683 -23.7749)
(72.0094 22.1645 -23.7626)
(109.737 22.1639 -23.7607)
(87.0828 22.1778 -23.8062)
(124.844 22.1559 -23.7351)
(102.205 22.1631 -23.7582)
(139.937 22.1604 -23.7493)
(117.306 22.1559 -23.7352)
(155.037 22.1688 -23.7766)
(132.408 22.1527 -23.7247)
(170.144 22.1788 -23.8094)
(147.472 22.1664 -23.7689)
(185.235 22.1927 -23.8559)
(200.352 22.1707 -23.7829)
(49.0254 22.2125 -23.9242)
(215.46 22.1585 -23.7433)
(253.212 22.1683 -23.775)
(230.521 22.1662 -23.768)
(192.813 22.1804 -23.8146)
(245.648 22.1671 -23.7709)
(268.269 22.1989 -23.8771)
(283.372 22.2192 -23.9478)
(298.504 22.2241 -23.9653)
(313.593 22.2267 -23.9745)
(328.703 22.2271 -23.976)
(343.792 22.2283 -23.9802)
(358.897 22.2266 -23.9742)
(374.005 22.2241 -23.9652)
(389.109 22.2175 -23.9417)
(404.224 22.1932 -23.8577)
(419.297 22.1856 -23.8321)
(434.391 22.1776 -23.8055)
(449.526 22.1628 -23.757)
(464.576 22.1177 -23.6169)
(478.958 22.2711 -24.1419)
(207.91 22.1619 -23.7544)
(162.609 22.1694 -23.7787)
(177.669 22.1921 -23.8537)
(485.251 22.4165 -24.8645)
(485.894 7.86214 -28.2831)
(20.6055 7.62304 -27.3337)
(27.7769 7.50041 -25.9024)
(35.433 7.58904 -24.8285)
(43.4273 7.60884 -24.7077)
(51.2898 7.60049 -24.7572)
(59.0177 7.59059 -24.8186)
(66.6521 7.58387 -24.8623)
(74.2332 7.58055 -24.8845)
(81.7821 7.58166 -24.877)
(89.3296 7.58215 -24.8737)
(96.8853 7.57978 -24.8897)
(104.434 7.57803 -24.9017)
(111.972 7.57858 -24.8979)
(119.517 7.57858 -24.8979)
(127.076 7.57649 -24.9123)
(134.63 7.57595 -24.9161)
(142.172 7.57876 -24.8967)
(149.721 7.58133 -24.8793)
(157.283 7.58102 -24.8813)
(164.844 7.58139 -24.8788)
(172.387 7.58564 -24.8506)
(179.932 7.58827 -24.8335)
(187.485 7.58688 -24.8425)
(195.035 7.58415 -24.8604)
(202.583 7.58064 -24.8839)
(210.13 7.57789 -24.9027)
(217.668 7.57875 -24.8968)
(225.211 7.58022 -24.8867)
(232.769 7.58016 -24.8872)
(240.33 7.5796 -24.8909)
(247.889 7.57997 -24.8884)
(255.438 7.58399 -24.8615)
(262.995 7.58713 -24.8408)
(270.548 7.59256 -24.8061)
(278.109 7.59607 -24.7842)
(285.666 7.59932 -24.7642)
(293.218 7.60148 -24.7512)
(300.767 7.60242 -24.7455)
(308.317 7.60271 -24.7438)
(315.867 7.60287 -24.7428)
(323.417 7.60304 -24.7418)
(330.967 7.60315 -24.7412)
(338.517 7.60313 -24.7413)
(346.066 7.60303 -24.7419)
(353.615 7.60285 -24.743)
(361.164 7.60262 -24.7443)
(368.713 7.60231 -24.7462)
(376.26 7.60166 -24.7501)
(383.807 7.60024 -24.7586)
(391.352 7.59756 -24.775)
(398.897 7.59358 -24.7997)
(406.442 7.58937 -24.8264)
(413.986 7.58659 -24.8444)
(421.527 7.5859 -24.8489)
(429.079 7.58365 -24.8637)
(436.622 7.58224 -24.8731)
(444.148 7.58057 -24.8844)
(451.659 7.57297 -24.9371)
(459.108 7.55817 -25.0485)
(466.419 7.52969 -25.314)
(473.429 7.50005 -26.0068)
(222.986 22.1625 -23.7562)
(17.2556 17.2307 -18.8202)
(17.1303 11.7647 -19.2144)
(16.1799 8.04853 -23.1653)
(14.3208 7.91393 -28.4379)
(17.5011 21.6122 -22.4412)
(483.356 19.0729 -19.683)
(484.205 8.23501 -22.7427)
(238.084 22.1665 -23.7693)
(41.2654 22.2499 -24.0603)
(260.744 22.1805 -23.815)
(275.837 22.2086 -23.9104)
(290.941 22.2225 -23.9597)
(306.033 22.2276 -23.9778)
(321.148 22.2272 -23.9762)
(336.263 22.2266 -23.9742)
(351.361 22.2261 -23.9726)
(366.434 22.2275 -23.9773)
(381.537 22.2243 -23.9658)
(396.646 22.2113 -23.9198)
(411.749 22.1876 -23.8389)
(426.862 22.1776 -23.8055)
(441.948 22.1765 -23.8017)
(457.064 22.1443 -23.6983)
(472.002 22.0925 -23.5421)
(479.983 7.58877 -27.1313)
(483.101 12.8344 -18.8002)
(52.4984 17.7119 -18.9882)
(29.2119 18.8171 -19.5248)
(44.6072 17.8106 -19.0273)
(271.715 17.719 -18.991)
(113.191 17.5121 -18.914)
(90.5273 17.6084 -18.949)
(83.0105 17.55 -18.9276)
(181.109 17.6777 -18.975)
(150.946 17.5222 -18.9176)
(173.606 17.5953 -18.9441)
(143.38 17.5173 -18.9158)
(36.704 17.9503 -19.0854)
(249.134 17.5193 -18.9166)
(286.842 17.7819 -19.0158)
(264.211 17.6051 -18.9478)
(279.283 17.7516 -19.0037)
(415.221 17.5957 -18.9443)
(301.951 17.8022 -19.0239)
(317.052 17.8068 -19.0258)
(332.158 17.8097 -19.027)
(347.255 17.8095 -19.0269)
(362.35 17.8047 -19.0249)
(377.45 17.796 -19.0214)
(392.552 17.7592 -19.0067)
(407.702 17.5985 -18.9453)
(476.281 16.6558 -18.6658)
(233.995 17.5134 -18.9144)
(437.864 17.5639 -18.9326)
(452.995 17.4709 -18.8995)
(23.7076 14.1853 -18.5251)
(30.9914 11.2036 -19.5126)
(39.8948 11.2959 -19.4593)
(48.0474 11.221 -19.5024)
(55.8925 11.1482 -19.5454)
(63.574 11.1001 -19.5745)
(71.1964 11.055 -19.6021)
(78.7252 11.0746 -19.59)
(86.2511 11.0937 -19.5784)
(93.8327 11.0647 -19.5961)
(101.401 11.0395 -19.6117)
(108.914 11.0514 -19.6044)
(116.433 11.0643 -19.5964)
(124.014 11.0347 -19.6147)
(131.593 11.0127 -19.6285)
(139.109 11.044 -19.6089)
(146.63 11.0787 -19.5876)
(154.216 11.0735 -19.5907)
(161.814 11.0473 -19.6069)
(169.332 11.0985 -19.5754)
(176.852 11.1377 -19.5517)
(184.431 11.1242 -19.5599)
(191.987 11.1054 -19.5712)
(199.534 11.0795 -19.5871)
(207.1 11.0371 -19.6132)
(214.613 11.0485 -19.6061)
(222.126 11.0702 -19.5928)
(229.695 11.0634 -19.5969)
(237.266 11.063 -19.5972)
(244.854 11.0361 -19.6138)
(252.365 11.0895 -19.5809)
(259.949 11.0965 -19.5766)
(267.466 11.1566 -19.5404)
(275.05 11.1761 -19.5288)
(282.617 11.2049 -19.5118)
(290.173 11.2262 -19.4994)
(297.725 11.2355 -19.494)
(305.275 11.2379 -19.4926)
(312.825 11.239 -19.4919)
(320.376 11.2404 -19.4911)
(327.927 11.2421 -19.4902)
(335.477 11.2423 -19.49)
(343.026 11.2417 -19.4904)
(350.575 11.2406 -19.491)
(358.124 11.2386 -19.4921)
(365.672 11.2371 -19.493)
(373.221 11.2343 -19.4946)
(380.769 11.2276 -19.4985)
(388.315 11.2127 -19.5072)
(395.861 11.184 -19.5241)
(403.406 11.1465 -19.5464)
(410.958 11.1131 -19.5665)
(418.46 11.1244 -19.5597)
(426.032 11.0937 -19.5783)
(433.596 11.0791 -19.5873)
(441.096 11.0958 -19.5771)
(448.657 11.0461 -19.6077)
(456.19 10.9688 -19.6562)
(463.618 10.8408 -19.7397)
(471.05 10.4275 -20.0359)
(226.428 17.518 -18.9161)
(468.129 17.1955 -18.8093)
(22.9579 8.94165 -21.5596)
(256.68 17.5454 -18.9259)
(241.547 17.5474 -18.9266)
(218.902 17.5012 -18.9101)
(196.276 17.562 -18.9319)
(430.337 17.5487 -18.9271)
(22.7267 19.6707 -20.1126)
(166.088 17.5382 -18.9233)
(135.864 17.4764 -18.9014)
(105.669 17.4982 -18.9091)
(75.4798 17.5184 -18.9162)
(460.532 17.3819 -18.869)
(158.503 17.5591 -18.9309)
(60.2793 17.5809 -18.9388)
(309.5 17.8063 -19.0256)
(67.9316 17.5127 -18.9142)
(98.1387 17.5054 -18.9116)
(120.763 17.4815 -18.9032)
(128.338 17.4537 -18.8935)
(477.939 9.32519 -21.077)
(294.4 17.7969 -19.0218)
(324.605 17.8086 -19.0265)
(339.707 17.8085 -19.0265)
(354.805 17.8058 -19.0254)
(369.899 17.8034 -19.0244)
(385 17.786 -19.0174)
(400.111 17.7137 -18.9889)
(422.732 17.6413 -18.9613)
(445.381 17.6017 -18.9465)
(188.685 17.6567 -18.9671)
(203.849 17.4979 -18.909)
(211.376 17.4925 -18.907)
(3.3185e-16 15.8603 -28.9698)
(-2.47319e-16 16.8692 -23.7531)
(-3.64347e-17 11.907 -25.6526)
(500 15.8603 -28.9698)
(500 16.8692 -23.7531)
(500 11.907 -25.6526)
(150.64 15.5154 -25.7354)
(116.719 16.7161 -24.8291)
(175.545 17.2116 -24.2638)
(242.367 12.9275 -23.4367)
(264.199 15.3681 -23.7951)
(169.539 14.9034 -25.4864)
(485.968 14.6258 -25.9674)
(337.298 12.8523 -22.8645)
(389.695 12.9835 -25.1246)
(314.492 14.4398 -26.1723)
(129.031 14.488 -26.0016)
(442.343 13.3761 -24.1839)
(221.09 14.6849 -25.9764)
(1.96724 15.0717 -30.5333)
(480.057 14.0134 -25.8193)
(199.63 12.1784 -27.3944)
(371.41 14.2136 -25.7446)
(355.967 16.5355 -24.4514)
(88.5946 17.884 -25.7197)
(12.1369 11.6771 -29.948)
(253.508 14.1845 -26.0191)
(9.75254 14.8665 -26.6886)
(57.6947 12.6104 -24.9034)
(109.652 11.9019 -25.1247)
(75.8325 15.2243 -26.1005)
(143.012 13.961 -25.9453)
(35.6856 14.373 -28.2766)
(23.3469 15.7378 -24.6465)
(202.415 16.0071 -24.2037)
(213.687 15.0932 -25.7431)
(451.244 13.9638 -27.6153)
(61.4535 16.9194 -27.4007)
(106.077 17.4082 -27.7491)
(158.605 16.9698 -27.2618)
(279.395 13.1171 -27.3584)
(228.965 14.759 -24.8825)
(42.7328 14.4244 -26.1684)
(49.4942 15.9073 -27.5793)
(181.219 15.9887 -26.6471)
(295.59 11.3752 -25.3475)
(347.144 11.0436 -24.0108)
(454.245 15.6218 -24.4379)
(473.703 15.1186 -25.9867)
(331.064 15.2375 -26.3577)
(362.731 14.4209 -26.0121)
(322.943 14.4194 -26.6037)
(272.488 15.6816 -26.8924)
(421.795 12.6277 -25.7239)
(408.205 15.9243 -25.9084)
(344.308 19.3965 -28.8018)
(192.406 13.6534 -25.1307)
(94.4865 14.4978 -25.9772)
(435.302 15.0091 -25.6141)
(283.39 12.014 -25.7639)
(427.844 15.5971 -25.2642)
(397.21 12.6323 -26.0378)
(383.555 15.3404 -27.5236)
(247.945 14.707 -24.6791)
(491.952 15.8718 -22.9857)
(495.139 9.99411 -25.2029)
(294.524 17.7327 -27.3348)
(288.389 11.1155 -23.1011)
(379.268 13.6097 -23.7225)
(280.741 16.1613 -23.5441)
(207.25 14.462 -26.5848)
(197.01 17.2088 -26.5704)
(350.19 19.6533 -27.0021)
(419.526 17.6907 -24.9609)
(276.847 17.5875 -25.2837)
(335.073 11.0917 -26.8338)
(458.555 17.6255 -26.7274)
(456.991 11.5076 -25.5368)
(55.1442 17.0938 -26.3122)
(38.5046 16.2694 -23.6759)
(467.601 14.2406 -24.7498)
(162.999 13.7466 -25.1717)
(100.526 11.5328 -22.9594)
(13.9698 19.4762 -26.5331)
(87.3766 12.8634 -24.8861)
(447.348 16.7971 -25.6389)
(306.654 14.9617 -25.6147)
(259.525 14.8902 -26.837)
(299.967 15.7501 -23.8597)
(376.859 16.8874 -27.5427)
(16.9866 12.2956 -23.9168)
(4.57664 11.3499 -24.8136)
(120.387 12.4127 -25.6467)
(7.93004 13.0724 -22.0708)
(442.176 15.7784 -28.6648)
(400.421 16.7761 -23.6226)
(352.788 12.5172 -22.6629)
(403.076 13.0323 -27.484)
(415.296 14.5198 -25.9024)
(274.949 11.6589 -25.9996)
(447.493 11.0083 -25.2619)
(136.224 15.1569 -24.3581)
(111.377 17.6891 -25.231)
(132.147 16.2666 -21.9499)
(12.2264 13.7055 -22.1945)
(186.699 13.107 -27.5651)
(82.1306 13.1736 -23.7682)
(175.35 13.1438 -27.7038)
(20.2962 12.1836 -22.1285)
(64.2741 13.1255 -25.1205)
(462.106 10.9284 -23.5075)
(32.9053 14.2052 -22.2492)
(267.909 16.6577 -27.8095)
(69.0409 16.7756 -27.3837)
(384.489 12.7557 -22.7309)
(388.08 17.9289 -26.2328)
(235.7 14.1109 -24.3943)
(122.028 17.1995 -27.5057)
(318.938 17.3658 -23.8475)
(411.634 11.5862 -26.8933)
(269.259 12.5194 -24.3188)
(50.2739 12.4909 -24.3521)
(352.347 11.8851 -27.3639)
(327.984 11.4899 -27.0492)
(156.167 12.4572 -25.4138)
(83.2821 16.7521 -26.822)
(394.018 17.2596 -27.0159)
(16.4191 16.0784 -26.7659)
(299.651 13.4925 -28.4948)
(186.934 17.0717 -23.9839)
(11.9729 9.95253 -23.5948)
(283.017 17.5164 -29.2198)
(26.7385 12.9826 -21.7516)
(244.68 17.7823 -26.575)
(335.456 16.7209 -28.4229)
(326.786 17.5151 -23.8523)
(69.4241 12.2779 -24.3173)
(114.201 12.4871 -26.2775)
(1.49101 19.5085 -28.8158)
(356.19 13.1164 -27.6502)
(352.034 16.0817 -22.9495)
(498.482 19.8317 -28.3799)
)


// ************************************************************************* //
