/*--------------------------------*- C++ -*----------------------------------*\
| =========                 |                                                 |
| \\      /  F ield         | OpenFOAM: The Open Source CFD Toolbox           |
|  \\    /   O peration     | Version:  2512                                  |
|   \\  /    A nd           | Website:  www.openfoam.com                      |
|    \\/     M anipulation  |                                                 |
\*---------------------------------------------------------------------------*/
FoamFile
{
    version     2.0;
    format      ascii;
    arch        "LSB;label=32;scalar=64";
    class       labelList;
    location    "constant/domain0/polyMesh";
    object      cellRegionAddressing;
}
// * * * * * * * * * * * * * * * * * * * * * * * * * * * * * * * * * * * * * //


1844
(
0
34
40
45
91
93
100
104
141
155
161
171
182
187
195
214
217
219
221
224
225
229
234
236
239
245
276
324
459
492
493
500
501
535
537
538
547
552
557
566
588
597
621
625
627
636
637
638
646
658
670
773
777
894
949
1150
1235
1592
1751
1880
1890
1897
1899
1900
1901
1903
1910
1911
1926
1942
1952
1963
1966
1970
1974
1980
1983
1984
2021
2047
2059
2065
2073
2096
2109
2117
2123
2128
2131
2136
2137
2147
2149
2152
2160
2196
2212
2236
2244
2246
2281
2297
2299
2312
2318
2321
2323
2324
2329
2342
2351
2361
2371
2373
2374
2385
2390
2406
2417
2421
2424
2426
2429
2430
2433
2447
2452
2459
2493
2501
2510
2511
2530
2544
2550
2552
2553
2560
2561
2571
2575
2579
2596
2602
2620
2621
2623
2764
3029
3033
3062
3069
3289
3456
3591
3643
3721
3755
3855
3975
4088
4095
4224
4235
4332
4336
4389
4393
4402
4414
4480
4597
4653
4685
4746
4748
4760
4765
4847
4853
4888
4920
4979
4998
5089
5120
5239
5290
5299
5386
5409
5506
5596
5609
5637
5641
5715
5743
5822
5837
6017
6087
6095
6142
6144
6205
6239
6273
6331
6351
6376
6487
6557
6652
6694
6729
6827
6848
6863
6879
6968
6995
7001
7041
7094
7210
7256
7266
7386
7389
7398
7532
7548
7596
7614
7715
7948
7971
7986
7991
7999
8013
8020
8026
8030
8064
8065
8075
8129
8138
8142
8157
8159
8194
8196
8209
8229
8233
8245
8246
8248
8249
8254
8259
8271
8273
8289
8299
8310
8316
8330
8335
8339
8348
8354
8359
8364
8374
8386
8393
8411
8425
8430
8450
8455
8456
8458
8466
8467
8470
8472
8474
8480
8484
8492
8496
8501
8518
8526
8529
8536
8544
8545
8555
8558
8563
8583
8600
8601
8605
8606
8620
8632
8644
8647
8655
8656
8658
8667
8668
8673
8679
8680
8697
8700
8701
8702
8703
8716
8731
8732
8733
8738
8739
8751
8761
8781
8787
8792
8795
8798
8802
8807
8809
8813
8820
8821
8844
8847
8859
8860
8881
8883
8890
8896
8903
8925
8926
8952
8956
8959
8965
8969
8973
8979
8983
9053
9103
9126
9181
9215
9238
9271
9278
9345
9501
9556
9571
9596
9598
9606
9681
9879
9890
9901
9907
9939
9966
9990
10042
10045
10066
10154
10165
10196
10202
10325
10349
10385
10398
10450
10473
10495
10521
10550
10580
10602
10611
10647
10720
10767
10827
10871
10912
11090
11156
11177
11197
11201
11249
11303
11305
11405
11417
11488
11552
11602
11617
11678
11686
11828
11844
11891
11900
11935
12005
12078
12174
12238
12241
12256
12269
12391
12402
12436
12449
12524
12525
12640
12661
12688
12716
12717
12735
12852
12902
12962
13086
13126
13170
13273
13283
13285
13291
13302
13305
13367
13475
13495
13508
13589
13631
13749
13830
13847
13872
13905
13907
13929
13959
13967
13986
13997
14010
14043
14055
14063
14107
14149
14167
14210
14274
14292
14401
14404
14410
14419
14425
14482
14490
14491
14634
14655
14742
14755
14757
14758
14768
14771
14776
14791
14796
14802
14807
14812
14813
14843
14860
14862
14877
14918
14923
14952
14953
14964
14987
15010
15024
15036
15041
15059
15061
15064
15065
15072
15103
15104
15106
15136
15141
15153
15191
15237
15250
15256
15290
15292
15295
15318
15329
15333
15351
15359
15360
15361
15410
15416
15482
15496
15524
15542
15548
15550
15570
15572
15660
15674
15677
15696
15738
15742
15782
15876
15880
15908
15924
15926
16030
16086
16117
16225
16228
16230
16264
16285
16308
16329
16405
16409
16418
16429
16430
16475
16561
16564
16578
16604
16620
16643
16655
16658
16660
16668
16707
16771
16837
16840
16844
16849
16850
16861
16879
16887
16901
16909
16914
16928
16968
16971
17043
17107
17108
17115
17127
17147
17229
17240
17257
17280
17415
17537
17612
17624
17675
17709
17733
17741
17762
17771
17773
17784
17785
17856
17872
17912
17916
17965
17970
18009
18012
18022
18068
18116
18120
18149
18151
18155
18156
18174
18181
18207
18208
18209
18216
18262
18264
18268
18269
18277
18285
18289
18291
18298
18305
18314
18324
18327
18328
18347
18349
18359
18368
18386
18417
18423
18437
18443
18446
18448
18450
18454
18455
18463
18500
18501
18504
18522
18567
18576
18634
18674
18675
18697
18764
18806
18831
18921
18948
18956
18994
19004
19028
19051
19074
19075
19107
19254
19260
19265
19310
19313
19329
19344
19367
19379
19406
19411
19417
19472
19580
19584
19728
19838
19855
20084
20094
20139
20147
20161
20199
20246
20252
20271
20283
20294
20319
20336
20358
20363
20407
20409
20431
20456
20457
20486
20687
20706
20739
20776
20792
20894
20895
20982
21029
21047
21062
21119
21138
21143
21190
21288
21289
21337
21465
21506
21531
21533
21545
21551
21557
21571
21606
21667
21669
21755
21774
21793
21806
21865
21922
21923
21942
21947
22014
22081
22097
22122
22156
22247
22264
22333
22348
22434
22451
22537
22545
22560
22575
22647
22682
22713
22813
22824
22845
22866
22874
22887
22914
22921
22938
22940
22968
22999
23013
23030
23126
23145
23217
23219
23223
23227
23251
23265
23295
23301
23307
23355
23415
23425
23472
23486
23490
23531
23546
23555
23598
23623
23632
23653
23662
23666
23674
23678
23687
23692
23707
23730
23757
23760
23786
23811
23812
23815
23818
23879
23999
24031
24055
24121
24123
24125
24129
24138
24157
24184
24204
24220
24267
24326
24367
24380
24381
24407
24427
24454
24456
24464
24467
24470
24473
24499
24509
24561
24591
24606
24607
24615
24640
24658
24665
24666
24684
24721
24741
24755
24847
24885
24886
24894
24916
24924
24925
24935
24939
24953
25031
25078
25088
25092
25093
25094
25100
25130
25151
25153
25154
25166
25177
25180
25183
25185
25194
25196
25199
25203
25208
25212
25216
25220
25227
25233
25236
25238
25239
25254
25266
25272
25285
25325
25331
25332
25333
25375
25381
25402
25411
25420
25447
25456
25458
25467
25476
25477
25494
25501
25502
25507
25528
25533
25540
25551
25554
25558
25561
25592
25624
25626
25697
25701
25707
25710
25718
25719
25720
25755
25762
25763
25794
25801
25836
25869
25902
25949
25957
25976
25977
26003
26128
26141
26144
26220
26253
26280
26299
26355
26372
26410
26430
26431
26529
26580
26581
26593
26599
26606
26609
26622
26625
26646
26664
26678
26745
26755
26758
26761
26764
26775
26812
26837
26841
26851
26852
26856
26858
26866
26884
26899
26925
26934
27005
27006
27014
27043
27047
27078
27094
27135
27145
27195
27200
27214
27221
27231
27241
27248
27255
27295
27312
27332
27347
27382
27402
27416
27417
27481
27504
27524
27530
27550
27557
27572
27575
27579
27583
27588
27613
27626
27645
27651
27653
27660
27661
27666
27669
27670
27671
27678
27687
27690
27692
27697
27705
27710
27727
27730
27736
27769
27797
27799
27807
27809
27812
27819
27821
27822
27840
27849
27850
27851
27854
27855
27857
27864
27879
27887
27889
27890
27894
27901
27926
27929
27930
27939
27941
27980
27987
27994
28018
28024
28042
28106
28111
28113
28115
28120
28124
28125
28126
28148
28155
28160
28163
28171
28237
28239
28250
28290
28367
28395
28407
28420
28425
28458
28491
28504
28510
28520
28537
28600
28627
28722
28731
28732
28783
28814
28819
28836
28927
29130
29143
29158
29174
29204
29271
29312
29323
29356
29373
29396
29438
29442
29462
29473
29490
29525
29539
29551
29559
29594
29679
29696
29697
29699
29725
29729
29752
29776
29782
29807
29815
29816
29842
29853
29857
29884
30078
30105
30170
30179
30180
30192
30200
30201
30209
30218
30238
30244
30303
30310
30318
30321
30341
30345
30389
30399
30427
30429
30437
30461
30503
30527
30535
30645
30653
30673
30692
30696
30699
30730
30808
30815
30821
30835
30846
30868
30869
30871
30890
30903
30934
30976
30979
30981
31024
31039
31044
31053
31088
31115
31154
31212
31238
31249
31334
31335
31340
31476
31536
31552
31602
31629
31767
31796
31814
31825
31830
31898
31935
31941
31984
31996
32016
32030
32058
32061
32133
32147
32156
32170
32178
32220
32244
32382
32384
32397
32405
32430
32437
32438
32462
32465
32472
32593
32605
32621
32622
32625
32659
32668
32670
32723
32761
32829
32856
32873
32876
32888
32929
32933
32973
32978
32999
33014
33015
33021
33024
33029
33035
33128
33160
33175
33177
33193
33196
33199
33200
33222
33230
33233
33260
33278
33297
33314
33317
33371
33431
33443
33456
33460
33463
33468
33471
33531
33536
33541
33543
33590
33604
33662
33718
33729
33734
33738
33775
33798
33860
33890
33893
33908
33915
33925
33932
33943
33955
34035
34068
34075
34126
34166
34174
34202
34207
34372
34411
34412
34418
34436
34451
34500
34532
34603
34647
34674
34715
34724
34739
34759
34767
34777
34819
34825
34834
34857
34862
34889
34897
34902
34912
34914
34917
34922
34925
34934
34938
34940
34941
34944
34945
34951
34957
34972
34987
34989
34990
34991
34992
34994
34999
35000
35004
35005
35006
35010
35011
35014
35016
35023
35033
35034
35038
35042
35049
35051
35054
35057
35061
35064
35065
35091
35092
35093
35095
35103
35104
35105
35107
35117
35118
35126
35127
35136
35142
35154
35163
35164
35171
35179
35204
35208
35214
35216
35231
35245
35258
35294
35302
35324
35354
35362
35363
35371
35374
35439
35475
35482
35542
35554
35561
35567
35571
35572
35575
35622
35629
35645
35647
35662
35758
35782
35788
35829
35831
35836
35861
35900
35928
36008
36012
36053
36059
36075
36099
36106
36121
36132
36146
36149
36216
36222
36232
36238
36254
36263
36281
36303
36414
36431
36458
36478
36493
36503
36555
36604
36605
36615
36680
36691
36695
36780
36787
36792
36801
36821
36839
36851
36852
36898
36941
36955
36968
36969
36977
36978
37072
37094
37102
37103
37114
37258
37285
37340
37343
37361
37362
37364
37377
37382
37388
37397
37399
37415
37421
37423
37427
37446
37447
37448
37451
37471
37472
37480
37483
37490
37492
37498
37508
37509
37512
37528
37534
37536
37539
37543
37548
37561
37566
37574
37579
37597
37600
37602
37610
37611
37622
37630
37649
37650
37651
37653
37663
37671
37681
37684
37697
37707
37716
37717
37728
37735
37743
37751
37753
37766
37768
37775
37777
37839
37881
37885
37895
37902
37933
37970
37972
38017
38022
38044
38048
38057
38059
38093
38111
38112
38134
38233
38239
38240
38251
38255
38280
38331
38335
38474
38476
38570
38613
38619
38620
38625
38788
38794
38803
38805
38817
38818
38938
38952
38962
38973
38974
39012
39062
39108
39190
39326
39455
39532
39578
39625
39649
39685
39735
39788
39802
39804
39805
39817
39818
39820
39821
39822
39827
39832
39835
39847
39848
39857
39864
39873
39887
39889
39893
39894
39901
39905
39914
39915
39916
39934
39936
39947
39983
40112
40381
40393
40396
40576
40603
40614
40641
41017
41019
41088
41141
41383
41664
41709
41712
41773
41775
41939
41954
42065
42084
42330
42331
42340
42478
42489
42604
42636
42662
42663
42696
42731
42743
42777
42811
42850
42861
42873
42874
42901
42921
42937
42944
42955
42969
42977
43019
43047
43054
43056
43128
43129
43197
43201
43207
43226
43230
43249
43260
43284
43306
43311
43332
43345
43365
43368
43372
43395
43407
43411
43419
43437
43439
43476
43478
43482
43495
43498
43499
43500
43504
43534
43557
43559
43582
43585
43588
43592
43600
43614
43615
43619
43632
43633
43635
43637
43646
43656
43659
43660
43661
43678
43687
43697
43702
43707
43718
43721
43725
43734
43735
43749
43754
43773
43774
43775
43776
43778
43783
43794
43796
43801
43816
43823
43836
43838
43852
43861
43874
43877
43888
)


// ************************************************************************* //
