/*--------------------------------*- C++ -*----------------------------------*\
| =========                 |                                                 |
| \\      /  F ield         | OpenFOAM: The Open Source CFD Toolbox           |
|  \\    /   O peration     | Version:  2512                                  |
|   \\  /    A nd           | Website:  www.openfoam.com                      |
|    \\/     M anipulation  |                                                 |
\*---------------------------------------------------------------------------*/
FoamFile
{
    version     2.0;
    format      ascii;
    arch        "LSB;label=32;scalar=64";
    class       faceList;
    location    "constant/domain0/polyMesh";
    object      faces;
}
// * * * * * * * * * * * * * * * * * * * * * * * * * * * * * * * * * * * * * //


4191
(
3(84 4 499)
3(84 505 4)
3(4 505 499)
3(84 499 505)
3(550 354 637)
3(550 637 627)
3(354 627 637)
3(550 627 354)
3(510 553 515)
3(488 515 553)
3(510 515 488)
3(510 488 553)
3(513 367 276)
3(513 276 492)
3(513 492 367)
3(102 354 578)
3(350 578 354)
3(350 102 578)
3(553 139 510)
3(553 515 139)
3(139 515 510)
3(504 82 98)
3(504 99 82)
3(50 536 51)
3(186 51 536)
3(186 536 50)
3(16 151 567)
3(567 151 152)
3(16 567 152)
3(550 354 578)
3(102 550 578)
3(102 354 550)
3(612 625 578)
3(550 578 625)
3(550 612 578)
3(550 625 612)
3(354 637 245)
3(354 245 550)
3(637 550 245)
3(637 627 13)
3(637 13 550)
3(13 627 550)
3(247 354 637)
3(247 637 245)
3(627 247 354)
3(627 637 247)
3(636 351 352)
3(352 351 624)
3(636 352 624)
3(636 624 351)
3(636 351 467)
3(636 467 352)
3(524 578 636)
3(624 636 578)
3(624 524 636)
3(624 578 524)
3(634 405 467)
3(636 467 405)
3(636 634 467)
3(636 405 634)
3(627 636 351)
3(636 405 351)
3(627 351 405)
3(627 405 636)
3(627 578 636)
3(524 578 627)
3(524 627 636)
3(627 578 351)
3(351 578 636)
3(599 442 586)
3(442 325 586)
3(599 586 325)
3(599 325 442)
3(526 230 128)
3(526 271 230)
3(526 128 271)
3(442 482 599)
3(586 482 442)
3(586 599 482)
3(442 326 586)
3(326 325 586)
3(510 287 210)
3(510 374 287)
3(510 210 374)
3(102 612 7)
3(103 7 612)
3(103 612 102)
3(576 125 360)
3(576 360 268)
3(576 268 125)
3(613 200 64)
3(613 199 200)
3(613 64 199)
3(146 287 633)
3(145 633 287)
3(146 633 145)
3(335 334 602)
3(451 602 334)
3(335 602 451)
3(521 540 234)
3(234 540 602)
3(521 602 540)
3(521 234 602)
3(331 192 616)
3(192 191 616)
3(331 616 191)
3(331 508 616)
3(192 616 508)
3(331 192 508)
3(447 331 508)
3(616 447 508)
3(616 331 447)
3(579 383 635)
3(383 285 635)
3(579 285 383)
3(579 635 285)
3(383 635 426)
3(426 635 579)
3(383 426 579)
3(383 635 425)
3(426 425 635)
3(618 465 265)
3(265 465 589)
3(618 265 589)
3(618 589 465)
3(349 265 618)
3(349 618 465)
3(405 634 594)
3(405 594 627)
3(634 627 594)
3(405 627 634)
3(405 634 622)
3(594 622 634)
3(594 405 622)
3(622 405 467)
3(622 467 634)
3(622 634 149)
3(622 149 594)
3(149 634 594)
3(594 627 473)
3(473 627 405)
3(594 473 405)
3(128 559 363)
3(128 231 559)
3(231 363 559)
3(577 363 128)
3(577 128 559)
3(577 559 363)
3(393 442 599)
3(442 441 599)
3(393 599 441)
3(624 578 353)
3(353 578 148)
3(624 148 578)
3(624 353 148)
3(351 350 578)
3(351 627 350)
3(350 627 578)
3(578 103 351)
3(557 351 103)
3(578 351 557)
3(578 557 103)
3(511 57 233)
3(130 511 233)
3(130 57 511)
3(448 508 447)
3(448 331 508)
3(352 570 578)
3(352 557 570)
3(352 578 557)
3(557 578 570)
3(533 168 307)
3(308 168 533)
3(308 533 307)
3(291 571 408)
3(407 571 291)
3(407 408 571)
3(579 35 34)
3(579 170 35)
3(579 34 170)
3(82 504 81)
3(82 80 504)
3(81 504 80)
3(82 81 80)
3(404 461 584)
3(404 584 530)
3(461 530 584)
3(404 530 461)
3(584 462 461)
3(584 404 462)
3(611 530 404)
3(611 584 530)
3(611 404 584)
3(147 633 287)
3(147 605 633)
3(147 287 605)
3(287 633 605)
3(146 147 633)
3(146 507 633)
3(147 633 507)
3(147 507 146)
3(147 75 633)
3(147 605 75)
3(605 633 75)
3(140 507 633)
3(146 507 140)
3(146 140 633)
3(389 523 619)
3(269 389 619)
3(269 619 523)
3(269 523 389)
3(519 523 619)
3(389 519 619)
3(389 523 519)
3(269 361 619)
3(361 389 619)
3(625 570 353)
3(106 570 625)
3(106 625 353)
3(106 353 570)
3(570 625 578)
3(612 625 570)
3(612 570 578)
3(353 625 148)
3(550 625 353)
3(550 148 625)
3(550 353 148)
3(353 625 578)
3(570 353 578)
3(625 107 353)
3(625 148 107)
3(353 550 578)
3(148 625 108)
3(148 108 550)
3(108 625 550)
3(292 566 409)
3(409 566 542)
3(292 542 566)
3(292 409 542)
3(293 292 566)
3(409 293 566)
3(273 580 130)
3(232 130 580)
3(232 580 273)
3(273 508 130)
3(580 130 508)
3(580 508 273)
3(365 508 130)
3(273 508 365)
3(103 350 578)
3(317 316 506)
3(317 506 433)
3(433 506 316)
3(632 529 427)
3(632 427 471)
3(471 427 529)
3(632 471 529)
3(632 471 496)
3(171 471 632)
3(171 496 471)
3(171 632 496)
3(427 311 632)
3(427 632 310)
3(310 632 311)
3(311 632 529)
3(311 529 427)
3(427 632 551)
3(310 551 632)
3(427 551 310)
3(496 632 427)
3(125 360 321)
3(125 321 576)
3(576 321 360)
3(551 496 632)
3(427 496 551)
3(167 307 533)
3(167 533 168)
3(167 520 533)
3(520 307 533)
3(167 307 520)
3(522 533 520)
3(522 520 424)
3(424 520 533)
3(522 424 533)
3(541 240 138)
3(541 281 240)
3(541 138 281)
3(581 472 458)
3(581 458 494)
3(581 494 472)
3(473 627 247)
3(473 354 627)
3(473 594 247)
3(594 627 247)
3(406 622 405)
3(406 467 622)
3(288 622 634)
3(288 634 149)
3(288 149 622)
3(467 634 288)
3(622 467 288)
3(481 559 272)
3(559 363 272)
3(481 363 559)
3(620 608 411)
3(294 620 411)
3(294 608 620)
3(294 411 608)
3(411 562 620)
3(534 411 620)
3(534 620 562)
3(534 562 411)
3(411 562 608)
3(608 562 620)
3(295 620 411)
3(295 294 620)
3(545 266 631)
3(471 631 266)
3(471 545 631)
3(471 266 545)
3(261 223 631)
3(631 223 592)
3(261 631 592)
3(261 592 223)
3(223 631 120)
3(120 631 261)
3(223 37 631)
3(631 37 592)
3(223 592 37)
3(545 120 631)
3(120 266 631)
3(545 266 120)
3(592 631 471)
3(592 529 631)
3(592 471 529)
3(529 471 631)
3(261 471 592)
3(631 471 261)
3(465 431 589)
3(525 431 465)
3(525 589 431)
3(525 465 589)
3(465 432 589)
3(432 431 589)
3(432 316 589)
3(432 589 315)
3(315 589 316)
3(115 630 252)
3(218 252 630)
3(218 630 115)
3(252 514 630)
3(115 630 514)
3(115 514 252)
3(252 568 630)
3(596 252 630)
3(596 630 568)
3(596 568 252)
3(568 218 252)
3(568 630 218)
3(252 514 596)
3(596 514 630)
3(425 635 385)
3(629 425 385)
3(629 635 425)
3(629 385 635)
3(383 635 385)
3(385 285 635)
3(309 629 425)
3(309 308 629)
3(425 629 308)
3(533 629 424)
3(385 424 629)
3(533 385 629)
3(533 424 385)
3(546 454 583)
3(399 546 583)
3(399 454 546)
3(399 583 454)
3(337 454 583)
3(546 454 337)
3(546 337 583)
3(399 546 368)
3(399 368 583)
3(368 546 583)
3(196 335 628)
3(335 582 628)
3(196 582 335)
3(196 628 582)
3(335 195 628)
3(335 628 602)
3(335 602 195)
3(195 602 628)
3(106 612 625)
3(106 570 612)
3(196 195 628)
3(335 540 628)
3(335 582 540)
3(540 582 628)
3(540 602 335)
3(540 628 602)
3(464 606 466)
3(541 606 464)
3(541 464 466)
3(541 466 606)
3(515 606 488)
3(553 606 515)
3(553 488 606)
3(464 488 606)
3(348 606 488)
3(348 464 606)
3(401 464 606)
3(466 401 606)
3(393 482 599)
3(393 599 362)
3(393 270 599)
3(362 599 270)
3(371 561 136)
3(279 561 371)
3(279 136 561)
3(381 518 413)
3(414 413 518)
3(381 414 518)
3(131 511 274)
3(274 511 509)
3(131 509 511)
3(131 274 509)
3(233 131 511)
3(233 511 274)
3(567 110 16)
3(567 17 110)
3(567 16 17)
3(473 594 377)
3(594 247 377)
3(110 567 358)
3(110 262 567)
3(262 358 567)
3(611 240 531)
3(240 541 531)
3(611 541 240)
3(611 531 541)
3(115 27 630)
3(218 630 27)
3(462 404 611)
3(478 611 404)
3(462 611 478)
3(549 217 255)
3(250 549 255)
3(250 217 549)
3(190 593 364)
3(364 593 580)
3(190 580 593)
3(190 364 580)
3(420 475 543)
3(386 543 475)
3(386 420 543)
3(541 72 138)
3(541 240 72)
3(537 622 150)
3(149 150 622)
3(149 622 537)
3(149 537 150)
3(432 402 506)
3(433 506 402)
3(433 432 506)
3(460 344 512)
3(460 512 343)
3(344 343 512)
3(495 403 512)
3(371 512 403)
3(371 495 512)
3(241 553 73)
3(606 73 553)
3(241 606 553)
3(241 73 606)
3(188 577 526)
3(526 577 52)
3(188 52 577)
3(188 526 52)
3(617 355 142)
3(143 617 142)
3(143 355 617)
3(525 314 430)
3(525 430 431)
3(525 431 314)
3(40 618 41)
3(40 176 618)
3(176 41 618)
3(513 582 197)
3(513 61 582)
3(61 197 582)
3(513 197 61)
3(596 486 252)
3(596 252 487)
3(596 487 486)
3(72 73 541)
3(138 541 73)
3(583 539 615)
3(337 583 615)
3(337 539 583)
3(337 615 539)
3(230 52 526)
3(52 128 526)
3(582 615 197)
3(582 336 615)
3(582 197 336)
3(336 197 615)
3(367 235 513)
3(235 276 513)
3(417 300 514)
3(549 417 514)
3(549 300 417)
3(549 514 300)
3(532 116 254)
3(532 257 116)
3(532 254 257)
3(602 194 195)
3(602 59 194)
3(602 195 59)
3(255 549 514)
3(549 217 514)
3(255 514 217)
3(301 300 514)
3(417 301 514)
3(416 597 415)
3(299 415 597)
3(416 299 597)
3(177 506 225)
3(225 506 42)
3(177 225 42)
3(177 42 506)
3(158 159 527)
3(158 527 23)
3(159 23 527)
3(555 622 150)
3(537 622 555)
3(537 555 150)
3(267 357 554)
3(123 554 357)
3(123 267 554)
3(317 178 554)
3(554 178 506)
3(317 506 178)
3(317 554 506)
3(485 591 415)
3(485 476 591)
3(591 476 415)
3(515 282 401)
3(515 401 373)
3(515 373 282)
3(329 445 593)
3(446 329 593)
3(446 593 445)
3(577 394 363)
3(481 394 577)
3(481 577 363)
3(189 559 538)
3(189 538 329)
3(538 559 329)
3(189 329 559)
3(587 269 389)
3(587 391 269)
3(587 389 391)
3(623 81 144)
3(623 144 80)
3(623 80 81)
3(638 609 141)
3(141 609 623)
3(638 141 623)
3(638 623 609)
3(79 609 143)
3(79 80 609)
3(80 143 609)
3(368 546 607)
3(236 368 607)
3(236 546 368)
3(236 607 546)
3(232 129 538)
3(232 538 55)
3(129 55 538)
3(76 502 92)
3(3 502 76)
3(401 488 606)
3(106 10 569)
3(105 569 10)
3(106 569 105)
3(516 216 253)
3(159 253 216)
3(159 516 253)
3(159 216 516)
3(284 522 258)
3(284 118 522)
3(258 522 118)
3(153 154 566)
3(153 566 18)
3(18 566 154)
3(550 627 578)
3(627 354 578)
3(388 595 468)
3(388 264 595)
3(595 264 468)
3(405 350 627)
3(350 473 627)
3(191 190 580)
3(330 191 580)
3(330 580 190)
3(476 591 516)
3(253 476 516)
3(253 591 476)
3(253 516 591)
3(599 536 127)
3(519 599 127)
3(519 127 536)
3(519 536 599)
3(516 216 114)
3(253 516 114)
3(360 125 517)
3(228 360 517)
3(228 517 125)
3(190 538 364)
3(593 364 538)
3(593 538 190)
3(187 326 526)
3(187 526 327)
3(326 327 526)
3(501 8 9)
3(89 8 501)
3(89 501 9)
3(360 588 517)
3(588 321 517)
3(360 517 321)
3(360 321 588)
3(332 192 585)
3(332 585 331)
3(585 192 331)
3(183 517 269)
3(183 269 322)
3(183 322 517)
3(322 269 517)
3(518 251 527)
3(381 251 518)
3(381 518 527)
3(381 527 251)
3(191 232 190)
3(55 190 232)
3(191 55 232)
3(300 161 549)
3(160 300 549)
3(160 549 161)
3(518 113 527)
3(113 251 527)
3(518 251 113)
3(289 622 150)
3(555 289 150)
3(555 622 289)
3(542 566 244)
3(542 244 213)
3(244 566 213)
3(542 213 566)
3(127 586 536)
3(599 536 586)
3(599 586 127)
3(396 489 508)
3(396 508 273)
3(508 489 273)
3(460 512 461)
3(460 495 512)
3(495 461 512)
3(289 622 149)
3(172 171 529)
3(171 311 529)
3(172 529 311)
3(503 95 78)
3(503 78 94)
3(361 619 126)
3(269 126 619)
3(184 324 519)
3(185 519 324)
3(185 184 519)
3(527 248 485)
3(527 485 381)
3(527 381 248)
3(548 593 580)
3(364 593 548)
3(364 548 580)
3(541 208 72)
3(541 207 208)
3(541 72 207)
3(239 530 371)
3(280 530 239)
3(280 371 530)
3(484 519 440)
3(441 440 519)
3(441 519 484)
3(224 618 122)
3(618 40 122)
3(224 40 618)
3(561 203 626)
3(68 626 203)
3(561 68 203)
3(561 626 68)
3(286 617 141)
3(286 510 617)
3(286 141 510)
3(617 510 141)
3(617 142 141)
3(141 142 638)
3(617 638 142)
3(617 141 638)
3(392 556 456)
3(574 456 556)
3(392 456 574)
3(392 574 556)
3(343 626 204)
3(343 512 626)
3(204 626 512)
3(343 204 512)
3(626 203 343)
3(626 204 203)
3(561 343 626)
3(561 203 343)
3(561 512 626)
3(561 343 512)
3(246 382 518)
3(382 534 518)
3(246 534 382)
3(246 518 534)
3(382 518 251)
3(518 246 251)
3(625 612 107)
3(625 107 12)
3(625 12 612)
3(12 107 612)
3(107 625 106)
3(107 106 612)
3(106 612 8)
3(500 8 612)
3(106 500 612)
3(106 8 500)
3(550 612 102)
3(102 612 578)
3(8 106 570)
3(8 570 612)
3(589 176 525)
3(315 525 176)
3(589 315 176)
3(589 525 315)
3(6 612 7)
3(102 612 6)
3(549 380 255)
3(549 514 380)
3(255 380 514)
3(250 549 380)
3(423 306 520)
3(423 520 598)
3(423 598 306)
3(306 598 520)
3(380 549 417)
3(380 417 514)
3(191 232 580)
3(232 190 580)
3(364 538 232)
3(364 129 538)
3(190 538 232)
3(190 232 364)
3(352 578 624)
3(351 624 578)
3(351 578 352)
3(352 353 624)
3(352 578 353)
3(288 624 352)
3(353 624 288)
3(288 624 636)
3(288 636 352)
3(602 604 450)
3(334 450 604)
3(602 334 604)
3(602 450 334)
3(450 521 604)
3(602 521 450)
3(602 604 521)
3(334 333 604)
3(450 604 333)
3(508 580 616)
3(192 616 580)
3(192 580 508)
3(509 604 450)
3(509 521 604)
3(509 450 521)
3(519 127 270)
3(519 270 229)
3(519 229 127)
3(270 599 127)
3(270 519 599)
3(610 358 571)
3(387 571 358)
3(387 610 571)
3(387 358 610)
3(610 358 567)
3(567 358 571)
3(610 567 571)
3(610 358 110)
3(610 110 567)
3(417 549 416)
3(549 300 416)
3(211 110 610)
3(211 610 358)
3(545 171 36)
3(545 222 171)
3(171 222 36)
3(545 36 222)
3(525 430 498)
3(470 525 498)
3(470 430 525)
3(430 525 565)
3(314 565 525)
3(430 565 314)
3(565 498 525)
3(565 430 498)
3(595 434 554)
3(434 388 554)
3(595 388 434)
3(595 554 388)
3(260 119 579)
3(119 222 579)
3(260 579 222)
3(434 318 554)
3(318 317 554)
3(434 554 317)
3(318 595 434)
3(318 554 595)
3(554 469 388)
3(554 434 469)
3(145 141 623)
3(145 623 510)
3(145 510 141)
3(141 510 623)
3(145 623 81)
3(145 144 623)
3(146 623 145)
3(141 146 145)
3(141 623 146)
3(145 623 82)
3(81 82 623)
3(146 623 82)
3(144 510 145)
3(144 623 510)
3(220 558 32)
3(31 32 558)
3(31 558 220)
3(293 566 153)
3(293 154 566)
3(411 575 483)
3(410 483 575)
3(411 410 575)
3(483 562 575)
3(411 562 483)
3(411 575 562)
3(575 566 562)
3(480 566 575)
3(480 562 566)
3(480 575 562)
3(537 243 377)
3(537 377 247)
3(537 247 243)
3(555 377 622)
3(555 537 377)
3(622 377 537)
3(406 622 377)
3(622 405 377)
3(406 622 555)
3(406 555 377)
3(405 377 594)
3(622 594 377)
3(243 555 537)
3(243 377 555)
3(603 32 220)
3(603 220 558)
3(603 558 32)
3(589 316 177)
3(176 589 177)
3(176 316 589)
3(177 589 506)
3(316 506 589)
3(177 506 316)
3(132 513 367)
3(132 235 513)
3(132 582 367)
3(132 513 582)
3(367 582 513)
3(530 372 611)
3(530 404 372)
3(372 404 611)
3(137 611 372)
3(240 611 137)
3(240 372 611)
3(137 530 372)
3(137 611 530)
3(326 526 586)
3(187 586 526)
3(187 326 586)
3(559 231 538)
3(272 559 538)
3(272 231 559)
3(272 538 231)
3(559 54 538)
3(54 231 538)
3(559 231 54)
3(379 437 621)
3(576 379 621)
3(576 621 437)
3(576 437 379)
3(438 588 621)
3(438 621 321)
3(438 321 588)
3(588 321 621)
3(438 391 621)
3(438 588 391)
3(621 391 588)
3(379 438 621)
3(438 437 621)
3(379 391 621)
3(244 542 376)
3(376 542 566)
3(244 376 566)
3(244 542 262)
3(262 542 376)
3(376 542 409)
3(376 409 566)
3(308 533 629)
3(424 533 308)
3(424 308 629)
3(423 307 520)
3(306 520 307)
3(533 308 169)
3(533 169 168)
3(169 533 629)
3(308 169 629)
3(292 567 542)
3(408 292 542)
3(408 567 292)
3(408 542 567)
3(292 542 152)
3(153 152 542)
3(153 542 292)
3(567 152 292)
3(567 542 152)
3(271 362 526)
3(230 526 362)
3(209 606 348)
3(209 208 606)
3(348 606 208)
3(541 606 347)
3(464 347 606)
3(541 347 464)
3(295 620 534)
3(295 534 411)
3(620 295 156)
3(620 155 295)
3(620 156 155)
3(620 534 156)
3(295 156 534)
3(113 216 527)
3(248 527 216)
3(248 113 527)
3(521 540 366)
3(234 366 540)
3(521 366 234)
3(540 582 451)
3(398 540 451)
3(398 451 582)
3(398 582 540)
3(419 568 601)
3(601 568 475)
3(419 475 568)
3(419 601 475)
3(568 601 302)
3(419 568 302)
3(419 302 601)
3(163 601 302)
3(568 601 163)
3(568 163 302)
3(592 312 428)
3(429 592 428)
3(429 312 592)
3(229 619 361)
3(229 361 519)
3(229 519 619)
3(619 519 361)
3(619 126 229)
3(58 233 511)
3(58 511 57)
3(312 529 173)
3(312 592 529)
3(312 173 592)
3(529 592 173)
3(529 173 172)
3(529 172 312)
3(529 312 428)
3(592 529 428)
3(234 602 60)
3(59 60 602)
3(234 59 602)
3(357 402 506)
3(265 506 402)
3(265 357 506)
3(12 148 625)
3(12 108 148)
3(12 625 108)
3(224 618 349)
3(349 618 122)
3(224 525 349)
3(349 525 618)
3(224 618 525)
3(617 142 286)
3(617 355 286)
3(510 355 286)
3(510 617 355)
3(140 510 286)
3(141 510 140)
3(447 548 508)
3(489 447 508)
3(489 508 548)
3(489 548 447)
3(447 616 548)
3(330 616 447)
3(330 447 548)
3(330 548 616)
3(616 548 508)
3(331 330 616)
3(580 548 508)
3(616 548 580)
3(591 485 414)
3(527 485 591)
3(527 414 485)
3(527 591 414)
3(556 339 455)
3(456 556 455)
3(456 339 556)
3(414 591 415)
3(591 527 253)
3(485 253 527)
3(485 591 253)
3(113 23 527)
3(23 216 527)
3(6 5 612)
3(6 612 101)
3(101 612 5)
3(267 469 554)
3(469 357 554)
3(603 118 220)
3(32 118 603)
3(127 51 536)
3(51 586 536)
3(127 586 51)
3(253 248 527)
3(253 527 216)
3(627 212 637)
3(13 212 627)
3(13 637 212)
3(542 17 152)
3(153 17 542)
3(75 633 507)
3(75 507 147)
3(282 515 355)
3(515 286 355)
3(282 286 515)
3(290 555 289)
3(290 150 555)
3(200 64 556)
3(613 200 556)
3(613 556 64)
3(554 123 43)
3(554 43 226)
3(554 226 123)
3(491 366 521)
3(491 540 366)
3(491 521 540)
3(547 493 277)
3(400 547 277)
3(400 493 547)
3(554 226 264)
3(554 264 267)
3(554 267 226)
3(231 559 53)
3(128 53 559)
3(11 1 564)
3(1 91 564)
3(11 564 91)
3(503 79 95)
3(503 96 79)
3(530 205 70)
3(530 512 205)
3(512 70 205)
3(530 70 512)
3(9 569 501)
3(10 501 569)
3(9 10 569)
3(9 501 10)
3(500 4 499)
3(499 4 501)
3(500 501 4)
3(120 37 631)
3(33 533 32)
3(118 533 33)
3(118 32 533)
3(60 628 61)
3(196 628 60)
3(196 61 628)
3(39 573 565)
3(39 174 573)
3(39 565 174)
3(174 565 573)
3(339 455 613)
3(556 613 455)
3(339 613 556)
3(271 482 526)
3(482 362 526)
3(105 570 352)
3(104 352 570)
3(104 570 105)
3(522 479 32)
3(522 603 479)
3(522 32 603)
3(603 32 479)
3(520 522 32)
3(520 32 533)
3(32 522 533)
3(504 503 83)
3(504 83 502)
3(503 502 83)
3(252 257 568)
3(252 568 487)
3(487 568 257)
3(422 552 479)
3(422 384 552)
3(479 552 384)
3(262 213 542)
3(258 522 474)
3(474 522 385)
3(258 385 522)
3(57 130 192)
3(192 130 56)
3(64 134 200)
3(64 556 134)
3(200 134 556)
3(455 613 338)
3(339 338 613)
3(418 514 486)
3(486 514 417)
3(418 417 514)
3(524 149 212)
3(149 13 212)
3(524 212 13)
3(524 13 149)
3(565 314 174)
3(565 174 313)
3(565 313 314)
3(284 522 474)
3(159 591 527)
3(253 159 527)
3(253 591 159)
3(471 428 529)
3(427 529 428)
3(36 172 529)
3(36 529 37)
3(172 37 529)
3(354 550 101)
3(102 101 550)
3(523 389 440)
3(523 439 389)
3(523 440 439)
3(184 619 523)
3(184 523 269)
3(184 269 619)
3(565 39 525)
3(573 525 39)
3(573 565 525)
3(323 184 269)
3(183 269 184)
3(183 323 269)
3(305 421 552)
3(305 552 422)
3(422 552 421)
3(523 587 269)
3(523 389 587)
3(519 184 619)
3(519 523 184)
3(518 296 297)
3(518 297 157)
3(518 157 296)
3(288 524 148)
3(149 524 288)
3(149 148 524)
3(49 519 229)
3(49 50 519)
3(229 519 50)
3(471 171 529)
3(171 545 529)
3(471 529 545)
3(471 545 171)
3(8 9 569)
3(8 569 501)
3(288 524 624)
3(148 624 524)
3(148 288 624)
3(514 301 161)
3(514 161 300)
3(503 83 146)
3(83 504 146)
3(503 146 504)
3(552 543 219)
3(552 219 259)
3(219 543 259)
3(552 259 543)
3(575 410 480)
3(575 480 483)
3(31 30 558)
3(166 31 558)
3(166 558 30)
3(180 535 320)
3(180 319 535)
3(319 320 535)
3(306 598 305)
3(166 598 306)
3(166 305 598)
3(279 238 544)
3(279 544 561)
3(279 561 238)
3(238 561 544)
3(406 555 290)
3(555 407 290)
3(406 407 555)
3(218 257 568)
3(627 594 524)
3(634 627 524)
3(634 524 594)
3(503 79 78)
3(567 152 291)
3(567 291 292)
3(510 633 145)
3(145 633 141)
3(510 141 633)
3(150 537 15)
3(150 15 555)
3(555 15 537)
3(509 397 490)
3(509 490 274)
3(509 274 397)
3(83 99 502)
3(3 83 502)
3(280 530 372)
3(137 530 280)
3(329 538 593)
3(538 445 593)
3(329 445 538)
3(212 594 524)
3(627 594 212)
3(627 212 524)
3(375 510 356)
3(375 144 510)
3(356 510 144)
3(578 148 550)
3(330 593 580)
3(548 593 330)
3(548 330 580)
3(554 318 178)
3(190 538 55)
3(304 543 552)
3(421 552 543)
3(304 421 543)
3(304 552 421)
3(139 510 210)
3(139 210 553)
3(210 510 553)
3(288 634 524)
3(149 524 634)
3(470 525 431)
3(470 465 525)
3(514 161 162)
3(514 26 161)
3(514 162 26)
3(470 525 263)
3(263 525 498)
3(304 165 552)
3(304 543 165)
3(165 543 552)
3(535 468 600)
3(436 468 535)
3(436 535 600)
3(436 600 468)
3(590 581 472)
3(590 472 458)
3(590 458 581)
3(590 581 544)
3(472 544 581)
3(472 590 544)
3(458 590 459)
3(472 459 590)
3(77 503 94)
3(77 93 503)
3(544 203 581)
3(590 203 544)
3(590 581 203)
3(319 595 535)
3(535 595 436)
3(319 535 436)
3(319 436 595)
3(232 56 580)
3(580 56 130)
3(120 36 631)
3(37 631 36)
3(549 217 114)
3(549 25 217)
3(549 114 25)
3(612 12 550)
3(100 12 612)
3(100 612 550)
3(100 550 12)
3(77 503 78)
3(602 195 334)
3(201 341 574)
3(201 563 341)
3(563 574 341)
3(201 574 563)
3(525 39 40)
3(525 40 224)
3(525 224 39)
3(625 12 550)
3(562 154 575)
3(562 608 154)
3(154 608 575)
3(562 575 608)
3(529 37 592)
3(631 37 529)
3(573 39 38)
3(573 38 174)
3(175 39 525)
3(565 39 175)
3(565 175 525)
3(19 18 562)
3(154 19 562)
3(154 562 18)
3(232 191 56)
3(111 18 562)
3(19 111 562)
3(211 610 15)
3(15 610 109)
3(211 109 610)
3(122 618 41)
3(107 4 612)
3(106 612 4)
3(106 4 107)
3(263 349 525)
3(349 470 525)
3(534 518 412)
3(382 534 412)
3(382 412 518)
3(240 611 71)
3(137 71 611)
3(503 76 93)
3(503 77 76)
3(578 550 524)
3(627 524 550)
3(490 449 585)
3(448 490 585)
3(448 585 449)
3(208 73 541)
3(509 490 449)
3(509 449 511)
3(490 511 449)
3(509 511 490)
3(449 509 397)
3(491 275 540)
3(491 540 398)
3(275 398 540)
3(382 381 518)
3(413 382 518)
3(413 297 518)
3(413 518 296)
3(339 200 613)
3(339 613 199)
3(76 93 502)
3(76 502 503)
3(600 437 320)
3(600 436 437)
3(600 320 436)
3(237 369 201)
3(237 201 134)
3(369 134 201)
3(492 583 615)
3(453 492 615)
3(453 615 583)
3(453 583 492)
3(615 513 492)
3(582 513 615)
3(582 615 492)
3(582 492 513)
3(615 513 583)
3(583 513 492)
3(453 452 615)
3(492 615 452)
3(583 539 513)
3(513 539 615)
3(276 513 133)
3(133 513 235)
3(513 133 583)
3(276 513 583)
3(276 583 133)
3(328 444 559)
3(328 559 445)
3(445 559 444)
3(516 549 476)
3(250 516 476)
3(250 549 516)
3(250 476 549)
3(476 597 516)
3(597 591 516)
3(476 591 597)
3(549 597 516)
3(476 597 549)
3(250 516 253)
3(160 24 516)
3(160 516 159)
3(24 159 516)
3(179 535 595)
3(535 226 595)
3(179 595 226)
3(179 226 535)
3(158 157 518)
3(297 158 518)
3(556 456 400)
3(556 400 392)
3(414 297 518)
3(54 189 559)
3(54 538 189)
3(474 424 520)
3(423 474 520)
3(423 520 424)
3(522 474 424)
3(522 520 474)
3(330 593 446)
3(330 329 593)
3(479 32 520)
3(479 520 522)
3(133 539 513)
3(583 539 133)
3(226 124 535)
3(226 535 264)
3(124 264 535)
3(560 576 390)
3(268 560 390)
3(268 576 560)
3(268 390 576)
3(70 206 530)
3(206 71 530)
3(70 530 71)
3(340 201 574)
3(556 201 340)
3(556 340 574)
3(556 574 201)
3(547 613 455)
3(556 613 547)
3(556 547 455)
3(455 613 546)
3(455 546 338)
3(546 613 338)
3(547 546 455)
3(547 613 546)
3(493 546 547)
3(493 607 546)
3(493 547 607)
3(607 547 546)
3(184 126 48)
3(49 126 184)
3(188 526 327)
3(188 187 526)
3(140 507 75)
3(140 75 633)
3(350 354 627)
3(320 560 437)
3(600 437 560)
3(320 600 560)
3(560 535 227)
3(560 359 535)
3(359 227 535)
3(560 227 359)
3(62 539 513)
3(133 539 62)
3(133 62 513)
3(179 554 178)
3(43 178 554)
3(179 43 554)
3(444 577 328)
3(328 577 559)
3(444 559 577)
3(444 577 327)
3(328 327 577)
3(327 526 577)
3(526 443 577)
3(327 443 526)
3(327 577 443)
3(227 560 45)
3(535 227 45)
3(535 45 560)
3(526 442 586)
3(526 482 442)
3(526 586 482)
3(362 482 599)
3(442 326 526)
3(569 570 8)
3(569 8 106)
3(569 106 570)
3(188 577 327)
3(254 543 532)
3(254 475 543)
3(532 543 475)
3(254 532 475)
3(532 116 543)
3(254 543 116)
3(29 116 543)
3(532 116 29)
3(532 29 543)
3(46 560 45)
3(227 560 46)
3(302 614 301)
3(614 162 301)
3(302 162 614)
3(171 529 632)
3(245 550 101)
3(44 124 535)
3(44 535 226)
3(159 298 527)
3(159 591 298)
3(298 591 527)
3(418 568 614)
3(418 614 302)
3(418 302 568)
3(302 614 568)
3(418 596 614)
3(568 614 596)
3(568 596 418)
3(418 614 301)
3(418 514 614)
3(514 596 614)
3(418 596 514)
3(614 301 514)
3(418 514 301)
3(50 536 127)
3(177 589 225)
3(225 589 506)
3(24 25 516)
3(24 516 114)
3(114 516 25)
3(399 493 546)
3(546 493 454)
3(159 527 216)
3(25 160 516)
3(160 549 516)
3(25 549 160)
3(25 516 549)
3(62 539 197)
3(62 197 513)
3(197 539 513)
3(469 402 506)
3(357 469 506)
3(337 453 583)
3(453 454 583)
3(620 608 155)
3(155 608 20)
3(620 155 20)
3(620 20 608)
3(20 534 112)
3(112 534 21)
3(20 21 534)
3(364 395 593)
3(538 593 395)
3(364 538 395)
3(361 519 270)
3(31 117 558)
3(117 30 558)
3(368 493 546)
3(535 320 181)
3(535 181 180)
3(181 535 560)
3(181 560 320)
3(320 560 535)
3(359 600 560)
3(359 535 600)
3(560 600 535)
3(395 593 445)
3(395 446 593)
3(344 512 461)
3(219 116 543)
3(29 219 543)
3(414 527 297)
3(298 527 414)
3(298 297 527)
3(158 298 527)
3(76 507 140)
3(77 140 507)
3(77 507 76)
3(200 65 134)
3(169 33 221)
3(169 533 33)
3(169 221 533)
3(221 33 533)
3(558 603 256)
3(220 256 603)
3(220 558 256)
3(7 87 500)
3(7 500 86)
3(482 443 526)
3(443 442 526)
3(466 541 463)
3(463 541 464)
3(12 4 612)
3(12 107 4)
3(388 595 435)
3(435 595 468)
3(526 586 52)
3(230 586 526)
3(230 52 586)
3(538 481 559)
3(272 481 538)
3(119 285 579)
3(221 119 579)
3(221 579 285)
3(579 260 285)
3(260 383 579)
3(385 285 169)
3(169 285 635)
3(385 169 635)
3(593 548 395)
3(364 395 548)
3(103 612 8)
3(570 103 8)
3(570 612 103)
3(580 191 616)
3(580 192 191)
3(458 581 457)
3(341 457 581)
3(341 581 458)
3(530 205 206)
3(568 475 532)
3(475 601 532)
3(568 532 601)
3(63 198 546)
3(63 546 199)
3(198 199 546)
3(340 341 574)
3(394 443 577)
3(526 394 577)
3(526 443 394)
3(167 520 32)
3(167 32 533)
3(406 622 289)
3(406 289 555)
3(51 586 186)
3(186 586 536)
3(105 9 569)
3(104 569 9)
3(105 569 104)
3(363 271 577)
3(128 577 271)
3(79 142 609)
3(609 142 78)
3(79 609 78)
3(124 535 227)
3(124 45 535)
3(474 520 479)
3(423 479 520)
3(579 426 310)
3(579 309 426)
3(579 310 309)
3(284 479 522)
3(603 284 522)
3(603 479 284)
3(27 163 614)
3(27 568 163)
3(27 614 568)
3(568 614 163)
3(162 614 27)
3(162 163 614)
3(520 479 167)
3(32 167 479)
3(187 586 52)
3(526 187 52)
3(4 612 100)
3(7 8 612)
3(500 7 612)
3(500 8 7)
3(204 205 512)
3(69 204 512)
3(69 512 205)
3(68 626 204)
3(563 237 369)
3(563 201 237)
3(563 369 201)
3(115 514 27)
3(26 27 514)
3(26 514 115)
3(566 153 292)
3(4 500 612)
3(4 106 500)
3(247 637 212)
3(245 212 637)
3(6 500 612)
3(5 612 500)
3(5 500 6)
3(163 601 303)
3(303 601 302)
3(187 586 51)
3(51 586 52)
3(339 200 556)
3(200 556 201)
3(200 340 556)
3(10 501 106)
3(106 501 569)
3(332 511 585)
3(585 511 192)
3(332 192 511)
3(212 594 149)
3(149 594 524)
3(174 565 175)
3(314 175 565)
3(288 524 636)
3(575 566 154)
3(154 566 562)
3(507 76 75)
3(507 0 76)
3(507 75 0)
3(511 130 365)
3(365 130 585)
3(511 365 585)
3(511 585 130)
3(604 194 333)
3(604 334 194)
3(559 53 188)
3(559 189 53)
3(559 188 189)
3(365 511 233)
3(289 467 622)
3(480 244 562)
3(242 562 244)
3(242 480 562)
3(420 528 303)
3(420 304 528)
3(304 303 528)
3(581 457 494)
3(494 563 581)
3(494 370 563)
3(494 581 370)
3(581 563 370)
3(457 494 563)
3(457 563 581)
3(608 294 155)
3(154 608 155)
3(154 294 608)
3(294 155 620)
3(435 434 595)
3(264 595 554)
3(264 554 388)
3(534 214 112)
3(534 112 249)
3(534 249 214)
3(391 587 588)
3(439 391 588)
3(439 587 391)
3(439 588 587)
3(391 269 588)
3(587 588 269)
3(588 439 438)
3(360 588 269)
3(517 269 588)
3(360 269 517)
3(475 543 528)
3(475 528 420)
3(420 528 543)
3(579 309 169)
3(579 169 635)
3(309 635 169)
3(579 635 309)
3(170 169 579)
3(170 579 309)
3(546 455 493)
3(455 547 493)
3(607 368 493)
3(607 277 493)
3(607 368 277)
3(547 607 277)
3(399 276 583)
3(276 368 583)
3(373 241 606)
3(241 515 606)
3(373 606 515)
3(373 515 241)
3(373 606 138)
3(541 606 373)
3(541 138 606)
3(541 373 138)
3(241 606 138)
3(219 254 543)
3(389 484 519)
3(389 519 440)
3(132 275 540)
3(275 234 540)
3(132 540 234)
3(112 534 246)
3(215 534 112)
3(215 246 534)
3(238 67 544)
3(67 68 544)
3(238 544 68)
3(566 542 153)
3(566 18 542)
3(153 542 18)
3(244 566 111)
3(111 566 213)
3(566 111 562)
3(244 566 562)
3(244 562 111)
3(111 18 566)
3(566 18 562)
3(83 507 503)
3(146 507 83)
3(146 503 507)
3(83 507 76)
3(76 507 503)
3(83 76 503)
3(507 83 147)
3(301 162 514)
3(287 210 605)
3(287 605 510)
3(210 510 605)
3(210 605 147)
3(633 510 287)
3(633 605 510)
3(510 287 145)
3(74 241 553)
3(74 553 73)
3(450 604 449)
3(333 449 604)
3(544 202 203)
3(544 203 67)
3(544 67 202)
3(139 241 553)
3(74 139 553)
3(517 322 321)
3(588 321 322)
3(517 588 322)
3(509 449 604)
3(511 604 449)
3(511 509 604)
3(82 504 146)
3(83 504 82)
3(353 570 105)
3(105 570 106)
3(601 420 528)
3(601 303 420)
3(601 528 303)
3(501 91 10)
3(501 10 11)
3(501 11 91)
3(458 590 342)
3(590 459 342)
3(315 175 525)
3(175 314 525)
3(315 525 314)
3(529 311 428)
3(529 312 311)
3(223 173 38)
3(223 37 173)
3(525 40 175)
3(176 525 175)
3(176 40 525)
3(271 394 526)
3(482 526 394)
3(224 525 263)
3(635 309 425)
3(426 309 635)
3(1 4 11)
3(1 564 4)
3(564 11 4)
3(259 117 552)
3(259 552 256)
3(256 552 117)
3(500 87 8)
3(500 8 88)
3(131 58 511)
3(58 604 511)
3(131 511 604)
3(131 604 58)
3(594 622 537)
3(149 594 537)
3(497 592 283)
3(497 261 592)
3(261 283 592)
3(550 637 108)
3(13 550 108)
3(13 108 637)
3(16 610 110)
3(16 567 610)
3(176 525 618)
3(176 618 589)
3(525 589 618)
3(567 571 408)
3(291 571 567)
3(291 567 408)
3(90 10 501)
3(171 529 36)
3(137 530 70)
3(70 530 239)
3(137 239 530)
3(573 121 39)
3(573 39 224)
3(573 224 121)
3(586 186 187)
3(179 44 226)
3(179 226 43)
3(257 532 568)
3(257 568 475)
3(257 475 532)
3(626 512 68)
3(204 68 512)
3(424 522 385)
3(56 580 191)
3(360 379 621)
3(360 621 576)
3(360 576 379)
3(345 206 530)
3(345 530 205)
3(16 610 15)
3(211 610 16)
3(206 530 584)
3(345 584 530)
3(345 206 584)
3(8 500 501)
3(8 501 106)
3(500 106 501)
3(205 344 512)
3(512 344 530)
3(205 530 344)
3(136 69 512)
3(136 512 239)
3(69 239 512)
3(206 531 346)
3(206 346 584)
3(584 346 531)
3(206 584 531)
3(36 545 529)
3(569 8 104)
3(136 68 512)
3(69 512 68)
3(552 304 305)
3(552 305 165)
3(359 124 535)
3(27 568 28)
3(163 28 568)
3(561 136 512)
3(136 371 512)
3(561 512 371)
3(219 30 552)
3(219 552 117)
3(30 117 552)
3(584 71 530)
3(206 71 584)
3(19 608 155)
3(154 608 19)
3(501 88 8)
3(531 346 207)
3(206 531 207)
3(18 566 213)
3(320 560 321)
3(437 321 560)
3(182 47 125)
3(182 125 46)
3(244 480 566)
3(566 480 376)
3(329 190 538)
3(189 538 190)
3(27 568 218)
3(218 568 28)
3(560 437 390)
3(560 576 437)
3(437 576 390)
3(198 62 539)
3(198 539 197)
3(201 563 202)
3(341 202 563)
3(132 582 540)
3(132 540 367)
3(367 540 582)
3(329 190 593)
3(440 519 324)
3(324 519 441)
3(538 445 395)
3(611 240 281)
3(611 281 372)
3(207 531 71)
3(72 71 531)
3(72 531 207)
3(378 358 571)
3(567 378 571)
3(567 358 378)
3(630 514 27)
3(204 344 512)
3(429 572 312)
3(429 313 572)
3(313 312 572)
3(544 135 67)
3(544 238 135)
3(283 573 121)
3(223 573 283)
3(223 121 573)
3(299 159 591)
3(299 591 298)
3(378 387 571)
3(419 568 418)
3(81 98 504)
3(65 237 201)
3(65 201 134)
3(356 287 510)
3(374 356 510)
3(321 437 621)
3(129 231 538)
3(54 129 538)
3(78 77 609)
3(503 78 609)
3(503 609 77)
3(429 497 572)
3(498 572 497)
3(498 429 572)
3(609 142 638)
3(141 142 609)
3(272 129 538)
3(272 538 364)
3(572 283 592)
3(572 223 283)
3(283 223 592)
3(572 592 223)
3(198 539 63)
3(198 546 539)
3(546 63 539)
3(616 330 191)
3(616 580 330)
3(590 343 203)
3(590 342 343)
3(590 203 342)
3(201 66 237)
3(577 188 559)
3(53 188 577)
3(53 577 559)
3(526 577 128)
3(128 577 52)
3(127 50 519)
3(50 536 519)
3(375 510 488)
3(356 488 510)
3(432 506 589)
3(316 506 432)
3(14 212 149)
3(151 610 15)
3(16 610 151)
3(501 89 10)
3(288 636 467)
3(81 97 504)
3(568 487 419)
3(568 418 487)
3(143 510 375)
3(143 144 510)
3(401 488 515)
3(401 515 606)
3(279 370 544)
3(370 238 544)
3(492 398 582)
3(367 582 398)
3(492 582 367)
3(73 553 209)
3(209 553 606)
3(73 209 606)
3(203 561 544)
3(203 544 68)
3(561 68 544)
3(82 80 146)
3(80 504 146)
3(6 500 7)
3(589 41 225)
3(589 122 41)
3(589 225 122)
3(146 633 141)
3(514 252 486)
3(514 486 255)
3(514 255 252)
3(614 162 514)
3(254 386 543)
3(532 28 116)
3(532 116 218)
3(532 218 28)
3(163 601 164)
3(303 164 601)
3(104 8 570)
3(103 104 570)
3(401 515 355)
3(330 593 190)
3(104 569 570)
3(151 555 15)
3(151 610 555)
3(555 610 15)
3(260 579 551)
3(260 171 579)
3(551 579 171)
3(260 551 171)
3(236 277 607)
3(11 501 106)
3(547 556 64)
3(547 64 613)
3(567 151 610)
3(567 571 151)
3(571 610 151)
3(554 506 123)
3(357 123 506)
3(357 506 554)
3(563 237 278)
3(563 278 369)
3(22 518 21)
3(215 518 22)
3(215 21 518)
3(119 35 579)
3(222 579 35)
3(29 532 28)
3(14 537 149)
3(149 537 212)
3(14 212 537)
3(543 164 165)
3(29 164 543)
3(29 543 165)
3(394 271 577)
3(132 61 513)
3(513 61 235)
3(80 79 503)
3(80 503 96)
3(407 387 571)
3(407 571 378)
3(557 104 103)
3(557 351 104)
3(148 578 524)
3(432 402 589)
3(506 589 402)
3(531 611 71)
3(531 71 240)
3(465 402 589)
3(219 30 543)
3(552 543 30)
3(193 511 58)
3(193 604 511)
3(193 58 604)
3(596 486 514)
3(596 630 614)
3(568 614 630)
3(14 150 537)
3(14 537 15)
3(49 519 619)
3(229 49 619)
3(135 370 563)
3(278 563 370)
3(135 563 278)
3(146 609 623)
3(141 609 146)
3(581 342 202)
3(341 342 581)
3(341 581 202)
3(184 126 183)
3(48 183 126)
3(102 612 101)
3(587 439 323)
3(587 322 439)
3(587 323 322)
3(516 216 24)
3(192 57 511)
3(192 511 130)
3(243 610 537)
3(243 555 610)
3(555 537 610)
3(429 592 497)
3(497 592 428)
3(497 572 592)
3(429 592 572)
3(572 283 497)
3(83 76 0)
3(3 76 83)
3(574 340 456)
3(574 456 457)
3(574 457 340)
3(396 447 508)
3(370 472 544)
3(370 581 472)
3(370 544 581)
3(263 283 573)
3(263 573 121)
3(487 475 568)
3(181 560 46)
3(181 182 560)
3(46 560 182)
3(181 560 45)
3(250 516 114)
3(148 550 524)
3(119 34 579)
3(224 525 573)
3(263 224 573)
3(263 573 525)
3(57 193 511)
3(193 333 604)
3(193 604 194)
3(450 509 449)
3(511 333 604)
3(193 333 511)
3(185 519 49)
3(50 519 185)
3(511 333 449)
3(193 511 192)
3(508 130 585)
3(365 508 585)
3(579 551 383)
3(260 383 551)
3(511 449 585)
3(490 511 585)
3(511 449 332)
3(332 449 585)
3(490 365 585)
3(511 365 490)
3(518 22 157)
3(518 158 22)
3(228 269 183)
3(517 228 183)
3(517 269 228)
3(221 169 34)
3(319 179 535)
3(595 179 319)
3(532 568 163)
3(532 163 28)
3(532 28 568)
3(592 572 312)
3(148 13 108)
3(258 285 533)
3(385 533 285)
3(385 258 533)
3(325 599 536)
3(325 536 586)
3(510 140 139)
3(510 139 605)
3(139 140 605)
3(510 605 140)
3(180 179 535)
3(33 168 533)
3(45 535 44)
3(627 212 247)
3(358 243 610)
3(211 610 243)
3(264 226 595)
3(535 264 595)
3(561 403 460)
3(561 460 459)
3(561 459 403)
3(460 512 403)
3(460 561 512)
3(561 403 512)
3(540 335 451)
3(335 582 451)
3(132 582 628)
3(540 132 628)
3(336 335 582)
3(452 582 335)
3(336 582 452)
3(167 31 558)
3(167 558 166)
3(71 137 530)
3(380 549 416)
3(428 592 471)
3(321 560 181)
3(321 182 560)
3(161 514 549)
3(161 549 26)
3(514 26 549)
3(595 179 318)
3(319 595 318)
3(479 603 256)
3(558 479 256)
3(558 603 479)
3(535 359 264)
3(603 118 284)
3(603 284 220)
3(474 479 522)
3(522 603 118)
3(284 603 256)
3(334 602 194)
3(602 194 604)
3(521 491 602)
3(450 602 491)
3(450 491 521)
3(234 540 60)
3(60 540 602)
3(401 515 375)
3(375 515 355)
3(488 515 375)
3(375 510 515)
3(355 515 510)
3(286 510 515)
3(375 510 355)
3(424 533 307)
3(178 42 554)
3(506 554 42)
3(506 42 178)
3(599 325 441)
3(424 520 307)
3(444 443 577)
3(394 444 577)
3(526 271 577)
3(518 527 297)
3(414 527 518)
3(579 221 34)
3(317 177 506)
3(518 527 158)
3(158 527 297)
3(18 542 213)
3(293 154 575)
3(293 575 566)
3(326 586 186)
3(186 325 586)
3(44 535 180)
3(179 535 44)
3(323 269 523)
3(323 523 587)
3(323 587 269)
3(306 598 422)
3(422 598 305)
3(475 528 532)
3(601 528 475)
3(601 532 528)
3(475 420 601)
3(419 601 420)
3(543 528 532)
3(163 601 532)
3(164 532 601)
3(164 163 532)
3(530 404 280)
3(584 71 611)
3(71 530 611)
3(461 530 345)
3(461 345 584)
3(78 141 609)
3(141 77 609)
3(510 623 638)
3(141 510 638)
3(32 558 167)
3(306 167 598)
3(166 598 167)
3(236 546 133)
3(133 546 368)
3(561 512 68)
3(479 552 558)
3(256 558 552)
3(479 256 552)
3(283 572 573)
3(223 573 572)
3(565 572 573)
3(498 573 572)
3(565 573 498)
3(565 498 572)
3(572 174 565)
3(572 573 174)
3(283 573 498)
3(263 498 573)
3(572 498 283)
3(392 563 494)
3(278 494 563)
3(392 278 563)
3(504 97 80)
3(504 80 96)
3(554 226 595)
3(471 497 592)
3(202 203 581)
3(544 202 581)
3(68 136 561)
3(561 136 238)
3(68 561 238)
3(171 260 222)
3(171 545 260)
3(222 260 545)
3(279 561 472)
3(403 561 279)
3(403 472 561)
3(632 310 171)
3(310 551 171)
3(632 171 551)
3(258 221 533)
3(221 285 533)
3(533 258 118)
3(533 118 221)
3(609 142 143)
3(143 142 638)
3(609 143 638)
3(523 323 184)
3(132 628 61)
3(60 628 132)
3(338 454 546)
3(455 546 454)
3(66 201 563)
3(66 563 202)
3(38 572 173)
3(38 223 572)
3(223 173 572)
3(257 218 532)
3(135 544 563)
3(370 544 135)
3(370 563 544)
3(425 424 629)
3(313 174 572)
3(173 313 572)
3(173 572 174)
3(173 572 312)
3(173 592 572)
3(397 521 491)
3(397 366 521)
3(133 63 546)
3(236 546 63)
3(181 535 45)
3(32 533 168)
3(575 294 154)
3(293 294 575)
3(614 27 514)
3(162 514 27)
3(309 629 635)
3(150 151 555)
3(184 523 324)
3(323 324 523)
3(364 580 273)
3(232 580 364)
3(600 560 390)
3(359 600 390)
3(359 390 560)
3(390 437 600)
3(390 600 436)
3(359 468 600)
3(535 468 359)
3(390 468 600)
3(5 4 612)
3(100 5 612)
3(1 4 107)
3(107 4 11)
3(274 365 511)
3(325 599 519)
3(325 519 536)
3(484 599 441)
3(484 393 599)
3(19 608 20)
3(599 441 519)
3(484 599 519)
3(441 519 325)
3(313 565 572)
3(171 35 579)
3(170 171 579)
3(218 532 568)
3(106 4 11)
3(499 2 4)
3(269 183 126)
3(228 126 183)
3(583 276 492)
3(508 130 192)
3(192 130 585)
3(508 192 585)
3(596 568 487)
3(586 526 362)
3(586 362 230)
3(505 5 84)
3(4 5 505)
3(113 527 22)
3(518 113 22)
3(518 22 527)
3(5 85 505)
3(505 85 84)
3(500 5 4)
3(41 177 589)
3(225 177 41)
3(141 146 507)
3(141 507 140)
3(141 140 146)
3(184 126 269)
3(326 443 526)
3(500 6 85)
3(5 500 85)
3(6 86 500)
3(513 615 197)
3(237 563 66)
3(396 508 365)
3(594 377 537)
3(4 505 500)
3(500 505 499)
3(594 247 537)
3(445 481 538)
3(481 395 538)
3(453 615 337)
3(563 457 392)
3(542 409 408)
3(542 408 376)
3(288 289 622)
3(29 30 543)
3(543 164 304)
3(543 528 304)
3(543 164 528)
3(304 528 164)
3(420 304 543)
3(275 540 367)
3(416 476 549)
3(380 549 476)
3(53 577 52)
3(128 577 53)
3(279 472 544)
3(544 561 472)
3(203 561 590)
3(561 544 590)
3(423 598 479)
3(598 422 479)
3(423 422 598)
3(552 558 598)
3(479 552 598)
3(479 598 558)
3(166 558 598)
3(552 558 166)
3(552 166 598)
3(520 479 598)
3(520 598 167)
3(598 479 167)
3(422 552 598)
3(36 545 631)
3(36 631 529)
3(631 545 529)
3(109 243 537)
3(109 537 247)
3(545 120 36)
3(384 386 552)
3(384 552 259)
3(552 386 259)
3(261 266 631)
3(531 541 347)
3(531 347 463)
3(531 463 541)
3(347 541 463)
3(347 208 541)
3(347 541 207)
3(208 541 606)
3(347 208 606)
3(207 347 531)
3(207 531 541)
3(546 338 337)
3(535 595 468)
3(468 595 436)
3(264 468 535)
3(505 500 5)
3(435 595 436)
3(500 85 505)
3(593 548 446)
3(446 548 395)
3(330 548 446)
3(2 1 564)
3(4 2 564)
3(489 548 395)
3(446 548 489)
3(597 415 476)
3(416 597 476)
3(597 159 516)
3(597 591 159)
3(159 591 516)
3(160 597 516)
3(549 597 160)
3(160 597 159)
3(415 591 597)
3(416 597 549)
3(169 285 533)
3(221 285 169)
3(240 72 531)
3(72 541 531)
3(13 550 524)
3(148 550 13)
3(148 13 524)
3(245 637 108)
3(550 245 108)
3(222 35 171)
3(212 637 108)
3(171 222 579)
3(183 48 228)
3(183 228 47)
3(421 386 552)
3(384 421 552)
3(421 386 543)
3(543 386 552)
3(62 539 63)
3(499 505 85)
3(618 122 265)
3(111 562 214)
3(214 562 19)
3(178 177 506)
3(506 469 433)
3(317 434 506)
3(554 506 434)
3(433 434 506)
3(64 547 134)
3(556 134 547)
3(25 549 26)
3(161 549 25)
3(369 547 277)
3(369 400 547)
3(601 303 419)
3(352 353 570)
3(104 557 570)
3(352 557 104)
3(132 582 61)
3(582 628 61)
3(531 584 611)
3(462 611 584)
3(531 462 584)
3(531 611 462)
3(533 385 169)
3(629 169 385)
3(286 139 510)
3(146 623 80)
3(623 82 80)
3(537 109 610)
3(243 610 109)
3(594 212 247)
3(212 594 537)
3(192 56 580)
3(636 634 288)
3(601 528 164)
3(528 303 164)
3(484 270 599)
3(26 217 514)
3(549 217 26)
3(311 632 171)
3(636 627 634)
3(151 555 290)
3(201 134 200)
3(563 66 135)
3(237 563 135)
3(66 67 563)
3(135 563 67)
3(20 534 214)
3(20 562 534)
3(620 20 534)
3(620 562 20)
3(125 517 321)
3(461 344 530)
3(512 461 530)
3(345 344 530)
3(321 576 621)
3(321 437 576)
3(313 572 430)
3(430 572 429)
3(554 318 179)
3(420 421 543)
3(59 194 604)
3(59 604 602)
3(567 151 291)
3(59 521 131)
3(234 131 521)
3(59 234 521)
3(555 243 387)
3(555 387 377)
3(435 318 595)
3(606 373 466)
3(541 466 373)
3(567 542 17)
3(567 17 152)
3(571 151 290)
3(571 291 151)
3(571 290 291)
3(192 580 130)
3(612 103 578)
3(103 570 578)
3(58 604 59)
3(58 194 604)
3(341 563 581)
3(457 563 341)
3(210 605 75)
3(2 91 564)
3(418 486 596)
3(418 596 487)
3(514 630 614)
3(27 630 614)
3(249 246 534)
3(249 534 477)
3(477 534 246)
3(146 609 80)
3(80 609 623)
3(499 564 501)
3(4 564 499)
3(4 501 564)
3(122 618 589)
3(589 618 41)
3(553 209 348)
3(374 553 348)
3(374 209 553)
3(609 503 80)
3(609 79 503)
3(503 146 609)
3(503 80 146)
3(202 67 563)
3(91 564 501)
3(499 564 91)
3(143 510 638)
3(143 638 617)
3(143 617 510)
3(638 510 617)
3(547 277 134)
3(369 547 134)
3(378 571 408)
3(567 378 408)
3(141 507 609)
3(77 507 141)
3(77 609 507)
3(134 556 201)
3(121 38 573)
3(173 37 592)
3(529 37 173)
3(369 556 201)
3(369 134 556)
3(556 339 340)
3(638 143 623)
3(510 623 143)
3(328 188 559)
3(577 188 328)
3(507 0 83)
3(340 456 556)
3(209 74 553)
3(239 512 371)
3(239 530 512)
3(512 530 371)
3(53 559 54)
3(143 623 609)
3(504 99 83)
3(275 540 366)
3(535 180 45)
3(345 346 584)
3(46 125 560)
3(227 560 125)
3(123 506 42)
3(225 506 123)
3(445 559 329)
3(538 559 445)
3(241 515 553)
3(282 515 139)
3(282 241 515)
3(241 139 515)
3(348 553 606)
3(273 580 489)
3(489 580 508)
3(450 509 397)
3(615 453 336)
3(615 336 452)
3(265 402 589)
3(509 131 521)
3(509 521 366)
3(509 366 131)
3(366 521 131)
3(315 431 589)
3(71 531 584)
3(215 534 21)
3(448 508 396)
3(558 220 117)
3(588 391 360)
3(388 554 267)
3(248 251 527)
3(184 619 49)
3(184 49 519)
3(109 537 15)
3(109 14 537)
3(176 589 41)
3(296 295 534)
3(296 534 412)
3(412 534 295)
3(591 298 414)
3(591 415 298)
3(587 588 322)
3(587 322 269)
3(588 269 322)
3(480 566 410)
3(575 410 566)
3(618 40 525)
3(486 514 380)
3(23 527 22)
3(133 539 63)
3(552 165 30)
3(165 543 30)
3(173 223 592)
3(530 404 495)
3(280 530 495)
3(389 361 519)
3(484 519 361)
3(43 42 554)
3(546 613 199)
3(199 613 338)
3(546 199 338)
3(636 634 524)
3(496 171 545)
3(496 260 171)
3(496 545 260)
3(524 627 13)
3(336 196 582)
3(210 139 605)
3(568 630 27)
3(47 183 517)
3(47 517 228)
3(157 518 21)
3(554 179 595)
3(554 226 179)
3(103 557 570)
3(236 547 134)
3(236 64 547)
3(391 621 360)
3(572 174 38)
3(323 269 322)
3(571 151 555)
3(571 555 290)
3(299 159 597)
3(591 299 597)
3(18 542 17)
3(213 17 542)
3(492 583 399)
3(469 434 506)
3(195 602 60)
3(195 60 628)
3(60 602 628)
3(198 539 337)
3(197 337 539)
3(401 373 606)
3(553 210 74)
3(553 209 210)
3(611 541 281)
3(309 169 629)
3(164 528 532)
3(543 164 532)
3(17 110 542)
3(110 567 542)
3(110 542 213)
3(38 573 223)
3(20 620 156)
3(160 300 597)
3(549 597 300)
3(19 562 608)
3(332 511 333)
3(208 73 606)
3(73 541 606)
3(544 67 563)
3(202 544 563)
3(80 503 504)
3(328 189 559)
3(451 602 450)
3(542 262 110)
3(453 399 583)
3(214 534 562)
3(534 249 562)
3(214 562 249)
3(166 30 552)
3(166 552 165)
3(342 203 581)
3(214 20 562)
3(585 448 396)
3(585 396 490)
3(322 182 517)
3(182 321 517)
3(20 534 156)
3(75 210 139)
3(75 139 605)
3(466 541 281)
3(478 281 541)
3(478 541 466)
3(156 21 534)
3(409 566 410)
3(480 566 409)
3(347 531 346)
3(296 156 534)
3(265 122 589)
3(265 589 225)
3(182 183 517)
3(182 517 47)
3(265 506 589)
3(506 225 265)
3(146 507 609)
3(503 507 609)
3(206 531 71)
3(310 426 551)
3(427 551 426)
3(460 561 343)
3(540 491 602)
3(145 510 356)
3(451 540 602)
3(540 132 60)
3(540 60 628)
3(215 518 113)
3(322 438 588)
3(322 588 439)
3(169 34 579)
3(169 579 221)
3(599 127 362)
3(101 100 550)
3(245 550 100)
3(551 579 310)
3(310 579 171)
3(536 186 325)
3(387 610 555)
3(571 555 610)
3(571 387 555)
3(101 100 612)
3(101 612 550)
3(54 538 190)
3(158 527 22)
3(169 285 579)
3(299 597 160)
3(299 300 597)
3(249 534 483)
3(483 534 477)
3(534 518 296)
3(296 518 412)
3(534 382 477)
3(157 518 534)
3(534 518 21)
3(157 534 21)
3(182 125 517)
3(182 321 125)
3(126 619 49)
3(184 619 126)
3(387 610 243)
3(296 534 157)
3(156 534 157)
3(412 477 534)
3(436 535 320)
3(600 320 535)
3(515 139 286)
3(447 548 446)
3(294 608 575)
3(452 582 451)
3(483 249 562)
3(534 483 562)
3(140 633 141)
3(547 236 277)
3(547 607 236)
3(115 217 514)
3(115 255 514)
3(621 588 360)
3(621 360 321)
3(519 324 523)
3(440 519 523)
3(440 523 324)
3(484 519 270)
3(491 540 451)
3(451 491 602)
3(210 139 74)
3(397 521 450)
3(131 604 521)
3(59 521 604)
3(131 59 604)
3(131 604 509)
3(397 521 509)
3(439 523 587)
3(323 523 439)
3(439 587 389)
3(465 525 618)
3(349 525 465)
3(315 431 525)
3(215 518 251)
3(106 4 501)
3(11 501 4)
3(123 42 554)
3(414 381 527)
3(606 73 138)
3(482 362 586)
3(368 583 133)
3(362 599 586)
3(362 586 127)
3(586 127 230)
3(51 586 230)
3(345 584 462)
3(448 585 331)
3(332 585 448)
3(448 585 508)
3(508 585 331)
3(396 585 508)
3(396 365 585)
3(274 511 490)
3(545 120 222)
3(462 346 584)
3(397 366 509)
3(462 346 531)
3(373 281 541)
3(374 488 510)
3(164 28 532)
3(164 532 29)
3(254 543 259)
3(533 522 385)
3(533 522 258)
3(413 518 412)
3(576 560 321)
3(125 321 560)
3(125 560 576)
3(518 534 215)
3(246 518 215)
3(198 546 337)
3(337 546 539)
3(561 343 459)
3(348 606 347)
3(69 512 70)
3(462 463 531)
3(346 531 463)
3(357 506 225)
3(198 546 338)
3(546 133 539)
3(509 366 274)
3(412 534 411)
3(313 565 430)
3(430 565 572)
3(59 521 602)
3(15 610 537)
3(517 47 125)
3(54 538 55)
3(109 212 537)
3(325 519 324)
3(185 519 325)
3(117 552 558)
3(552 30 558)
3(185 186 536)
3(50 185 536)
3(367 398 540)
3(510 355 143)
3(478 541 611)
3(478 611 463)
3(611 541 463)
3(478 463 541)
3(64 546 199)
3(64 63 546)
3(522 118 533)
3(239 512 70)
3(159 23 216)
3(159 24 216)
3(463 611 462)
3(463 531 611)
3(511 193 332)
3(503 507 77)
3(323 523 440)
3(522 32 118)
3(272 538 395)
3(328 559 329)
3(559 445 481)
3(520 306 167)
3(336 615 337)
3(133 546 583)
3(492 452 582)
3(582 452 398)
3(582 615 452)
3(235 513 62)
3(61 62 513)
3(458 342 581)
3(202 563 581)
3(342 581 590)
3(496 471 545)
3(507 0 147)
3(583 546 539)
3(547 546 236)
3(477 534 411)
3(580 489 364)
3(489 548 580)
3(364 548 489)
3(250 114 549)
3(114 549 516)
3(169 635 629)
3(196 582 197)
3(61 196 582)
3(551 579 426)
3(426 551 383)
3(310 170 579)
3(496 551 383)
3(426 551 496)
3(590 343 561)
3(384 552 256)
3(140 633 510)
3(488 553 348)
3(374 553 488)
3(75 140 605)
3(406 555 387)
3(400 556 455)
3(478 611 372)
3(556 547 400)
3(400 547 455)
3(352 351 557)
3(102 578 103)
3(478 281 611)
3(167 558 598)
3(558 479 32)
3(167 479 558)
3(256 558 117)
3(481 444 577)
3(559 481 444)
3(559 577 481)
3(379 268 576)
3(379 576 390)
3(268 560 359)
3(371 403 561)
3(530 461 495)
3(530 512 495)
3(197 615 337)
3(294 410 575)
3(294 575 411)
3(293 566 410)
3(293 410 575)
3(483 562 480)
3(411 608 575)
3(242 249 562)
3(483 242 562)
3(562 608 20)
3(19 562 20)
3(242 214 562)
3(534 483 411)
3(2 564 499)
3(11 564 501)
3(80 143 623)
3(536 185 325)
3(197 539 615)
3(633 140 605)
3(369 392 556)
3(400 369 556)
3(392 369 574)
3(563 392 574)
3(563 369 392)
3(563 574 369)
3(392 457 574)
3(556 369 574)
3(457 574 563)
3(498 525 573)
3(38 572 573)
3(572 498 430)
3(407 571 290)
3(407 571 555)
3(407 387 555)
3(262 567 542)
3(302 614 163)
3(569 570 105)
3(590 561 459)
3(590 472 561)
3(459 561 472)
3(125 560 182)
3(185 519 536)
3(590 343 459)
3(144 143 623)
3(551 496 260)
3(551 171 496)
3(457 574 341)
3(64 613 546)
3(64 546 547)
3(201 369 574)
3(537 247 212)
3(111 242 562)
3(495 530 371)
3(415 591 299)
3(268 560 227)
3(560 268 125)
3(547 556 369)
3(469 506 554)
3(210 374 553)
3(374 510 553)
3(166 552 305)
3(108 12 550)
3(108 100 550)
3(83 502 76)
3(416 597 300)
3(262 378 567)
3(262 542 378)
3(376 378 542)
3(435 595 319)
3(236 64 546)
3(567 542 378)
3(496 266 545)
3(552 598 305)
3(222 266 545)
3(266 260 545)
3(581 544 563)
3(543 386 259)
3(408 542 378)
3(499 84 2)
3(499 85 84)
3(500 86 85)
3(500 87 86)
3(500 85 499)
3(500 88 87)
3(89 88 501)
3(501 90 89)
3(500 501 88)
3(90 501 91)
3(2 91 499)
3(499 91 501)
3(500 499 501)
3(504 502 503)
3(504 99 502)
3(3 502 99)
3(504 98 99)
3(98 504 97)
3(504 503 96)
3(3 92 502)
3(93 502 92)
3(94 503 93)
3(502 93 503)
3(503 94 95)
3(503 95 96)
3(504 96 97)
3(98 82 99)
3(3 76 92)
3(89 9 8)
3(94 78 95)
3(11 91 1)
3(79 96 95)
3(79 95 78)
3(3 99 83)
3(77 94 93)
3(77 78 94)
3(77 93 76)
3(7 86 87)
3(11 10 91)
3(88 8 87)
3(90 91 10)
3(89 8 88)
3(76 93 92)
3(81 82 98)
3(90 10 89)
3(81 98 97)
3(80 96 79)
3(3 0 76)
3(3 83 0)
3(7 87 8)
3(80 97 96)
3(4 2 84)
3(4 84 5)
3(5 84 85)
3(5 85 6)
3(9 89 10)
3(6 85 86)
3(81 97 80)
3(4 1 2)
3(2 1 91)
3(83 99 82)
3(7 6 86)
3(165 29 30)
3(276 367 492)
3(350 354 102)
3(186 50 51)
3(16 152 151)
3(459 342 343)
3(261 223 120)
3(247 245 354)
3(352 467 351)
3(271 128 230)
3(442 325 326)
3(210 287 374)
3(240 138 72)
3(103 102 7)
3(452 335 336)
3(404 372 280)
3(360 125 268)
3(491 397 450)
3(64 200 199)
3(146 145 287)
3(335 451 334)
3(449 332 333)
3(368 399 493)
3(331 191 192)
3(426 383 425)
3(349 465 265)
3(242 214 111)
3(351 467 405)
3(128 363 231)
3(393 441 442)
3(379 437 438)
3(491 275 366)
3(74 75 210)
3(381 251 382)
3(206 207 346)
3(342 202 203)
3(130 233 57)
3(448 447 331)
3(265 465 402)
3(181 321 320)
3(308 307 168)
3(20 19 214)
3(445 446 395)
3(6 7 102)
3(474 479 423)
3(198 197 62)
3(101 6 102)
3(474 385 258)
3(154 294 293)
3(407 291 408)
3(467 406 405)
3(172 311 171)
3(170 34 35)
3(462 404 461)
3(146 287 147)
3(269 389 361)
3(107 148 353)
3(5 6 101)
3(409 292 293)
3(232 273 130)
3(354 101 102)
3(273 365 130)
3(103 351 350)
3(317 433 316)
3(427 310 311)
3(496 427 471)
3(167 168 307)
3(184 49 185)
3(281 138 240)
3(458 472 494)
3(473 247 354)
3(481 272 363)
3(295 411 294)
3(270 362 127)
3(465 431 432)
3(432 315 316)
3(218 115 252)
3(425 383 385)
3(383 285 385)
3(309 425 308)
3(196 335 195)
3(348 488 464)
3(466 464 401)
3(442 482 393)
3(388 264 267)
3(393 362 270)
3(279 371 136)
3(381 413 414)
3(233 274 131)
3(486 380 417)
3(110 17 16)
3(480 410 483)
3(71 240 72)
3(449 450 397)
3(364 395 489)
3(128 53 52)
3(415 476 485)
3(473 377 247)
3(110 358 262)
3(492 398 452)
3(218 27 115)
3(350 351 405)
3(183 323 322)
3(261 120 266)
3(364 232 129)
3(458 494 457)
3(462 478 404)
3(224 263 349)
3(247 377 243)
3(250 255 217)
3(437 320 321)
3(445 329 446)
3(23 159 158)
3(61 62 197)
3(386 475 420)
3(433 402 432)
3(460 343 344)
3(455 456 400)
3(371 403 495)
3(177 42 178)
3(66 202 201)
3(203 204 343)
3(250 476 380)
3(188 53 189)
3(143 142 355)
3(198 63 199)
3(438 439 391)
3(431 430 314)
3(40 41 176)
3(222 120 36)
3(455 493 454)
3(487 252 486)
3(72 138 73)
3(332 193 333)
3(426 496 383)
3(416 380 476)
3(230 128 52)
3(180 181 320)
3(257 218 252)
3(449 448 332)
3(422 306 423)
3(174 38 39)
3(367 276 235)
3(240 71 137)
3(53 54 189)
3(254 116 257)
3(59 195 194)
3(417 300 301)
3(416 415 299)
3(378 408 376)
3(356 287 145)
3(123 357 267)
3(350 473 354)
3(174 39 175)
3(463 462 346)
3(250 380 255)
3(237 278 135)
3(401 282 373)
3(1 12 107)
3(427 311 428)
3(481 363 394)
3(391 389 269)
3(81 80 144)
3(79 143 80)
3(232 55 129)
3(419 420 475)
3(393 484 441)
3(464 488 401)
3(106 105 10)
3(238 370 279)
3(233 365 274)
3(284 258 118)
3(260 496 266)
3(227 359 268)
3(360 379 391)
3(249 112 214)
3(153 18 154)
3(127 362 230)
3(275 234 366)
3(132 275 367)
3(388 468 264)
3(239 280 137)
3(405 473 350)
3(330 190 191)
3(253 114 216)
3(470 349 263)
3(283 223 261)
3(228 125 360)
3(264 359 124)
3(202 341 201)
3(114 250 217)
3(223 38 37)
3(187 327 326)
3(191 56 192)
3(334 195 335)
3(106 107 353)
3(189 190 329)
3(282 139 241)
3(415 416 476)
3(496 426 427)
3(332 331 192)
3(166 167 306)
3(400 369 277)
3(191 190 55)
3(322 439 438)
3(160 161 300)
3(396 273 489)
3(460 461 495)
3(289 149 150)
3(269 361 126)
3(185 324 184)
3(248 381 485)
3(72 208 207)
3(280 239 371)
3(441 484 440)
3(224 122 40)
3(405 406 377)
3(410 480 409)
3(480 244 376)
3(222 260 266)
3(260 222 119)
3(119 285 260)
3(434 318 435)
3(76 0 75)
3(121 38 223)
3(365 490 274)
3(247 109 212)
3(403 472 459)
3(258 284 474)
3(382 251 246)
3(477 411 412)
3(173 38 174)
3(307 423 306)
3(402 465 432)
3(353 288 352)
3(450 333 334)
3(19 154 18)
3(359 468 390)
3(270 127 229)
3(417 416 300)
3(211 358 110)
3(470 498 430)
3(470 465 349)
3(479 256 384)
3(434 317 318)
3(434 388 469)
3(145 81 144)
3(145 82 81)
3(146 82 145)
3(31 220 32)
3(293 153 154)
3(411 483 410)
3(176 177 316)
3(132 367 235)
3(240 137 372)
3(379 438 391)
3(244 262 376)
3(308 168 169)
3(153 292 152)
3(486 252 255)
3(304 420 303)
3(230 362 271)
3(209 348 208)
3(227 124 359)
3(295 155 156)
3(248 216 113)
3(429 428 312)
3(361 229 126)
3(58 57 233)
3(172 173 312)
3(234 60 59)
3(265 402 357)
3(224 349 122)
3(142 141 286)
3(286 355 142)
3(141 140 286)
3(447 330 331)
3(456 455 339)
3(485 414 415)
3(113 216 23)
3(267 357 469)
3(32 220 118)
3(253 216 248)
3(285 119 221)
3(323 439 322)
3(153 152 17)
3(474 423 424)
3(282 355 286)
3(172 171 36)
3(284 220 256)
3(269 126 228)
3(401 355 282)
3(37 38 173)
3(117 256 220)
3(468 388 435)
3(449 333 450)
3(290 289 150)
3(400 456 392)
3(463 347 464)
3(282 286 139)
3(123 226 43)
3(400 277 493)
3(267 264 226)
3(67 68 203)
3(128 231 53)
3(313 174 314)
3(275 491 398)
3(275 398 367)
3(31 167 166)
3(299 160 300)
3(33 34 169)
3(31 32 167)
3(223 37 120)
3(118 33 32)
3(19 111 214)
3(431 470 430)
3(123 42 225)
3(196 60 61)
3(156 157 296)
3(296 295 156)
3(185 186 325)
3(125 228 47)
3(138 241 73)
3(60 234 132)
3(235 61 132)
3(271 362 482)
3(104 105 352)
3(225 42 41)
3(469 388 267)
3(314 174 175)
3(252 487 257)
3(422 479 384)
3(451 335 452)
3(491 450 451)
3(244 213 262)
3(345 461 344)
3(127 230 51)
3(167 32 168)
3(57 56 130)
3(57 192 56)
3(339 455 338)
3(418 486 417)
3(203 68 204)
3(121 39 38)
3(353 352 105)
3(304 303 164)
3(427 428 471)
3(116 219 29)
3(315 432 431)
3(440 324 441)
3(36 37 172)
3(440 389 439)
3(254 219 116)
3(384 256 259)
3(491 366 397)
3(446 447 489)
3(183 184 323)
3(305 422 421)
3(297 296 157)
3(149 288 148)
3(49 229 50)
3(441 324 325)
3(74 210 209)
3(338 199 339)
3(334 333 194)
3(200 201 340)
3(66 237 135)
3(460 344 461)
3(369 400 392)
3(217 25 114)
3(243 109 247)
3(164 163 28)
3(301 300 161)
3(299 300 416)
3(322 182 183)
3(489 273 364)
3(342 203 343)
3(426 310 427)
3(365 233 130)
3(166 30 31)
3(305 165 166)
3(191 331 330)
3(466 463 464)
3(180 320 319)
3(166 306 305)
3(406 290 407)
3(207 208 347)
3(11 1 107)
3(292 291 152)
3(357 123 225)
3(73 241 74)
3(397 274 490)
3(315 175 176)
3(341 342 458)
3(187 186 51)
3(137 280 372)
3(375 356 144)
3(318 317 178)
3(12 148 107)
3(35 36 171)
3(489 395 446)
3(470 431 465)
3(247 212 245)
3(162 161 26)
3(470 263 498)
3(188 52 53)
3(106 353 105)
3(458 459 472)
3(365 273 396)
3(253 248 485)
3(283 261 497)
3(232 130 56)
3(243 377 387)
3(120 37 36)
3(106 10 11)
3(294 155 295)
3(412 295 296)
3(382 412 413)
3(448 449 490)
3(111 18 213)
3(478 462 463)
3(205 206 345)
3(488 356 375)
3(224 40 39)
3(55 232 56)
3(55 56 191)
3(19 18 111)
3(211 15 109)
3(122 41 40)
3(39 40 175)
3(312 313 429)
3(177 178 317)
3(209 208 73)
3(460 459 343)
3(238 279 136)
3(79 142 143)
3(220 284 118)
3(304 421 420)
3(208 72 73)
3(444 443 327)
3(449 397 490)
3(495 280 371)
3(413 381 382)
3(15 14 109)
3(26 27 162)
3(408 409 376)
3(293 292 153)
3(413 296 297)
3(339 199 200)
3(48 49 184)
3(328 329 445)
3(453 454 399)
3(158 159 298)
3(436 320 437)
3(237 134 369)
3(204 344 343)
3(492 452 453)
3(14 13 212)
3(276 133 235)
3(419 487 418)
3(24 25 160)
3(163 164 303)
3(328 445 444)
3(250 253 476)
3(160 159 24)
3(189 54 190)
3(297 157 158)
3(413 297 414)
3(330 446 329)
3(226 264 124)
3(70 71 206)
3(49 48 126)
3(188 327 187)
3(179 178 43)
3(194 193 58)
3(444 327 328)
3(45 124 227)
3(232 364 273)
3(136 68 238)
3(393 482 362)
3(104 9 105)
3(16 15 211)
3(175 40 176)
3(227 46 45)
3(230 52 51)
3(302 301 162)
3(245 101 354)
3(44 226 124)
3(15 16 151)
3(156 21 157)
3(302 418 301)
3(50 127 51)
3(24 114 25)
3(399 454 493)
3(357 402 469)
3(337 454 453)
3(243 358 211)
3(363 272 231)
3(368 277 236)
3(20 112 21)
3(361 270 229)
3(31 30 117)
3(298 414 297)
3(77 76 140)
3(64 65 200)
3(64 134 65)
3(294 411 410)
3(71 72 207)
3(328 189 329)
3(482 442 443)
3(134 277 369)
3(119 35 34)
3(9 10 105)
3(149 13 14)
3(213 18 17)
3(260 285 383)
3(100 101 245)
3(411 295 412)
3(254 259 219)
3(466 401 373)
3(466 281 478)
3(419 303 420)
3(261 471 497)
3(471 428 497)
3(341 458 457)
3(206 205 70)
3(340 201 341)
3(128 271 363)
3(79 78 142)
3(426 309 310)
3(162 27 163)
3(282 241 373)
3(348 347 208)
3(4 100 12)
3(356 145 144)
3(69 205 204)
3(46 182 181)
3(404 478 372)
3(17 18 153)
3(26 115 27)
3(163 303 302)
3(187 51 52)
3(121 283 263)
3(406 467 289)
3(136 69 68)
3(242 244 480)
3(473 405 377)
3(154 155 294)
3(435 388 434)
3(170 309 169)
3(368 493 277)
3(406 289 290)
3(399 368 276)
3(373 241 138)
3(389 440 484)
3(132 234 275)
3(283 497 498)
3(215 112 246)
3(238 68 67)
3(123 267 226)
3(244 111 213)
3(146 147 83)
3(301 161 162)
3(35 222 36)
3(210 147 287)
3(30 29 219)
3(360 391 269)
3(66 201 65)
3(68 69 204)
3(67 203 202)
3(74 241 139)
3(83 82 146)
3(378 262 358)
3(386 421 384)
3(46 47 182)
3(271 394 363)
3(458 342 459)
3(315 314 175)
3(312 428 311)
3(482 394 271)
3(426 425 309)
3(259 256 117)
3(299 159 160)
3(0 83 147)
3(334 194 195)
3(392 456 457)
3(137 70 239)
3(224 39 121)
3(359 390 268)
3(394 443 444)
3(326 325 186)
3(140 76 75)
3(179 43 44)
3(226 44 43)
3(319 179 180)
3(61 60 132)
3(293 294 410)
3(304 305 421)
3(474 424 385)
3(326 443 442)
3(337 453 336)
3(337 338 454)
3(74 209 73)
3(488 374 356)
3(136 239 69)
3(435 318 319)
3(451 450 334)
3(104 8 9)
3(305 304 165)
3(163 27 28)
3(22 157 21)
3(219 117 30)
3(385 285 258)
3(13 149 148)
3(44 45 180)
3(100 5 101)
3(255 115 217)
3(438 321 322)
3(193 57 58)
3(66 135 67)
3(77 141 78)
3(66 67 202)
3(339 200 340)
3(346 207 347)
3(195 60 196)
3(154 19 155)
3(290 291 407)
3(417 301 418)
3(418 302 419)
3(497 428 429)
3(386 420 421)
3(484 361 389)
3(46 125 47)
3(451 452 398)
3(27 218 28)
3(448 331 332)
3(492 453 399)
3(240 372 281)
3(204 205 344)
3(67 135 238)
3(223 283 121)
3(299 298 159)
3(378 358 387)
3(7 8 103)
3(315 431 314)
3(55 190 54)
3(0 147 75)
3(452 336 453)
3(205 69 70)
3(26 217 115)
3(248 113 251)
3(215 251 113)
3(65 134 237)
3(291 292 408)
3(396 448 490)
3(374 287 356)
3(438 437 321)
3(106 11 107)
3(484 270 361)
3(370 472 279)
3(170 35 171)
3(327 443 326)
3(54 231 129)
3(495 403 460)
3(498 497 429)
3(392 494 278)
3(26 161 25)
3(272 364 129)
3(430 313 314)
3(233 131 58)
3(237 66 65)
3(100 245 108)
3(288 467 352)
3(189 328 188)
3(143 375 144)
3(492 367 398)
3(243 211 109)
3(41 122 225)
3(114 253 250)
3(254 475 386)
3(211 110 16)
3(28 218 116)
3(133 368 236)
3(281 373 138)
3(103 8 104)
3(237 369 278)
3(215 22 21)
3(222 35 119)
3(29 28 116)
3(29 165 164)
3(360 268 379)
3(75 147 210)
3(221 258 285)
3(407 378 387)
3(351 103 104)
3(187 326 186)
3(194 58 59)
3(14 15 150)
3(135 278 370)
3(341 202 342)
3(48 184 183)
3(24 216 114)
3(481 395 272)
3(338 198 199)
3(457 456 340)
3(396 489 447)
3(419 475 487)
3(46 181 45)
3(193 194 333)
3(50 185 49)
3(57 193 192)
3(485 476 253)
3(313 173 174)
3(409 408 292)
3(378 376 262)
3(474 284 479)
3(276 368 133)
3(158 157 22)
3(469 402 433)
3(23 22 113)
3(33 221 34)
3(196 61 197)
3(306 422 305)
3(308 169 309)
3(158 298 297)
3(281 466 373)
3(495 404 280)
3(12 108 13)
3(12 13 148)
3(324 185 325)
3(259 117 219)
3(33 169 168)
3(45 44 124)
3(23 24 159)
3(306 167 307)
3(422 423 479)
3(310 171 311)
3(484 393 270)
3(460 403 459)
3(71 70 137)
3(417 380 416)
3(321 181 182)
3(319 318 179)
3(479 284 256)
3(401 375 355)
3(401 488 375)
3(308 424 307)
3(442 441 325)
3(34 221 119)
3(387 377 406)
3(317 316 177)
3(150 149 14)
3(179 44 180)
3(293 410 409)
3(20 21 156)
3(176 41 177)
3(315 176 316)
3(42 43 178)
3(263 283 498)
3(403 279 472)
3(258 221 118)
3(338 455 454)
3(478 281 372)
3(257 116 218)
3(385 424 425)
3(236 63 133)
3(42 123 43)
3(168 32 33)
3(50 229 127)
3(150 15 151)
3(184 324 323)
3(257 487 475)
3(162 163 302)
3(49 126 229)
3(412 296 413)
3(332 192 193)
3(198 337 197)
3(390 436 437)
3(100 4 5)
3(151 291 290)
3(217 26 25)
3(469 433 434)
3(48 47 228)
3(348 374 488)
3(209 210 374)
3(1 4 12)
3(155 19 20)
3(364 272 395)
3(456 339 340)
3(463 346 347)
3(330 329 190)
3(423 307 424)
3(249 214 242)
3(249 242 483)
3(445 395 481)
3(457 494 392)
3(238 135 370)
3(288 149 289)
3(304 164 165)
3(196 197 336)
3(384 259 386)
3(278 494 370)
3(242 111 244)
3(265 225 122)
3(468 435 436)
3(245 212 108)
3(360 269 228)
3(366 234 131)
3(183 47 48)
3(62 63 198)
3(349 265 122)
3(317 434 433)
3(370 494 472)
3(286 140 139)
3(289 467 288)
3(266 120 222)
3(236 277 134)
3(249 246 112)
3(165 30 166)
3(151 290 150)
3(201 200 65)
3(279 403 371)
3(20 214 112)
3(141 142 78)
3(358 243 387)
3(407 387 406)
3(386 259 254)
3(389 391 439)
3(313 430 429)
3(228 126 48)
3(318 178 179)
3(291 151 152)
3(59 131 234)
3(298 299 415)
3(335 196 336)
3(475 254 257)
3(462 461 345)
3(185 50 186)
3(418 487 486)
3(63 62 133)
3(249 477 246)
3(374 348 209)
3(321 182 322)
3(392 278 369)
3(37 173 172)
3(268 390 379)
3(345 206 346)
3(46 227 125)
3(155 20 156)
3(215 21 112)
3(448 396 447)
3(31 117 220)
3(414 298 415)
3(59 58 131)
3(118 221 33)
3(102 103 350)
3(143 144 80)
3(164 28 29)
3(236 134 64)
3(409 480 376)
3(143 355 375)
3(169 34 170)
3(347 348 464)
3(251 381 248)
3(180 45 181)
3(352 351 104)
3(384 421 422)
3(492 399 276)
3(129 231 272)
3(261 266 471)
3(302 303 419)
3(63 64 199)
3(313 312 173)
3(59 60 195)
3(16 17 152)
3(288 353 148)
3(110 213 17)
3(136 371 239)
3(262 213 110)
3(345 344 205)
3(25 161 160)
3(182 47 183)
3(141 77 140)
3(206 71 207)
3(477 249 483)
3(121 263 224)
3(486 255 380)
3(466 478 463)
3(215 113 22)
3(242 480 483)
3(251 215 246)
3(482 443 394)
3(23 158 22)
3(495 461 404)
3(246 477 382)
3(414 485 381)
3(382 477 412)
3(407 408 378)
3(231 54 53)
3(330 447 446)
3(491 451 398)
3(75 74 139)
3(264 468 359)
3(170 310 309)
3(170 171 310)
3(490 365 396)
3(345 346 462)
3(319 320 436)
3(100 108 12)
3(108 212 13)
3(265 357 225)
3(198 338 337)
3(366 131 274)
3(390 468 436)
3(41 42 177)
3(328 327 188)
3(109 14 212)
3(397 366 274)
3(425 424 308)
3(115 255 252)
3(69 239 70)
3(172 312 311)
3(24 23 216)
3(188 187 52)
3(429 430 498)
3(323 440 439)
3(235 62 61)
3(139 140 75)
3(433 432 316)
3(481 394 444)
3(437 379 390)
3(323 324 440)
3(336 197 337)
3(496 471 266)
3(133 62 235)
3(455 400 493)
3(55 54 129)
3(236 64 63)
3(260 383 496)
3(436 435 319)
3(268 125 227)
3(341 457 340)
3(483 411 477)
3(481 444 445)
)


// ************************************************************************* //
