/*--------------------------------*- C++ -*----------------------------------*\
| =========                 |                                                 |
| \\      /  F ield         | OpenFOAM: The Open Source CFD Toolbox           |
|  \\    /   O peration     | Version:  2512                                  |
|   \\  /    A nd           | Website:  www.openfoam.com                      |
|    \\/     M anipulation  |                                                 |
\*---------------------------------------------------------------------------*/
FoamFile
{
    version     2.0;
    format      ascii;
    arch        "LSB;label=32;scalar=64";
    class       labelList;
    location    "constant/domain0/polyMesh";
    object      faceRegionAddressing;
}
// * * * * * * * * * * * * * * * * * * * * * * * * * * * * * * * * * * * * * //


4191
(
1
2
3
4
135
136
137
138
158
159
160
161
179
180
181
357
359
360
364
365
366
390
391
405
406
407
545
546
548
601
602
603
622
623
624
625
660
661
662
702
703
704
720
721
750
751
820
821
822
823
831
833
838
839
840
841
846
847
848
849
858
859
860
861
862
863
864
877
878
895
896
897
898
903
904
906
915
916
917
938
940
1055
1056
1058
1238
1240
1241
1759
1761
1762
1882
1883
1885
1886
1887
1888
1911
1913
1914
1915
1916
1917
1918
2046
2047
2049
2054
2055
2056
2057
2058
2059
2090
2091
2092
2093
2108
2109
2110
2127
2128
2158
2159
2160
2161
2241
2243
2275
2276
2277
2278
2369
2370
2371
2384
2385
2390
2391
2392
2426
2427
2428
2429
2430
2431
2460
2461
2462
2506
2508
2509
2553
2554
2555
2556
2929
2930
2931
2944
2945
2946
2947
3382
3383
3384
3588
3589
4324
4325
4326
4327
4626
4627
4628
5912
5914
5915
6474
6475
6476
6938
6939
6940
6941
6974
6975
6976
6977
7002
7003
7007
7008
7009
7010
7011
7012
7013
7014
7020
7021
7022
7045
7046
7047
7048
7049
7050
7100
7101
7102
7103
7162
7163
7164
7198
7200
7236
7237
7238
7239
7247
7248
7249
7261
7262
7263
7264
7277
7278
7297
7298
7307
7308
7309
7310
7430
7431
7432
7433
7519
7520
7557
7558
7560
7576
7577
7578
7601
7602
7682
7730
7731
7732
7761
7762
7763
7764
7785
7786
7787
7788
7804
7805
7807
7816
7817
7833
7834
7835
7836
7869
7870
7871
7876
7877
7886
7888
7917
7918
7919
8047
8048
8049
8050
8107
8109
8110
8195
8196
8197
8225
8226
8231
8232
8357
8358
8416
8417
8418
8421
8422
8467
8468
8470
8490
8491
8492
8493
8501
8502
8503
8504
8508
8509
8510
8511
8529
8530
8531
8532
8579
8580
8581
8582
8612
8613
8646
8647
8648
8681
8682
8683
8688
8689
8690
8691
8692
8693
8730
8731
8732
8733
8748
8749
8804
8805
8806
8844
8845
8846
8858
8859
8860
8867
8868
8869
8870
8874
8875
8883
8884
8885
8886
8887
8888
8897
8947
8964
8965
8966
8990
8991
8992
8993
9115
9116
9117
9118
9145
9146
9147
9179
9180
9181
9182
9183
9184
9185
9253
9254
9255
9256
9306
9307
9329
9334
9335
9336
9337
9338
9359
9360
9361
9362
9363
9364
9365
9398
9400
9401
9413
9415
9427
9485
9487
9488
9507
9509
9510
9569
9570
9572
9573
9574
9575
9576
9582
9583
10078
10080
10081
10992
10994
11006
11008
11009
11106
11107
11108
11109
11131
11132
11880
11881
11882
12462
12463
12464
12918
12919
12920
12921
13106
13107
13108
13376
13377
13495
13496
13497
13498
13834
13835
13836
14231
14233
14234
14618
14619
14621
14643
14644
14645
14646
15093
15094
15095
15096
15128
15130
15131
15456
15458
15459
15468
15470
15471
15660
15661
15662
15663
15676
15677
15678
15708
15710
15747
15748
15749
15750
15965
15966
16368
16369
16370
16371
16554
16556
16658
16659
16660
16661
16861
16862
16863
16867
16868
16870
16908
16909
16910
16923
16925
17187
17188
17189
17205
17206
17207
17208
17320
17321
17322
17429
17430
17431
17622
17623
17625
17682
17683
17684
17685
17959
17960
17961
18057
18059
18060
18448
18449
18450
18611
18613
18614
18645
18646
18647
18648
18929
18930
18931
19010
19012
19013
19306
19307
19308
19309
19590
19591
19592
19638
19639
19640
19641
19735
19736
19738
19748
19749
19987
20076
20077
20078
20337
20338
20339
20340
20391
20392
20393
20984
20986
20987
21218
21219
21244
21245
21246
21397
21398
21403
21404
21405
21597
21598
21599
21600
21709
21710
21711
21712
21831
21832
22021
22022
22023
22085
22086
22087
22167
22169
22170
22530
22531
22532
22764
22765
22766
22767
23063
23065
23066
23198
23199
23200
23201
23308
23309
23310
23311
23635
23636
23637
23707
23708
23709
23752
23753
23754
23808
23809
23810
24094
24095
24096
24097
24176
24177
24178
24194
24195
24196
24305
24306
24308
24470
24844
24845
24846
24986
24987
25017
25019
25401
25402
25403
25410
25412
25413
25437
25438
25439
25873
25875
25876
25924
25925
25926
26082
26083
26084
26138
26139
26140
26466
26467
26468
26469
27206
27207
27208
27209
27284
27285
27286
27287
27331
27332
27333
27334
27348
27349
27350
27351
27372
27373
27416
27417
27436
27437
27454
27455
27456
27457
27466
27468
27577
27578
27579
27580
27581
27582
27771
27772
27773
27774
27798
27799
27810
27811
27853
27854
27855
27856
27861
27862
27956
27957
27958
27961
27998
27999
28000
28001
28058
28059
28067
28068
28103
28104
28105
28106
28110
28111
28112
28113
28114
28126
28128
28141
28142
28177
28178
28179
28180
28183
28184
28185
28227
28228
28255
28256
28257
28288
28289
28290
28309
28311
28312
28355
28356
28373
28374
28375
28376
28388
28389
28390
28414
28415
28429
28430
28443
28444
28458
28459
28460
28461
28492
28493
28495
28525
28526
28527
28547
28548
28601
28602
28603
28604
28650
28651
28652
28667
28668
28670
28730
28731
28744
28745
28746
28747
28748
28749
28754
28755
28777
28778
28779
28780
28782
28788
28791
28792
28795
28797
28798
28814
28815
28827
28828
28830
28853
28854
28855
28866
28867
28868
28869
28884
28885
28886
28936
28937
28938
28959
28960
28966
28967
28986
28987
29010
29011
29012
29013
29014
29044
29045
29046
29055
29056
29057
29070
29071
29128
29129
29130
29176
29177
29178
29179
29180
29181
29191
29192
29193
29194
29195
29232
29233
29234
29235
29269
29270
29271
29307
29308
29309
29310
29318
29319
29320
29321
29339
29340
29341
29342
29343
29348
29376
29377
29378
29379
29381
29393
29394
29410
29411
29412
29413
29414
29458
29460
29466
29467
29468
29469
29470
29471
29472
29473
29475
29476
29477
29516
29517
29561
29562
29563
29565
29566
29567
29568
29569
29582
29583
29585
29586
29587
29621
29622
29623
29651
29652
29653
29711
29712
29713
29714
29732
29733
29734
29735
29748
29749
29750
29757
29758
29759
29763
29764
29765
29777
29778
29779
29780
29795
29800
29801
29812
29813
29814
29815
29839
29840
29842
29843
29911
29912
29913
29920
29922
29923
29950
29951
29952
29953
29955
30017
30018
30019
30023
30041
30057
30058
30080
30081
30146
30147
30148
30149
30150
30151
30152
30153
30227
30236
30244
30245
30259
30260
30261
30262
30273
30274
30276
30288
30305
30306
30307
30318
30319
30526
30527
30528
30657
30658
30722
30723
30876
30877
30878
30982
30983
31047
31048
31049
31140
31141
31161
31162
31362
31363
31364
31834
31835
32007
32008
32009
32056
32057
32058
32134
32135
32136
32140
32141
32143
32164
32166
32167
32387
32388
32979
32980
32981
33013
33014
33046
33047
33048
33049
33067
33068
33069
33070
33158
33159
33160
33237
33308
33309
33310
33452
33453
33454
33460
33461
33462
33463
33522
33523
33524
33794
33796
33823
33824
33825
33918
33919
33920
33921
33938
33939
33940
34282
34283
34284
34348
34349
34350
34464
34466
34467
34506
34663
34664
34665
34728
34730
34791
34792
34793
34871
34873
34955
34956
34957
35047
35048
35049
35050
35108
35109
35110
35132
35224
35225
35226
35435
35436
35564
35565
35566
35730
35731
35859
35860
35861
35973
35974
35975
36463
36464
36465
36653
36654
36655
36721
36722
36723
36776
36777
36785
36786
36913
36914
36915
37065
37066
37068
37072
37073
37074
37339
37340
37341
37342
37378
37379
37573
37574
37575
37752
37753
37891
37892
37893
37924
37925
37926
37927
38100
38101
38122
38123
38125
38527
38528
38529
38579
38580
38582
38713
38714
38715
38716
38742
38744
38745
38837
39018
39019
39020
39213
39445
39447
39612
39613
39614
39623
39624
39625
39696
39698
39699
40059
40060
40154
40156
40192
40193
40194
40396
40397
40398
40400
40401
40402
40689
40734
40735
40736
40806
40876
40877
40878
40879
40880
40923
40924
40925
41223
41224
41535
41536
41867
41868
41869
41966
41968
42091
42092
42093
42352
42353
42354
42355
42380
42381
42382
42387
42388
42389
42403
42404
42434
42435
42440
42441
42442
42605
42606
42607
42608
42888
42889
42936
42937
42974
42975
42976
43186
43187
43188
43189
43302
43600
43807
43808
43809
43810
43852
43853
43854
43918
43994
43995
43996
43997
44000
44001
44051
44052
44120
44121
44122
44140
44141
44142
44190
44218
44219
44249
44251
44252
44372
44398
44399
44400
44509
44510
44608
44609
44610
44659
44660
44757
44758
44919
44920
44968
44969
44970
45259
45264
45265
45266
45267
45286
45310
45311
45312
45327
45328
45486
45488
45510
45512
45513
45514
45888
45889
45890
45942
45943
45945
46146
46147
46148
46149
46185
46186
46187
46188
46191
46192
46194
46195
46216
46217
46221
46223
46237
46238
46239
46273
46274
46276
46283
46284
46285
46286
46298
46299
46300
46311
46312
46325
46327
46329
46330
46404
46405
46406
46407
46445
46446
46450
46451
46484
46586
46587
46599
46600
46601
46666
46667
46668
46669
46699
46700
46757
46758
46809
46810
46811
46843
46844
46845
46846
46871
46872
46873
46881
46882
46883
46884
46927
46928
46929
46932
46933
46934
46941
46942
46943
46944
46945
46946
46962
46964
47031
47033
47034
47035
47039
47119
47120
47121
47129
47130
47131
47132
47152
47153
47154
47245
47246
47247
47350
47351
47352
47387
47388
47402
47403
47404
47405
47497
47498
47499
47501
47502
47503
47508
47560
47580
47581
47582
47590
47639
47640
47641
47642
47662
47663
47664
47665
47666
47667
47669
47790
47791
47793
47807
47959
47988
47989
48057
48058
48059
48092
48093
48094
48095
48112
48113
48114
48118
48165
48166
48167
48168
48169
48375
48403
48404
48410
48411
48413
48454
48456
48553
48564
48565
48566
48567
48655
48656
48657
48869
48870
48880
48881
48943
48944
48945
48946
48981
48982
48983
48986
48987
48988
49242
49382
49383
49460
49721
49722
49724
49725
49726
49729
49730
49731
49798
49799
49850
49909
49910
49948
49950
49951
50132
50139
50141
50142
50158
50186
50187
50188
50189
50190
50191
50192
50289
50290
50499
50500
50508
50509
50542
50543
50606
50607
50641
50642
50643
50698
50699
50726
50727
50728
50734
50739
50755
50756
50757
50862
50863
51034
51035
51036
51196
51197
51201
51202
51203
51210
51223
51224
51225
51226
51227
51228
51251
51294
51295
51296
51323
51324
51365
51366
51385
51386
51396
51397
51398
51425
51426
51529
51530
51531
51537
51538
51697
51698
51841
51842
51843
51844
51845
51846
51863
51864
51865
51866
51891
51892
51939
51940
52123
52124
52142
52170
52171
52172
52222
52224
52225
52532
52810
52811
52812
52987
52989
52990
53015
53122
53123
53196
53197
53244
53245
53246
53262
53264
53313
53315
53332
53334
53335
53354
53355
53356
53357
53358
53527
53528
53566
53567
53648
53656
53657
53765
53766
53767
53777
53778
53779
53780
53859
53860
53866
53867
53868
53884
53976
54088
54089
54090
54100
54101
54102
54169
54178
54179
54180
54181
54182
54183
54218
54219
54220
54234
54286
54287
54288
54297
54298
54299
54391
54392
54393
54394
54397
54398
54404
54405
54406
54407
54421
54422
54423
54436
54437
54438
54439
54446
54447
54448
54449
54464
54478
54480
54498
54526
54527
54528
54529
54530
54531
54570
54571
54572
54573
54577
54602
54624
54625
54660
54661
54662
54731
54732
54733
54744
54745
54747
54775
54776
54777
54788
54789
54793
54794
54795
54798
54799
54802
54803
54804
54812
54813
54814
54815
54831
54900
54901
54902
54903
54911
54912
54950
55038
55039
55062
55063
55187
55188
55189
55271
55272
55273
55274
55275
55324
55325
55326
55468
55469
55560
55561
55612
55613
55614
55825
55826
55827
55892
55893
55908
55909
55910
56003
56004
56042
56043
56085
56086
56087
56133
56135
56194
56476
56477
56492
56493
56494
56508
56510
56511
56607
56608
56613
56614
56615
56616
56649
56650
56675
56676
56677
56717
56718
56719
56748
56749
56802
56803
56804
56810
56811
56812
56821
56927
57146
57147
57148
57154
57155
57156
57678
57707
57709
58181
58182
58183
58200
58201
58283
58295
58320
58321
58322
58390
58391
58478
58479
58490
58491
58492
58533
58534
58535
58559
58560
58561
58578
58580
58581
58625
58626
58627
58628
58663
58698
58709
58710
58797
58798
58800
58838
58839
58881
58882
58883
58884
58885
58887
58945
58946
59332
59333
59372
59444
59445
59500
59532
59533
59725
59726
59727
59728
59882
59883
59967
59968
60002
60003
60004
60028
60029
60145
60146
60187
60188
60189
60291
60489
60490
60491
60593
60594
60835
60836
60837
60907
60908
60909
60955
60957
60986
60987
60988
61000
61002
61015
61016
61017
61041
61042
61112
61235
61422
61462
61464
61500
61501
61523
61658
61660
61773
61774
61775
61776
61778
61779
61820
61821
61834
61835
61966
61967
61968
61969
62104
62105
62106
62135
62136
62244
62245
62246
62433
62467
62468
62469
62617
62618
62644
62645
62837
62838
62866
62867
63033
63050
63051
63076
63107
63243
63308
63309
63364
63365
63548
63549
63565
63566
63598
63599
63600
63634
63635
63636
63648
63649
63650
63678
63679
63730
63740
63742
63743
63772
63775
63776
63777
63834
63891
63944
63945
63947
64121
64122
64154
64156
64285
64288
64295
64300
64301
64302
64330
64331
64332
64333
64353
64408
64418
64419
64428
64429
64430
64511
64512
64513
64607
64608
64630
64631
64633
64747
64749
64758
64824
64825
64826
64847
64848
64850
64868
64961
64962
65011
65012
65032
65033
65067
65068
65082
65088
65089
65099
65100
65104
65120
65121
65126
65127
65128
65155
65196
65197
65247
65248
65253
65254
65307
65308
65310
65356
65357
65358
65359
65360
65366
65367
65370
65487
65488
65489
65721
65787
65788
65835
65836
65837
65966
65967
65970
65971
65974
65979
65980
65999
66000
66001
66040
66083
66084
66085
66120
66121
66150
66231
66232
66233
66341
66428
66455
66510
66544
66545
66546
66595
66596
66597
66612
66617
66618
66624
66625
66629
66671
66779
66780
66832
66833
66861
66862
66863
66864
66879
66880
66931
66933
66967
66968
66969
66984
67014
67015
67086
67087
67088
67131
67160
67317
67318
67319
67395
67396
67397
67398
67399
67400
67415
67466
67468
67491
67510
67511
67661
67662
67740
67742
67743
67758
67759
67760
67766
67767
67768
67769
67770
67771
67772
67786
67787
67824
67855
67859
67861
67862
67874
67875
67876
67888
67890
67893
67894
67895
67899
67901
67902
67913
67914
67917
67932
67938
67945
67946
67947
67955
67956
67964
67965
67973
67976
67979
67980
67981
68003
68024
68025
68026
68037
68057
68129
68130
68131
68190
68191
68202
68239
68261
68262
68273
68327
68328
68329
68346
68358
68359
68360
68361
68362
68381
68382
68391
68392
68393
68394
68395
68404
68436
68437
68438
68455
68469
68470
68475
68476
68479
68480
68484
68485
68534
68590
68591
68594
68595
68700
68703
68704
68705
68716
68717
68720
68721
68722
68723
68730
68731
68732
68734
68735
68789
68790
68791
68801
68802
68803
68857
68924
68925
68975
68976
68977
69026
69027
69028
69101
69102
69104
69151
69152
69153
69154
69155
69193
69194
69369
69370
69371
69390
69395
69396
69512
69513
69568
69569
69620
69621
69622
69651
69763
69764
69765
69795
69860
69861
69862
69891
69892
69893
69894
70062
70063
70157
70158
70181
70182
70203
70204
70209
70272
70301
70302
70328
70329
70455
70456
70457
70475
70476
70484
70485
70488
70507
70508
70564
70565
70595
70601
70602
70620
70621
70628
70631
70632
70644
70675
70689
70690
70739
70747
70873
70874
70875
70887
70937
70938
70939
70999
71021
71022
71090
71091
71110
71111
71112
71205
71206
71215
71243
71244
71254
71255
71256
71270
71285
71291
71292
71396
71428
71448
71497
71528
71548
71549
71550
71632
71634
71663
71687
71721
71722
71731
71753
71755
71761
71762
71763
71770
71776
71812
71813
71823
71824
71848
71852
71853
71854
71860
71861
71862
71863
71864
71865
71872
71873
71874
71880
71881
71882
71883
71895
71896
71897
71903
71904
71907
71910
71912
71913
71916
71927
71928
71929
71930
71937
71938
71963
71964
71977
71978
72019
72062
72063
72064
72070
72073
72076
72084
72085
72087
72088
72089
72103
72104
72123
72124
72125
72126
72127
72128
72129
72134
72135
72137
72143
72144
72167
72168
72179
72180
72181
72183
72184
72187
72200
72230
72232
72233
72242
72243
72244
72245
72300
72312
72325
72358
72359
72481
72485
72488
72489
72492
72499
72500
72501
72502
72503
72504
72536
72542
72560
72561
72670
72671
72675
72676
72677
72678
72694
72695
72876
72913
72914
72933
72934
72952
72956
73000
73038
73055
73056
73075
73169
73170
73214
73357
73367
73369
73455
73456
73503
73504
73512
73538
73539
73540
73992
74006
74007
74036
74062
74063
74111
74113
74272
74283
74329
74330
74359
74389
74390
74392
74448
74449
74453
74483
74484
74498
74499
74520
74521
74522
74569
74590
74591
74607
74608
74621
74622
74679
74812
74836
74837
74839
74840
74914
74915
74916
74946
74947
74982
74983
74984
74991
74992
75022
75023
75025
75039
75040
75044
75045
75089
75324
75325
75362
75363
75364
75365
75444
75445
75457
75458
75459
75460
75461
75470
75480
75481
75482
75492
75493
75500
75520
75521
75596
75597
75606
75612
75638
75697
75698
75699
75737
75738
75745
75767
75840
75976
75983
75984
76002
76003
76016
76017
76020
76025
76026
76027
76060
76147
76148
76167
76181
76182
76195
76217
76218
76219
76220
76221
76224
76244
76257
76297
76343
76346
76415
76423
76424
76438
76439
76492
76520
76521
76522
76573
76575
76634
76635
76636
76665
76666
76683
76767
76771
76927
77020
77021
77081
77112
77113
77259
77260
77321
77334
77335
77336
77345
77491
77492
77493
77537
77612
77615
77718
77746
77747
77764
77769
77770
77831
77860
77861
78027
78029
78079
78089
78090
78091
78092
78121
78122
78132
78275
78305
78306
78307
78308
78309
78313
78358
78359
78368
78429
78545
78546
78568
78569
78588
78590
78642
78644
78645
78680
78684
78709
78710
78738
78739
78743
78750
78861
78884
78905
78908
78909
78910
78921
78922
78926
78927
78948
78949
78984
78985
79010
79033
79034
79050
79051
79052
79055
79113
79114
79177
79187
79207
79208
79211
79212
79214
79219
79278
79284
79292
79334
79335
79351
79402
79487
79496
79500
79501
79632
79651
79652
79654
79655
79668
79673
79674
79690
79691
79711
79806
79807
79808
79851
79852
79861
79961
80005
80166
80167
80198
80199
80200
80201
80206
80228
80229
80230
80277
80278
80309
80310
80391
80460
80504
80513
80535
80536
80555
80562
80572
80628
80635
80636
80650
80706
80707
80720
80729
80735
80736
80746
80747
80748
80749
80754
80761
80790
80791
80792
80793
80794
80795
80796
80798
80799
80801
80803
80804
80805
80814
80832
80833
80841
80847
80852
80874
80875
80876
80877
80883
80884
80886
80894
80895
80896
80897
80903
80909
80917
80946
80965
80970
80971
80994
81037
81097
81098
81156
81177
81185
81250
81260
81261
81262
81263
81264
81269
81270
81331
81347
81348
81362
81363
81454
81475
81481
81519
81528
81550
81551
81673
81710
81767
81779
81795
81798
81799
81845
81846
81849
81850
81884
81918
82008
82009
82010
82011
82027
82028
82086
82162
82344
82382
82448
82449
82457
82557
82757
82760
82782
82783
82799
82803
82826
82830
82843
82844
82845
82875
82876
82892
82893
82896
82903
82913
82923
82927
82934
82939
82948
82949
82953
82966
82971
82993
83003
83005
83013
83020
83025
83026
83039
83053
83066
83071
83072
83089
83169
83174
83187
83192
83193
83244
83245
83301
83322
83328
83329
83347
83357
83368
83369
83445
83456
83469
83619
83729
83735
83851
83854
83855
83860
83861
83871
83968
83975
83976
83984
83985
83991
83992
84289
84382
84442
84516
84538
84613
84617
84618
84619
84620
84621
84622
84625
84626
84627
84628
84634
84640
84659
84661
84666
84672
84682
84691
84970
84971
84972
84977
85095
85134
85329
85365
85366
85719
85802
85803
86128
86164
86186
86272
86373
86406
86427
86608
86713
86737
86738
86763
86785
86786
86806
86818
86837
86838
86839
86840
86851
86858
86869
86871
86879
86880
86883
86892
86894
86988
86989
86990
86991
86992
86993
86994
86995
86996
86997
86998
86999
87000
87053
87054
87055
87056
87057
87058
87059
87060
87061
87062
87063
87064
87065
87098
87308
87331
87371
87451
87452
87532
87565
87604
87619
87634
87727
87805
87815
87816
87873
87887
87899
87948
87954
87998
88025
88026
88048
88103
88131
88136
88141
88142
88143
88144
88177
88202
88242
88267
88349
-28
178
358
404
547
-572
-639
722
832
905
939
1057
-1119
1239
-1463
-1556
1760
-1835
1884
1889
1912
-1949
-1950
2048
2129
2242
-2368
2425
2432
2507
-2902
-2994
-3036
-3071
-3105
-3270
3385
3590
-3836
-4563
4629
-4653
-4837
-5246
-5302
-5480
-5492
-5530
-5844
5913
-6236
-6379
6473
7001
7015
7199
7299
-7486
7518
7559
-7580
7600
7683
7729
7806
7837
7887
-8061
8108
8194
8227
8469
8512
-8638
8750
8803
8847
8898
8948
8967
9328
9399
9414
9428
-9453
9486
9508
9571
9581
-10004
10079
-10202
-10435
-10529
-10807
-10874
-10962
10993
11007
-11125
11130
-11326
-11459
-11552
-11726
-11784
11879
-12048
-12411
12461
-12501
-12534
-12682
-12786
13105
13833
14232
-14489
14620
-14746
-14790
-14928
-15054
-15064
15129
-15182
-15279
15457
15469
-15478
-15635
15679
15709
-15839
-15882
-15918
15967
-16171
-16310
-16403
-16491
-16530
16555
-16582
-16603
16860
16869
16924
17186
-17411
-17575
17624
-17778
-17809
-17844
-17945
-17996
18058
-18181
-18208
18612
18932
19011
19589
19737
-19775
-19893
19988
20075
-20147
-20277
20390
-20513
-20704
-20824
-20893
20985
-21113
-21175
-21210
21247
-21331
21396
21406
21830
-21836
-21912
22020
-22094
-22123
-22130
-22140
22168
-22257
-22484
-22594
-22638
-22668
-22721
-22755
23064
-23167
-23531
23638
-23652
23706
24193
24307
24469
25018
25400
25411
25874
25923
26085
26137
-26359
-26497
-26505
-26688
-26691
-26702
-26894
-27042
-27149
-27243
-27379
-27412
-27420
27467
-27831
-27996
-28005
-28037
28127
28226
-28261
-28306
28310
28428
28445
28494
-28530
-28552
28669
28743
28756
28781
28789
28796
28816
28829
29047
29072
29182
29347
29380
29459
29474
-29494
-29498
29518
29564
-29577
29584
29624
29766
29794
29799
29841
29910
29921
29954
30024
30042
30079
30235
30275
30287
30317
30656
30721
30984
-31052
-31070
31142
-31271
31361
-31394
-31403
-31430
-31507
-31539
-31553
-31716
-31735
31836
-31854
-31866
-31868
32055
32142
32165
-32364
32386
-32455
-32499
-32576
-32593
-32830
-33167
-33189
33238
33307
-33368
-33395
-33420
33451
-33495
-33497
-33517
-33568
-33630
-33708
-33722
33795
33822
-34204
-34207
-34301
34351
34465
-34472
-34504
34507
-34545
-34635
-34660
34729
34731
34872
34958
-35011
-35058
-35099
-35321
35437
-35486
-35525
-35547
35563
35862
-36141
-36147
-36394
-36560
36656
36720
36916
37067
37075
-37354
-37434
-37441
-37442
-37454
-37458
-37469
-37520
-37566
-37614
-37639
37754
-37767
-37777
-37873
-37907
-37919
-37946
38124
-38135
-38369
-38448
38530
38581
38743
-39244
-39394
39446
-39630
-39657
39697
-39733
-39844
-39877
40155
40399
40805
41367
-41424
-41461
41534
-41552
41870
41967
-42186
-42217
42405
-42437
-42532
-42765
42890
-42923
42935
-43042
-43213
-43475
-43480
-43540
-43617
-43769
-43777
-43795
43855
44191
44192
44220
44250
44371
-44984
-44999
-45038
-45049
-45210
-45212
-45213
-45239
-45245
45258
-45270
45287
-45299
45329
-45401
-45409
-45436
-45439
45487
45511
-45607
-45622
-45680
-45775
45891
45944
-46168
46193
-46201
46222
-46228
-46234
-46264
46275
46326
46328
-46381
46447
46485
46670
46812
46874
46963
47032
47244
-47291
47389
-47410
-47439
-47458
47507
-47599
-47615
-47653
47668
-47686
47792
47960
47990
-48010
-48037
48119
48376
48412
48455
48868
48879
-48883
-48922
-48937
48980
49241
49384
49949
50140
50159
50160
-50360
-50413
-50478
50498
-50506
-50645
-50712
-50715
-50732
50740
-50762
-50779
-50808
-50882
-50893
-50922
-50935
-50943
51204
51211
51250
51427
51532
51840
51893
-52100
-52103
52143
-52191
52223
-52419
-52455
-52589
52988
53263
53314
-53941
53977
-54040
54087
54164
54221
54285
54445
54479
54520
54525
54576
54623
54663
-54687
54730
54746
-54756
54790
54816
54832
-54886
54904
-54906
-54921
-54991
-55004
55186
55270
55467
-55747
-55790
-55813
-55841
55894
55911
56002
56134
56478
56509
-56899
-56937
-57003
-57025
57149
57157
-57182
-57193
-57396
57454
57706
57708
-57930
-58067
-58234
-58279
58282
-58362
-58424
-58426
-58462
-58470
58579
-58624
-58649
58699
58796
58840
-58855
58886
-58896
-58984
-58987
-58990
-59000
-59025
-59050
-59060
-59066
-59069
-59134
-59266
-59317
59331
-59364
-59470
-59475
-59521
-59562
-59712
59724
-59745
59966
-60397
-60458
60592
60958
61001
61018
61040
61113
61231
-61279
-61311
-61313
-61405
-61411
-61432
-61458
-61461
61463
-61479
-61484
61502
61524
-61584
-61604
-61609
-61628
-61639
61659
-61731
61777
-61782
-61816
61836
-62036
62182
62434
-62893
63108
-63148
63363
63597
-63637
63741
-63816
63890
63913
63946
-64043
-64101
64155
64606
64632
64748
64757
64849
-64917
-64950
-65003
65031
65066
-65069
-65083
65249
65309
65361
65368
65722
-65828
-65931
65998
66039
66149
66342
66598
66623
66670
66688
-66751
-66787
-66795
-66816
-66843
66932
-66940
-66951
66983
-66986
-67039
-67050
-67083
-67128
-67130
67158
67159
-67407
67454
67467
67469
-67470
-67540
-67544
-67560
-67596
67741
67825
67856
67860
67889
67916
67966
67974
68004
68038
68203
-68217
68240
68314
68357
-68375
-68387
-68398
-68400
-68621
68733
69103
69195
69514
-69526
69652
69796
70061
-70166
70235
70240
70273
70300
-70319
-70334
-70342
-70369
-70406
-70465
70477
70509
-70515
-70536
-70571
-70592
-70608
-70613
70622
70627
-70656
-70661
-70688
-70700
71299
-71596
-71602
71633
71688
-71707
71732
71756
-71843
71911
71969
-71971
-72051
72072
72199
-72211
-72214
72234
72301
72324
72493
72547
72875
73061
-73146
-73175
-73212
-73231
73368
73370
-73378
73513
73678
-73773
-73776
-73810
-73857
74112
74206
74271
74358
74391
-74663
-74683
-74719
-74756
-74782
74838
-74912
74917
75024
-75255
-75603
-75865
-75940
75977
75982
-76034
76245
76256
76296
76574
-77176
-77203
-77248
-77300
-77309
-77324
-77352
-77366
-77378
-77438
-77439
-77453
-77465
-77508
-77533
77544
77576
-77661
-77716
77732
78367
-78402
-78406
78589
78729
78885
78956
-79065
79213
79290
79291
-79423
-79512
-79573
-79611
79631
-79894
-79896
-79948
79960
-79973
80207
-80499
80514
-80518
-80545
80561
80755
80789
80828
-80843
-80846
80910
80966
81254
-81303
-81306
81455
81474
81520
81521
81587
81752
81794
81868
82094
82151
82161
82225
82383
82447
-82513
82758
82877
83088
83095
83358
83455
83699
83850
-83899
84106
-84305
-84636
-85184
-85534
-85671
-85794
-85817
-85894
-85904
)


// ************************************************************************* //
