/*--------------------------------*- C++ -*----------------------------------*\
| =========                 |                                                 |
| \\      /  F ield         | OpenFOAM: The Open Source CFD Toolbox           |
|  \\    /   O peration     | Version:  2512                                  |
|   \\  /    A nd           | Website:  www.openfoam.com                      |
|    \\/     M anipulation  |                                                 |
\*---------------------------------------------------------------------------*/
FoamFile
{
    version     2.0;
    format      ascii;
    arch        "LSB;label=32;scalar=64";
    note        "nPoints:639  nCells:1844  nFaces:4191  nInternalFaces:3185";
    class       labelList;
    location    "constant/domain0/polyMesh";
    object      neighbour;
}
// * * * * * * * * * * * * * * * * * * * * * * * * * * * * * * * * * * * * * //


3185
(
1039
1046
1062
1125
11
12
14
201
5
138
941
1780
172
1041
1755
9
1115
1633
453
1618
1781
784
1227
565
614
1518
880
1177
1840
201
249
411
72
76
249
475
13
557
1116
371
723
1294
14
634
98
913
16
260
263
442
45
807
20
442
644
849
43
45
1153
1160
21
45
440
1160
21
491
1276
51
442
24
25
906
946
170
328
951
141
546
1451
548
960
693
786
1777
252
782
1764
91
1645
1753
376
499
1754
64
696
819
472
1328
1361
335
938
1358
1733
34
605
1542
35
267
1616
54
358
359
37
125
601
1380
38
1609
1610
124
716
40
1243
1350
1434
1126
1432
42
46
435
1160
43
44
300
100
102
101
721
1295
99
203
654
48
381
1146
616
1641
1759
141
946
1030
261
448
849
1711
83
440
1115
83
848
1632
1790
343
650
866
1248
1457
1141
1142
1632
1790
93
323
944
726
1699
1702
882
1036
1370
784
816
1067
1726
61
62
971
1655
1455
1467
307
970
1467
64
66
694
695
65
67
373
691
373
1188
1683
536
1051
1401
69
70
413
417
418
1415
1416
227
1415
74
133
247
704
74
133
1185
75
76
77
448
76
1141
247
455
448
349
1543
1791
79
320
912
1129
632
1661
81
467
1020
82
1184
1239
892
1060
1633
954
1134
1625
88
90
409
556
90
556
1586
1787
88
89
1303
1159
1372
92
994
1356
92
1168
1489
1644
1787
1788
94
1011
612
947
1737
395
522
947
1483
156
1309
1472
461
655
1140
99
537
148
1150
298
651
102
454
1069
1153
1155
598
1146
1759
106
107
659
1665
106
331
1166
1669
1744
1811
331
1251
112
1282
1363
1824
110
111
114
1281
387
1090
387
477
1269
1088
1090
1827
114
477
924
1363
988
1282
116
456
1433
1434
852
1245
803
1245
1277
119
121
151
122
775
1532
121
122
856
1044
434
1285
855
1191
124
1005
1015
1600
125
602
1015
1310
1530
321
1005
1145
1483
129
130
568
1330
573
1096
1591
579
676
1573
134
135
1283
1738
134
136
472
1304
246
250
1335
136
918
919
1361
1709
140
330
594
1181
811
1236
1621
196
1621
1782
196
1453
547
547
1156
1368
752
1652
1748
497
519
1447
146
1461
1464
1500
796
1028
724
1313
1840
654
1063
273
1704
1805
851
1113
1309
1821
775
1285
1467
1629
1651
176
254
1597
209
230
828
1801
668
822
1441
168
1113
181
224
721
957
850
1131
1625
584
1357
1606
1132
1653
1745
697
814
1236
1473
550
800
1222
1549
353
1216
1533
278
1435
1553
485
1262
1431
1058
1576
1605
1677
855
1044
1190
493
1446
507
1065
1591
1842
597
800
1058
1578
1604
1659
305
508
177
256
274
1013
552
1003
1477
935
1176
1308
253
1158
1407
425
1264
1106
1749
1797
566
1234
1504
1773
587
1378
1544
219
297
439
367
836
1762
450
945
1130
1133
363
891
1110
827
1306
1590
445
523
583
844
1642
1759
520
762
1235
1565
417
665
1427
286
1721
1726
791
860
973
1226
1128
1202
1676
672
832
976
1593
258
451
1789
768
1794
811
640
709
1710
207
569
1548
1587
407
932
1529
292
685
1547
491
1115
596
661
1098
440
537
257
795
828
512
514
891
1548
221
270
801
1029
865
879
1168
1509
1570
259
576
769
310
535
1053
423
756
1056
667
701
1168
1410
641
1456
1616
898
1296
1359
1476
218
1437
1447
1569
257
451
481
1013
1318
1795
1047
1254
1436
224
375
613
318
399
686
956
369
906
1450
873
1060
1239
584
1132
1658
1069
728
1159
1536
436
471
342
1735
1414
1516
1568
484
1445
1569
449
603
1596
493
1092
1820
1224
1657
1746
681
770
1033
350
485
1521
241
629
815
977
352
354
355
1559
352
791
1216
1559
518
1220
1686
1687
240
242
735
1606
241
629
242
1614
977
1357
244
488
1385
1490
1437
1718
246
455
475
595
247
486
250
627
633
742
1552
1764
549
604
725
948
1277
1433
817
863
254
256
1408
1599
322
1084
1364
1567
923
1263
737
1801
259
792
451
1801
261
442
1632
262
1141
263
1711
644
807
265
266
936
1328
268
937
1506
648
698
360
605
1184
886
1424
1425
270
577
1017
1368
1554
272
781
1374
1505
273
774
835
275
724
923
1796
823
914
746
991
1117
1466
279
458
1435
279
1528
1631
1690
1697
283
284
660
661
600
840
1120
283
450
1133
1180
1316
1252
1776
287
290
438
973
288
290
289
819
860
289
1726
1148
1545
1734
302
974
1249
632
958
294
428
1660
1663
1669
1744
645
1261
1492
1663
301
1063
1087
299
301
1061
299
300
613
1627
654
1061
867
1179
368
591
1639
304
1257
1277
566
803
954
306
845
767
1576
1755
309
969
1629
309
489
772
444
1272
548
625
959
312
598
1146
1280
520
788
1442
316
738
1171
1647
315
787
1409
1410
317
666
1412
317
787
1292
319
320
761
399
1806
1068
1698
324
944
1530
1055
1737
324
910
1145
1310
327
1129
1703
1838
327
372
912
437
1182
392
1045
1238
1323
1494
1093
1782
1823
333
1502
333
1251
1317
1340
1346
365
370
1254
378
1562
1727
918
1418
1579
1720
338
608
876
965
339
783
1402
636
1478
1705
346
868
903
342
577
858
1415
1462
796
884
345
346
1007
1212
1474
1536
710
924
938
1308
1733
572
1349
1497
455
904
1791
351
1126
715
1432
1521
353
354
942
1533
1147
1619
358
873
1799
1803
358
359
1397
1800
360
1542
1799
1800
363
364
1445
1519
391
1628
1767
1259
408
484
891
1265
1544
635
863
1507
1252
1775
930
1561
565
614
1485
484
569
913
1279
1706
1182
1300
536
1624
827
942
1396
675
1161
402
638
834
1443
1670
1762
1008
1228
1358
674
1137
1813
986
1634
1762
1442
1641
717
1189
1675
436
846
607
743
1495
1656
423
640
709
1056
1062
1198
1678
468
1016
1557
1603
999
1335
1738
414
478
839
981
403
530
638
714
1448
1139
1142
1708
524
621
1561
1639
524
612
1603
426
1229
1804
434
1044
1267
1085
1828
1843
1329
407
736
1484
866
1197
589
1135
1210
531
1815
1193
1263
1264
642
804
1279
1558
643
1035
1631
931
559
569
1548
924
1372
728
1253
1474
557
1552
1416
1430
1560
418
998
1735
479
1673
1690
998
1052
1296
1613
1825
1828
962
1430
1255
1414
498
517
1392
424
454
1558
858
888
1017
556
746
1363
1586
747
1377
644
849
1711
692
1013
689
703
1585
853
909
1482
1836
1261
1663
578
921
1760
580
908
1487
963
975
1829
812
1078
1748
1750
675
1700
1770
1037
446
1276
1295
1219
1177
1703
696
819
1619
857
1018
1771
495
1461
1520
1229
1794
969
1657
769
771
1235
642
1150
1279
802
810
1545
881
828
1103
1800
1174
1514
459
1123
1175
1613
1284
1714
1777
1275
1295
1435
1556
692
926
1387
487
1691
749
1071
1268
1024
1097
1395
1501
462
463
1584
465
874
1747
707
1713
471
490
989
1079
1833
901
1097
1487
1808
737
1197
1088
1253
1597
1601
1798
475
626
1375
1792
789
935
610
766
1729
1766
713
1521
1673
1791
645
1319
1398
1744
1212
1253
1211
1692
713
839
1528
482
1319
1547
737
688
1127
740
1508
1772
1199
595
633
1038
715
1556
1384
1394
1488
851
1272
500
1577
881
1294
894
1336
1459
1321
495
702
894
1461
1241
1228
1418
1522
1437
1488
519
1486
638
1815
768
1804
538
1022
1395
630
785
1213
505
506
1065
1572
505
1058
1575
1755
507
1041
1242
1575
525
1680
509
1672
525
1041
1449
542
1564
1758
513
514
1598
1599
513
1107
1110
1108
1111
879
662
1109
1587
901
915
1289
1438
897
955
1628
1684
952
1225
1376
522
619
1055
736
934
1103
1240
624
934
540
1839
558
915
929
764
1649
1753
1756
607
754
922
610
639
1220
1739
532
834
1630
532
1000
1274
671
1731
671
672
674
1593
862
1389
550
1549
731
1683
1115
759
1023
1648
545
582
750
1752
571
1266
1672
1174
1273
1670
543
1217
1643
1324
1512
550
611
1053
1324
554
618
1010
548
593
1448
1451
1541
829
1377
1710
1512
552
822
966
1477
553
680
585
841
1481
878
1233
562
821
1707
1159
1369
911
1438
587
780
1519
561
562
783
1705
563
856
1194
564
564
1191
1193
821
1264
801
1050
1351
662
865
1798
579
1592
1544
662
1108
1795
1798
765
1677
1680
1131
1775
1065
1330
659
1032
1317
1811
1165
1247
1343
603
771
1563
1417
1249
1517
672
581
1615
1010
1538
1648
1021
1024
1648
771
1102
1169
680
1070
952
1519
1778
1778
731
1354
1577
1162
899
910
1112
1557
928
1636
1761
900
1338
1444
1541
1822
1823
626
1031
660
1100
625
1045
1454
1566
1807
600
953
1381
601
893
1379
1380
1600
1102
1802
782
826
1185
795
1152
655
1187
1582
739
734
964
1478
794
1526
1818
1732
949
950
1444
624
1011
651
675
732
1373
709
747
1708
844
951
1128
1167
1219
750
911
934
1084
1608
1609
1611
931
932
933
623
751
1411
1705
1014
1707
1083
1638
637
1549
1026
782
817
900
776
1403
1495
735
837
1059
1766
775
1387
1406
912
1049
1678
913
1118
817
1049
1054
825
1402
732
1454
1214
1210
1214
833
1377
895
1200
1607
1151
1295
839
1528
1275
958
1547
731
1218
1624
650
892
896
1200
885
936
799
1225
1327
1028
1155
1492
1741
1743
705
1073
1540
657
657
1094
1140
1834
1066
1187
659
755
1398
1251
1180
986
1634
1165
1223
1331
665
666
1427
1428
1250
1260
1366
1250
1476
1509
966
968
1073
670
1380
1602
1609
1370
1611
1592
1813
673
674
832
1404
1301
1449
679
1236
1306
1590
679
1181
1446
1472
1473
1482
1271
1416
1074
1562
1650
1223
1247
1490
778
1231
1750
912
956
1300
687
758
688
1492
1741
758
1547
690
691
1353
1218
1577
1804
1588
821
694
695
1284
1188
696
1712
1360
700
1221
886
889
989
1231
1325
1618
1714
1339
1409
1476
886
889
1464
816
1227
1139
1710
968
1138
1154
727
833
1675
1584
1723
948
1528
1553
1372
1536
1002
1269
713
948
1262
950
1444
883
1015
1609
1027
1104
1725
909
1617
1640
900
993
796
854
1464
1510
1061
1151
870
988
1281
1116
1543
1706
823
880
1262
1431
1434
1208
1311
1703
806
746
922
1656
1657
1211
1673
1689
959
1438
1670
1037
1267
1477
977
1403
1483
1152
1292
1644
1645
741
1337
805
823
754
971
1232
993
1377
1678
776
1169
1337
748
1322
1534
757
1232
1470
1535
1086
829
1043
1403
1613
1784
929
763
902
1043
1322
1653
853
909
1517
970
1535
1032
1319
993
1345
1355
956
1538
1646
1513
1715
1492
1698
769
1376
1285
1531
1023
1646
1647
1124
1305
1001
1583
919
1074
1720
1240
1413
1537
1064
1309
1671
1355
1819
1820
781
1208
1805
1192
1606
903
1172
1286
1471
1832
875
979
1315
1298
1768
847
809
808
798
1162
1360
1475
1171
1280
1789
972
1219
1555
869
1693
1695
997
1167
1280
1563
870
979
1281
1696
1124
1491
1499
1542
1800
1614
1723
1833
1059
1217
1222
1641
951
1076
1017
1736
941
1475
850
1625
842
830
880
1056
1153
1067
876
1194
1524
1734
940
1306
1077
1832
1574
1720
1755
1221
1238
1323
1079
1231
1750
1148
1585
1338
1050
1199
1347
1401
855
1408
1532
1014
1837
841
1003
1531
967
1154
829
1290
939
1240
1708
1018
1391
1771
893
1120
1371
1722
1404
1440
1135
1731
880
1311
1391
1622
1626
1775
1682
1730
1288
1365
1523
882
1119
1511
957
1151
1515
1071
1481
1835
950
1576
1580
1202
1326
1701
1702
1290
1763
881
852
1349
1246
1819
1243
1070
1268
884
887
1717
1193
1191
1411
957
1256
1255
1462
1004
1094
1682
1196
1352
1333
1582
1583
1052
1173
1552
1426
1428
1429
1587
890
1200
1149
1390
1771
869
987
870
903
1693
1218
1794
1220
1686
1732
1248
1077
1140
1834
982
1689
1267
878
925
1715
1010
1598
1114
953
1673
1689
1691
890
887
1717
1241
889
1551
1568
1736
1320
1607
1042
1465
1610
1785
895
896
1320
1459
1460
1463
1288
1681
1040
1287
1509
1367
908
927
1478
1480
1531
1007
1543
995
1379
1484
1029
1373
1147
1284
1623
1712
961
1016
1230
1150
1505
1772
986
1098
917
1493
1751
1132
1357
1653
1361
1399
1143
1362
1283
1399
1578
974
1637
1272
1075
987
1538
1724
1013
1136
1158
1316
1809
933
978
1639
1439
932
1636
934
1561
1636
936
1176
1358
1420
1422
1650
1709
940
943
941
943
943
1781
1524
947
1273
1622
1773
1034
1055
1324
1642
951
955
1447
1367
1130
1681
1778
1299
1012
1664
960
1373
1230
1438
998
1426
1429
1364
1825
966
968
1479
968
1138
1312
1478
1479
1480
1270
1246
1272
1170
1455
1167
1209
1215
1559
1638
1567
1637
1009
1573
1043
1081
1640
1843
983
1694
981
983
1690
1697
1035
1692
983
1691
1693
1066
1094
1730
1067
1326
1289
988
1333
1831
1043
1748
1750
1120
1278
1826
1078
1652
1751
1303
1371
1787
996
1112
1529
1557
1128
1216
1226
1019
1143
1362
1096
1592
1059
1204
1293
1694
1696
1037
1471
1832
1834
1530
1035
1286
1293
1286
1696
1422
1469
1499
1816
1615
1016
1398
1662
1192
1387
1602
1161
1414
1654
1595
1801
1023
1025
1649
1023
1501
1025
1439
1501
1049
1507
1031
1038
1463
1034
1716
1033
1156
1667
1034
1554
1537
1503
1119
1786
1531
1440
1674
1052
1173
1301
1184
1200
1616
1194
1448
1452
1048
1099
1265
1365
1681
1101
1125
1099
1257
1504
1352
1354
1401
1735
1541
1057
1101
1338
1680
1163
1465
1063
1099
1157
1774
1566
1807
1571
1688
1129
1841
1155
1835
1072
1073
1312
1540
1175
1522
1111
1599
1222
1641
1078
1747
1614
1747
1084
1085
1364
1082
1085
1783
1637
1760
1829
1084
1567
1783
1825
1088
1253
1363
1149
1740
1466
1122
1617
1836
1282
1095
1589
1821
1823
1093
1095
1321
1494
1345
1820
1498
1098
1100
1439
1101
1808
1157
1103
1105
1397
1189
1674
1802
1803
1110
1111
1109
1298
1548
1109
1318
1539
1749
1796
1379
1381
1819
1820
1294
1543
1558
1118
1793
1119
1706
1120
1173
1287
1123
1828
1441
1836
1266
1157
1350
1742
1812
1773
1302
1134
1776
1302
1291
1765
1601
1795
1207
1769
1402
1141
1290
1763
1576
1738
1246
1467
1470
1550
1379
1600
1781
1196
1726
1508
1772
1774
1774
1197
1275
1479
1540
1554
1406
1601
1303
1276
1297
1210
1164
1682
1204
1471
1334
1334
1340
1811
1388
1170
1658
1337
1644
1646
1503
1695
1316
1441
1186
1506
1311
1423
1727
1733
1390
1627
1809
1453
1581
1313
1840
1297
1311
1699
1197
1764
1790
1510
1717
1583
1729
1341
1728
1193
1194
1192
1411
1223
1383
1385
1203
1676
1205
1674
1725
1350
1431
1238
1620
1779
1203
1219
1353
1585
1325
1675
1728
1215
1216
1533
1559
1405
1765
1702
1838
1352
1354
1555
1213
1315
1269
1474
1739
1765
1767
1226
1734
1327
1512
1588
1767
1307
1322
1656
1745
1442
1676
1229
1562
1615
1468
1715
1757
1622
1626
1564
1566
1618
1396
1590
1618
1621
1595
1799
1425
1571
1578
1349
1424
1469
1500
1727
1433
1535
1523
1458
1761
1412
1634
1569
1389
1568
1508
1515
1431
1346
1384
1502
1519
1768
1428
1429
1476
1344
1664
1521
1408
1378
1499
1332
1835
1696
1655
1746
1415
1417
1443
1754
1815
1818
1276
1586
1722
1830
1294
1604
1341
1411
1348
1570
1386
1316
1670
1790
1405
1814
1412
1692
1429
1391
1700
1539
1749
1300
1314
1572
1776
1308
1335
1709
1491
1842
1453
1714
1779
1635
1602
1479
1481
1314
1704
1329
1694
1340
1382
1796
1667
1551
1323
1446
1471
1831
1585
1565
1420
1704
1572
1334
1400
1668
1760
1784
1833
1812
1458
1460
1359
1388
1343
1421
1623
1581
1635
1822
1527
1661
1698
1589
1393
1350
1351
1359
1513
1351
1497
1353
1555
1535
1608
1788
1493
1419
1545
1419
1650
1709
1436
1409
1428
1370
1381
1450
1375
1793
1608
1786
1679
1390
1391
1701
1507
1552
1514
1681
1381
1539
1797
1400
1810
1392
1486
1394
1392
1523
1527
1513
1724
1462
1735
1505
1393
1527
1594
1487
1648
1781
1803
1665
1579
1666
1669
1619
1405
1593
1407
1532
1412
1644
1414
1416
1654
1554
1419
1420
1714
1425
1424
1506
1510
1464
1469
1430
1560
1430
1434
1556
1553
1718
1678
1725
1622
1447
1473
1451
1573
1451
1452
1485
1485
1468
1457
1459
1458
1616
1465
1465
1463
1827
1470
1520
1496
1581
1780
1511
1511
1837
1484
1529
1488
1646
1724
1753
1523
1718
1498
1591
1719
1782
1534
1550
1589
1626
1818
1839
1520
1594
1631
1697
1733
1771
1570
1789
1740
1537
1716
1640
1760
1679
1736
1720
1533
1635
1651
1821
1822
1754
1816
1603
1656
1546
1587
1651
1821
1607
1577
1654
1603
1807
1565
1758
1737
1659
1839
1575
1579
1578
1672
1677
1584
1831
1833
1824
1624
1839
1814
1810
1596
1799
1802
1598
1798
1602
1605
1738
1610
1612
1786
1785
1788
1719
1843
1712
1621
1780
1683
1770
1630
1671
1769
1813
1763
1764
1671
1783
1639
1783
1761
1643
1758
1759
1756
1756
1752
1653
1658
1745
1842
1662
1665
1664
1664
1743
1744
1668
1743
1811
1812
1742
1810
1728
1725
1721
1716
1842
1712
1687
1769
1687
1688
1730
1766
1688
1739
1729
1691
1694
1697
1700
1701
1770
1817
1707
1710
1719
1747
1751
1724
1736
1723
1734
1785
1787
1732
1754
1814
1766
1774
1742
1746
1768
1757
1757
1769
1776
1779
1780
1829
1792
1793
1804
1797
1817
1817
1841
1809
1816
1838
1830
1829
1827
1830
1834
1837
1841
)


// ************************************************************************* //
