/*--------------------------------*- C++ -*----------------------------------*\
| =========                 |                                                 |
| \\      /  F ield         | OpenFOAM: The Open Source CFD Toolbox           |
|  \\    /   O peration     | Version:  2512                                  |
|   \\  /    A nd           | Website:  www.openfoam.com                      |
|    \\/     M anipulation  |                                                 |
\*---------------------------------------------------------------------------*/
FoamFile
{
    version     2.0;
    format      ascii;
    arch        "LSB;label=32;scalar=64";
    note        "nPoints:639  nCells:1844  nFaces:4191  nInternalFaces:3185";
    class       labelList;
    location    "constant/domain0/polyMesh";
    object      owner;
}
// * * * * * * * * * * * * * * * * * * * * * * * * * * * * * * * * * * * * * //


4191
(
0
0
0
0
1
1
1
1
2
2
2
2
3
3
3
4
4
4
5
5
5
6
6
7
7
7
8
8
8
9
9
9
10
10
10
10
11
11
11
12
12
12
13
13
14
14
15
15
15
15
16
16
17
17
17
17
18
18
18
18
19
19
19
19
20
20
20
21
21
22
22
22
22
23
23
23
24
24
24
25
25
26
26
26
27
27
27
28
28
28
29
29
29
30
30
30
31
31
31
32
32
32
32
33
33
33
34
34
34
35
35
35
36
36
36
36
37
37
37
38
38
39
39
39
39
40
40
41
41
41
41
42
42
42
43
43
44
44
44
46
46
46
47
47
47
48
48
48
49
49
49
50
50
50
50
51
51
51
52
52
52
52
53
53
53
54
54
55
55
55
55
56
56
56
57
57
57
58
58
58
59
59
59
59
60
60
60
60
61
61
62
62
62
63
63
63
63
64
65
65
65
66
66
66
67
67
67
68
68
68
68
69
69
69
70
70
71
71
71
71
72
72
72
73
73
73
73
74
74
75
75
76
77
77
77
78
78
78
78
79
79
80
80
80
81
81
81
82
82
83
84
84
84
85
85
85
85
86
86
86
86
87
87
87
88
88
89
89
89
90
91
91
91
92
92
93
93
94
94
94
95
95
95
95
96
96
96
97
97
97
98
98
99
99
100
100
101
101
101
102
102
103
103
103
104
104
104
104
105
105
105
105
106
106
107
107
108
108
108
108
109
109
109
109
110
110
111
111
111
112
112
112
113
113
113
113
114
114
115
115
115
115
116
116
117
117
117
118
118
118
119
119
119
120
120
120
120
121
121
122
122
123
123
123
123
124
125
126
126
126
127
127
127
127
128
128
128
128
129
129
129
130
130
130
131
131
131
131
132
132
132
132
133
133
134
135
135
135
136
136
137
137
137
137
138
138
138
139
139
139
140
140
141
142
142
142
143
143
143
144
144
144
145
145
145
145
146
146
147
147
147
148
148
149
149
149
150
150
150
150
151
151
152
152
152
153
153
153
154
154
154
154
155
155
155
156
156
157
157
157
157
158
158
158
159
159
159
160
160
160
161
161
161
161
162
162
162
162
163
163
163
164
164
164
165
165
165
166
166
166
166
167
167
167
168
168
169
169
169
169
170
170
171
171
171
171
172
172
173
173
173
173
174
174
174
175
175
175
176
176
176
177
177
178
178
178
179
179
179
179
180
180
180
181
181
181
182
182
182
183
183
183
183
184
184
184
185
185
185
186
186
186
187
187
187
188
188
188
188
189
189
189
190
190
190
191
191
191
191
192
192
192
193
193
193
193
194
194
194
195
195
196
197
197
197
198
198
198
198
199
199
199
200
200
200
201
201
202
202
202
203
203
204
204
204
205
205
205
205
206
206
206
206
207
207
208
208
208
209
209
209
210
210
210
211
211
211
212
212
212
212
213
213
213
214
214
214
214
215
215
215
215
216
216
216
217
217
217
218
218
218
219
219
219
220
220
220
220
221
221
221
222
222
222
223
223
223
224
225
225
225
226
226
227
227
228
228
228
229
229
229
230
230
230
231
231
231
232
232
232
233
233
233
234
234
234
235
235
235
235
236
236
236
236
237
237
237
237
238
238
238
238
239
239
239
239
240
240
241
241
242
242
243
243
243
243
244
244
245
245
245
245
246
246
248
248
248
248
249
249
250
250
251
251
251
251
252
252
253
253
253
254
255
255
255
255
256
256
257
257
258
258
259
259
260
260
260
261
261
262
262
263
263
264
264
264
264
265
265
265
266
266
267
267
267
268
268
268
269
269
269
270
270
271
271
271
271
272
272
272
273
273
274
274
275
275
276
276
276
276
277
277
277
278
278
278
279
279
280
280
280
280
281
281
281
282
282
282
283
283
284
284
285
285
285
285
286
286
287
287
287
288
288
289
290
290
291
291
291
292
292
293
293
293
294
294
294
295
295
295
295
296
296
296
297
297
297
298
298
299
299
300
300
301
301
302
302
302
303
303
303
304
304
304
305
305
306
306
306
307
307
307
308
308
308
309
309
310
310
310
311
311
311
311
312
312
312
313
313
313
313
314
314
314
314
315
315
315
316
316
317
318
318
318
319
319
320
320
321
321
321
322
322
323
323
324
324
325
325
325
325
326
326
326
327
327
328
328
329
329
329
330
330
330
331
331
332
332
332
333
333
334
334
334
335
335
335
336
336
336
336
337
337
337
337
338
338
338
339
339
339
340
340
340
341
341
341
341
342
343
343
344
344
344
344
345
345
346
346
347
347
347
348
348
348
349
349
349
350
350
351
351
351
352
353
354
354
355
355
356
356
356
356
357
357
357
357
358
359
360
360
361
361
361
361
362
362
362
363
364
364
364
365
365
366
366
366
367
367
368
368
369
369
369
370
370
371
371
371
372
372
373
373
374
374
374
375
375
376
376
376
377
377
377
378
378
378
379
379
379
380
380
380
381
381
382
382
382
383
383
384
384
384
384
385
385
385
385
386
386
386
387
388
388
388
389
389
389
390
390
390
390
391
391
391
392
392
393
393
393
394
394
394
394
395
395
395
396
396
396
397
397
397
398
398
398
399
400
400
400
401
401
402
402
402
403
403
404
404
404
405
405
405
405
406
406
406
407
408
408
408
409
409
410
410
410
411
411
412
412
412
413
413
413
414
414
414
415
415
415
416
416
416
417
417
418
418
419
419
419
420
420
420
421
421
421
422
422
422
422
423
423
424
424
424
425
425
426
426
426
427
427
427
427
428
428
429
429
429
430
430
430
431
431
431
432
432
432
432
433
433
433
434
435
435
435
436
437
437
438
438
438
439
439
439
441
441
441
443
443
444
444
445
445
445
446
446
446
447
447
447
448
449
449
449
450
451
452
452
452
452
453
453
453
454
454
456
456
457
457
457
458
458
459
459
459
460
460
460
460
461
461
461
462
462
462
463
463
464
464
465
465
465
466
466
466
466
467
467
468
468
469
469
469
470
470
470
470
471
472
473
473
473
473
474
474
474
475
476
476
476
476
477
477
478
478
479
479
479
480
480
480
481
482
482
483
483
483
485
486
486
486
487
487
488
488
488
489
489
490
490
491
491
492
492
492
493
494
494
494
494
495
496
496
496
497
497
498
498
499
499
500
500
501
501
501
502
502
502
503
503
503
503
504
504
504
504
505
505
506
506
507
507
508
508
509
509
509
510
510
510
511
511
511
511
512
512
512
513
513
514
515
515
515
516
516
516
516
517
517
518
518
519
520
520
521
521
521
522
522
523
523
524
524
525
525
526
526
526
527
527
527
527
528
528
528
529
529
529
529
530
530
530
531
531
531
532
532
533
533
533
533
534
534
535
535
536
536
537
538
538
538
539
539
539
539
540
540
540
541
541
541
542
542
542
543
543
544
544
544
544
545
545
545
546
546
546
547
548
549
549
549
550
551
551
551
551
552
552
553
553
553
554
554
555
555
555
556
557
558
558
559
559
559
560
560
560
560
561
561
561
562
563
563
563
564
564
565
566
566
567
567
567
568
568
569
570
570
570
570
571
571
571
572
572
573
573
574
574
574
574
575
575
575
576
576
576
577
578
578
579
580
580
581
581
581
582
582
582
583
583
584
585
585
586
586
586
587
588
588
588
589
590
590
590
590
591
591
591
592
592
593
593
594
594
595
595
596
596
597
597
597
598
598
599
599
599
600
601
602
602
602
603
603
604
604
604
605
605
606
606
606
607
608
608
608
609
609
609
610
611
611
611
612
612
613
613
614
614
615
615
615
616
616
617
617
617
618
618
619
619
620
620
620
621
621
621
622
622
622
622
623
623
624
624
625
625
626
627
627
627
628
628
628
629
630
630
630
631
631
631
632
633
633
634
634
635
635
635
636
636
637
637
638
639
639
640
640
641
641
641
642
642
643
643
644
645
645
646
646
646
647
647
647
647
648
648
649
649
649
650
651
652
652
652
653
653
653
655
656
656
656
656
657
657
658
658
658
659
660
661
661
663
663
663
664
664
664
664
665
665
666
667
667
667
668
668
668
669
669
669
669
670
670
671
671
672
673
673
674
676
676
677
677
677
677
678
678
678
678
679
680
681
681
682
682
682
683
683
683
684
684
684
685
685
685
686
686
687
687
687
688
688
689
689
689
690
690
690
691
692
693
693
693
694
695
695
696
697
697
698
698
699
699
699
700
700
701
701
701
702
702
702
703
703
704
704
705
705
705
706
706
706
707
707
708
708
708
710
710
711
711
712
712
712
714
714
715
716
716
717
717
717
718
718
718
719
719
720
720
720
720
721
721
722
722
722
723
723
723
724
724
725
725
725
726
726
726
727
728
729
729
729
730
730
730
732
733
733
734
734
734
735
735
736
737
738
738
738
739
739
740
740
741
741
741
742
742
742
743
743
743
744
744
744
745
745
745
745
746
747
748
748
749
749
750
751
751
752
752
752
753
753
753
754
754
755
755
756
757
757
758
759
759
760
760
761
761
762
762
763
763
764
764
764
765
765
766
766
767
767
767
769
770
770
771
772
772
773
773
773
774
774
774
775
776
777
777
777
778
778
779
779
779
780
780
781
783
784
785
785
786
786
787
788
788
789
789
789
790
790
790
791
791
792
792
793
793
793
793
794
794
794
795
795
797
797
797
798
799
799
799
800
800
801
801
802
802
803
803
804
805
805
806
807
808
809
809
810
810
811
811
812
812
813
813
813
814
814
814
815
815
815
816
816
817
818
818
818
819
820
820
820
821
822
824
824
824
825
825
826
826
827
828
829
830
830
830
831
831
831
831
832
833
834
834
835
835
835
836
836
836
837
837
838
838
838
840
840
841
842
842
842
843
843
843
844
845
845
846
846
847
847
848
848
849
850
850
851
851
852
853
853
854
854
854
855
856
856
857
857
858
858
859
859
859
860
860
861
861
861
862
862
863
864
864
864
865
866
866
867
867
867
868
868
869
869
870
871
871
872
872
872
873
874
874
874
875
875
876
877
877
877
878
879
881
882
883
883
883
884
885
885
886
887
887
888
888
889
890
892
892
893
893
894
894
895
895
896
896
897
897
898
898
898
899
901
901
902
902
902
903
904
905
905
905
906
906
907
907
907
907
908
910
911
913
914
914
915
915
916
916
916
917
917
917
918
918
919
919
920
920
920
921
921
922
923
924
925
925
926
926
926
927
927
928
928
928
929
930
930
931
932
933
935
936
937
937
937
938
938
939
939
940
941
942
942
943
944
945
945
945
946
947
949
949
950
952
952
953
954
955
955
956
958
958
959
960
961
961
962
962
962
963
963
964
964
964
965
965
966
967
967
967
969
970
970
971
971
972
972
973
973
974
975
975
976
976
977
978
978
978
979
979
980
980
980
980
981
981
982
982
983
984
984
984
985
985
986
987
989
989
990
990
990
991
991
991
992
992
992
994
994
994
995
995
996
996
997
997
997
998
999
999
1000
1000
1001
1001
1002
1002
1002
1003
1004
1004
1004
1005
1006
1006
1006
1007
1007
1008
1008
1009
1009
1010
1011
1012
1012
1014
1014
1015
1018
1019
1019
1020
1020
1021
1021
1021
1022
1022
1024
1024
1025
1026
1026
1027
1027
1028
1029
1029
1030
1030
1032
1033
1033
1034
1035
1036
1036
1037
1038
1039
1040
1040
1041
1042
1042
1042
1044
1045
1045
1046
1046
1047
1047
1047
1048
1048
1049
1050
1050
1051
1051
1051
1052
1053
1054
1054
1057
1058
1059
1060
1061
1062
1062
1063
1064
1064
1065
1066
1068
1068
1069
1070
1071
1072
1072
1072
1073
1074
1075
1075
1076
1076
1077
1078
1079
1079
1080
1080
1080
1081
1081
1081
1082
1082
1082
1083
1083
1083
1085
1086
1086
1086
1087
1087
1088
1089
1089
1089
1090
1091
1091
1091
1091
1092
1092
1093
1093
1095
1095
1096
1097
1097
1098
1099
1100
1101
1102
1102
1103
1104
1104
1105
1105
1106
1106
1107
1107
1107
1108
1108
1109
1110
1111
1112
1112
1113
1113
1114
1114
1114
1116
1116
1117
1118
1119
1121
1121
1122
1122
1123
1123
1124
1125
1126
1127
1127
1130
1131
1133
1133
1134
1135
1135
1136
1136
1137
1137
1138
1139
1142
1142
1143
1143
1144
1144
1144
1144
1145
1145
1147
1148
1148
1149
1149
1150
1151
1152
1153
1154
1154
1156
1158
1158
1159
1160
1161
1162
1163
1163
1164
1164
1165
1166
1166
1166
1168
1169
1169
1170
1171
1171
1172
1172
1174
1175
1176
1176
1177
1178
1178
1178
1179
1179
1180
1181
1181
1182
1182
1183
1183
1183
1184
1185
1185
1186
1186
1187
1187
1188
1189
1190
1190
1191
1192
1195
1195
1195
1196
1196
1198
1198
1198
1199
1199
1201
1201
1201
1202
1202
1203
1203
1204
1205
1205
1206
1206
1206
1206
1207
1207
1208
1208
1209
1209
1209
1210
1211
1212
1212
1213
1213
1214
1215
1215
1217
1217
1218
1220
1221
1224
1224
1224
1225
1226
1227
1228
1230
1232
1233
1233
1234
1234
1235
1235
1236
1237
1237
1237
1238
1239
1239
1241
1242
1242
1243
1244
1244
1244
1244
1245
1246
1247
1248
1249
1250
1252
1254
1255
1255
1256
1256
1257
1258
1258
1258
1259
1259
1260
1260
1260
1261
1261
1262
1263
1265
1266
1268
1268
1269
1270
1270
1271
1271
1273
1274
1274
1274
1275
1278
1278
1278
1279
1283
1284
1285
1287
1287
1288
1289
1289
1290
1291
1291
1292
1293
1296
1297
1297
1298
1298
1299
1299
1301
1302
1304
1304
1304
1305
1305
1306
1307
1307
1309
1310
1312
1312
1313
1313
1314
1315
1317
1318
1318
1319
1320
1321
1321
1325
1325
1326
1327
1328
1329
1330
1331
1331
1331
1332
1332
1333
1334
1336
1336
1339
1339
1340
1341
1341
1342
1342
1342
1343
1344
1344
1345
1346
1347
1347
1348
1348
1349
1351
1352
1353
1355
1356
1356
1357
1358
1360
1361
1362
1362
1365
1366
1366
1367
1367
1368
1369
1369
1371
1371
1373
1374
1374
1374
1375
1375
1376
1378
1380
1382
1382
1383
1383
1384
1384
1385
1386
1386
1386
1388
1388
1389
1389
1390
1392
1393
1394
1395
1395
1396
1397
1398
1399
1400
1400
1401
1404
1404
1406
1407
1410
1410
1413
1413
1413
1417
1418
1419
1421
1422
1423
1423
1423
1424
1425
1426
1426
1427
1432
1432
1433
1436
1440
1440
1443
1445
1446
1448
1449
1450
1450
1452
1454
1455
1456
1456
1457
1457
1458
1460
1461
1466
1468
1469
1470
1472
1475
1480
1481
1482
1483
1484
1486
1489
1489
1489
1490
1490
1491
1491
1493
1494
1495
1496
1496
1497
1498
1499
1500
1502
1503
1503
1506
1508
1513
1514
1515
1516
1516
1517
1517
1518
1518
1522
1524
1525
1525
1525
1525
1526
1526
1529
1534
1544
1546
1550
1550
1551
1555
1560
1561
1563
1564
1566
1567
1571
1573
1574
1574
1575
1580
1580
1582
1583
1584
1586
1588
1591
1593
1594
1595
1596
1596
1597
1598
1600
1604
1605
1608
1610
1611
1612
1612
1614
1617
1619
1620
1620
1623
1627
1628
1629
1630
1630
1632
1633
1635
1637
1638
1638
1640
1642
1643
1643
1645
1647
1649
1652
1655
1658
1659
1660
1660
1661
1662
1663
1665
1666
1666
1667
1667
1668
1669
1674
1675
1676
1679
1680
1683
1684
1684
1685
1685
1685
1685
1686
1687
1688
1690
1692
1695
1699
1700
1701
1704
1705
1708
1713
1713
1713
1715
1716
1719
1721
1722
1722
1729
1731
1731
1739
1740
1741
1745
1749
1752
1753
1765
1775
1777
1777
1784
1791
1792
1794
1796
1805
1806
1806
1808
1814
1817
1824
1825
1826
1826
1831
1836
1838
1039
1125
1057
592
1157
719
756
806
993
727
1728
1205
386
396
1229
443
6
808
1326
195
768
464
500
226
383
985
6
195
211
226
382
383
436
443
464
471
490
592
706
719
727
756
768
784
806
808
846
871
871
900
985
1039
1046
1048
1054
1056
1057
1067
1104
1189
1227
1338
1835
3
4
7
8
1723
110
13
16
23
25
26
156
27
920
969
28
1422
29
30
31
1320
579
33
38
40
1742
45
47
49
316
1228
1421
1437
757
1333
53
54
1243
1538
56
1812
583
252
619
765
863
400
1012
57
100
225
58
61
64
70
75
366
79
80
411
82
83
84
87
90
93
1568
96
97
98
103
107
1368
116
117
118
124
125
126
134
139
140
141
1634
142
143
144
146
1263
147
428
1819
1241
1802
1076
184
148
149
1574
151
440
1296
1090
258
655
152
715
296
153
759
186
180
1677
155
158
159
1628
160
1773
1001
240
1599
649
163
609
666
164
165
1466
1592
167
168
1551
1612
1075
170
580
434
1459
1364
478
172
489
1225
174
175
177
178
1841
1360
182
537
839
1496
254
1682
185
1031
1372
187
189
190
192
194
965
1030
196
197
812
1028
199
1830
1752
1292
663
200
1452
1562
1074
202
1657
203
204
207
487
1281
208
929
766
1597
711
210
1152
472
247
762
1237
1106
1788
213
975
1137
216
1366
217
222
223
224
227
228
229
231
232
233
234
298
1344
761
1826
281
600
1180
646
1315
1463
1740
1751
407
244
1594
1293
322
852
262
266
480
1025
269
274
275
277
1556
1843
282
284
286
288
289
291
292
293
303
305
308
317
319
323
326
820
653
328
329
750
332
334
340
342
343
345
347
348
350
352
353
355
359
362
363
365
367
368
370
599
864
372
521
374
728
1636
1040
827
711
1761
596
698
375
518
1823
1396
377
379
380
1231
381
406
496
1522
921
1382
899
974
387
388
1127
1435
1234
389
1393
1346
1679
1570
1473
1650
845
392
393
1504
1252
643
397
398
1399
1420
399
1170
1485
1011
401
401
403
404
629
1211
1139
1540
409
585
1245
770
410
412
680
1617
1008
1803
415
416
419
420
421
1537
1307
1815
648
639
1163
584
1684
469
1087
1480
425
1797
1359
1595
797
1356
650
429
1784
1542
594
430
431
433
1092
1027
437
1626
697
441
948
1582
732
444
447
450
455
1117
1105
456
634
457
458
1222
704
463
1060
484
722
467
1179
468
833
1251
1258
1488
492
758
1651
739
802
474
481
481
482
483
485
713
777
1130
1323
1493
1748
1128
930
1175
493
1324
495
1746
497
1256
1387
1068
632
498
499
534
1564
1330
587
501
502
1606
506
804
508
809
662
825
510
514
515
1376
517
519
523
526
528
534
535
541
1717
543
618
1020
990
547
615
740
712
554
1454
555
557
558
805
1527
562
565
567
568
572
573
914
1146
832
575
577
578
586
588
589
589
1660
773
1565
593
1207
882
709
804
1299
601
1369
1502
1482
1453
1342
1138
988
987
606
607
610
616
617
620
623
1590
1494
626
1545
628
877
1629
1300
631
636
637
875
651
748
652
654
658
660
670
673
675
676
679
681
682
1693
683
684
1762
686
691
692
1117
694
1070
1250
798
1403
699
700
703
1805
1122
760
844
707
708
710
714
716
718
1539
1588
935
1686
729
730
1649
949
960
731
733
733
908
999
1662
1613
736
1541
1571
1096
1221
1475
744
1809
1328
747
749
751
1288
753
905
1558
1230
1507
1407
1409
884
1164
972
1204
1214
1345
1335
755
1699
1264
783
868
1441
1271
760
1579
763
1456
1572
772
776
778
779
780
781
782
1553
1514
1624
1242
1495
1406
1254
1436
785
1703
1336
786
787
1038
1417
1077
1036
1053
788
1132
790
984
1136
792
1631
796
798
1793
807
1327
810
813
1772
818
879
822
823
824
976
1472
826
837
838
840
841
843
1645
1188
995
847
848
959
1186
857
859
861
862
865
1807
1818
872
873
876
878
885
888
890
891
1006
1129
1806
931
1449
897
1131
1265
899
1605
963
1310
1778
1581
1270
904
904
1516
909
910
911
1546
1737
1080
1303
1156
916
922
923
925
927
933
939
940
944
946
953
1627
954
957
961
1661
1343
1257
1277
1273
982
992
996
1000
1671
1003
1005
1009
1443
1016
1017
1018
1019
1267
1707
1462
1486
1607
1305
1022
1026
1183
1601
1302
1121
1620
1779
1031
1032
1563
1767
1589
1240
1055
1668
1666
1064
1066
1832
1069
1071
1604
1089
1094
1741
1347
1100
1118
1509
1727
1121
1124
1126
1134
1140
1147
1155
1827
1405
1223
1332
1161
1162
1652
1165
1167
1505
1770
1837
1427
1172
1173
1174
1177
1178
1768
1283
1477
1455
1518
1190
1266
1195
1201
1339
1730
1474
1756
1232
1233
1317
1247
1248
1249
1259
1510
1557
1633
1721
1511
1291
1698
1524
1370
1782
1569
1615
1763
1828
1301
1280
1282
1402
1526
1286
1308
1840
1711
1314
1322
1329
1337
1795
1348
1354
1355
1383
1689
1408
1822
1365
1743
1718
1444
1378
1655
1385
1445
1394
1702
1442
1397
1418
1421
1439
1611
1786
1460
1468
1487
1792
1706
1497
1498
1500
1501
1504
1512
1515
1520
1530
1532
1534
1536
1546
1549
1695
1560
1580
1623
1625
1642
1647
1654
1659
1824
1672
1813
1789
1816
1785
1808
1757
1732
1810
1758
)


// ************************************************************************* //
