/*--------------------------------*- C++ -*----------------------------------*\
| =========                 |                                                 |
| \\      /  F ield         | OpenFOAM: The Open Source CFD Toolbox           |
|  \\    /   O peration     | Version:  2512                                  |
|   \\  /    A nd           | Website:  www.openfoam.com                      |
|    \\/     M anipulation  |                                                 |
\*---------------------------------------------------------------------------*/
FoamFile
{
    version     2.0;
    format      ascii;
    arch        "LSB;label=32;scalar=64";
    class       vectorField;
    location    "constant/domain0/polyMesh";
    object      points;
}
// * * * * * * * * * * * * * * * * * * * * * * * * * * * * * * * * * * * * * //


639
(
(495 -15 -33.4808)
(5 -15 -33.4808)
(8.32667e-16 -15 -33.4808)
(500 -15 -33.4808)
(5 -10.1938 -31.7384)
(5 -7.60185 -27.2126)
(5 -8.53115 -22.1855)
(5 -12.5253 -18.9008)
(5 -17.6372 -18.9597)
(5 -21.5238 -22.2808)
(5 -22.3793 -27.3209)
(5 -19.8062 -31.7384)
(12.0598 -15 -33.4808)
(19.6095 -15 -33.4808)
(27.1593 -15 -33.4808)
(34.7091 -15 -33.4808)
(42.2588 -15 -33.4808)
(49.8086 -15 -33.4808)
(57.3584 -15 -33.4808)
(64.9082 -15 -33.4808)
(72.4579 -15 -33.4808)
(80.0077 -15 -33.4808)
(87.5575 -15 -33.4808)
(95.1072 -15 -33.4808)
(102.657 -15 -33.4808)
(110.207 -15 -33.4808)
(117.757 -15 -33.4808)
(125.306 -15 -33.4808)
(132.856 -15 -33.4808)
(140.406 -15 -33.4808)
(147.956 -15 -33.4808)
(155.505 -15 -33.4808)
(163.055 -15 -33.4808)
(170.605 -15 -33.4808)
(178.155 -15 -33.4808)
(185.704 -15 -33.4808)
(193.254 -15 -33.4808)
(200.804 -15 -33.4808)
(208.354 -15 -33.4808)
(215.904 -15 -33.4808)
(223.453 -15 -33.4808)
(231.003 -15 -33.4808)
(238.553 -15 -33.4808)
(246.103 -15 -33.4808)
(253.652 -15 -33.4808)
(261.202 -15 -33.4808)
(268.752 -15 -33.4808)
(276.302 -15 -33.4808)
(283.851 -15 -33.4808)
(291.401 -15 -33.4808)
(298.951 -15 -33.4808)
(306.501 -15 -33.4808)
(314.051 -15 -33.4808)
(321.6 -15 -33.4808)
(329.15 -15 -33.4808)
(336.7 -15 -33.4808)
(344.25 -15 -33.4808)
(351.799 -15 -33.4808)
(359.349 -15 -33.4808)
(366.899 -15 -33.4808)
(374.449 -15 -33.4808)
(381.998 -15 -33.4808)
(389.548 -15 -33.4808)
(397.098 -15 -33.4808)
(404.648 -15 -33.4808)
(412.198 -15 -33.4808)
(419.747 -15 -33.4808)
(427.297 -15 -33.4808)
(434.847 -15 -33.4808)
(442.397 -15 -33.4808)
(449.946 -15 -33.4808)
(457.496 -15 -33.4808)
(465.046 -15 -33.4808)
(472.596 -15 -33.4808)
(480.145 -15 -33.4808)
(487.695 -15 -33.4808)
(495 -10.1938 -31.7384)
(495 -7.60185 -27.2126)
(495 -8.53115 -22.1855)
(495 -12.5253 -18.9008)
(495 -17.6372 -18.9597)
(495 -21.5238 -22.2808)
(495 -22.3793 -27.3209)
(495 -19.8062 -31.7384)
(6.39228e-16 -10.1938 -31.7384)
(1.36761e-16 -7.60185 -27.2126)
(-4.21358e-16 -8.53115 -22.1855)
(-7.86032e-16 -12.5253 -18.9008)
(-7.79494e-16 -17.6372 -18.9597)
(-4.10784e-16 -21.5238 -22.2808)
(1.48787e-16 -22.3793 -27.3209)
(6.39228e-16 -19.8062 -31.7384)
(500 -10.1933 -31.738)
(500 -7.60264 -27.2173)
(500 -8.52907 -22.189)
(500 -12.522 -18.9019)
(500 -17.6346 -18.9587)
(500 -21.5228 -22.279)
(500 -22.3795 -27.3196)
(500 -19.8067 -31.738)
(11.042 -8.87417 -30.3079)
(11.2009 -7.58116 -24.8804)
(11.2198 -10.2108 -20.209)
(11.1112 -15.2029 -18.4835)
(10.8265 -19.983 -20.3754)
(10.1645 -22.3897 -24.6993)
(9.10473 -21.7604 -29.2284)
(10.6301 -19.0531 -32.2912)
(16.2379 -10.9354 -32.2839)
(30.3963 -9.27813 -30.8295)
(45.6278 -9.02399 -30.5126)
(60.8602 -8.97418 -30.4461)
(76.0149 -8.96349 -30.4317)
(91.1115 -8.9683 -30.4382)
(106.216 -8.95894 -30.4255)
(121.31 -8.95352 -30.4181)
(136.411 -8.95282 -30.4172)
(151.5 -8.96397 -30.4323)
(166.609 -8.97135 -30.4423)
(181.698 -8.99064 -30.4683)
(196.806 -8.9826 -30.4575)
(211.916 -8.96357 -30.4318)
(227.001 -8.96453 -30.4331)
(242.108 -8.9622 -30.4299)
(257.207 -8.97225 -30.4435)
(272.306 -8.99905 -30.4795)
(287.411 -9.01836 -30.5051)
(302.505 -9.0279 -30.5177)
(317.605 -9.02894 -30.5191)
(332.706 -9.02833 -30.5183)
(347.811 -9.02797 -30.5178)
(362.905 -9.0292 -30.5194)
(378.006 -9.0256 -30.5147)
(393.111 -9.01367 -30.4989)
(408.213 -8.98987 -30.4672)
(423.314 -8.97675 -30.4496)
(438.416 -8.96967 -30.44)
(453.521 -8.94627 -30.4082)
(468.483 -8.9231 -30.3764)
(482.678 -9.1799 -30.7111)
(489.162 -8.66615 -29.9973)
(490.619 -7.57644 -24.9127)
(489.473 -9.77989 -20.5956)
(489.047 -14.6245 -18.4902)
(489.274 -19.7071 -20.1418)
(489.948 -22.3601 -24.539)
(490.953 -21.7825 -29.1821)
(489.358 -19.0681 -32.2816)
(17.1095 -19.4585 -32.0116)
(24.1005 -20.0021 -31.5691)
(31.4567 -20.4697 -31.1122)
(39.0223 -20.7067 -30.8473)
(46.7038 -20.7342 -30.8149)
(54.3711 -20.7153 -30.8372)
(61.9947 -20.694 -30.8622)
(69.5809 -20.6798 -30.8787)
(77.144 -20.6745 -30.8849)
(84.6953 -20.6754 -30.8837)
(92.2444 -20.6745 -30.8849)
(99.7943 -20.6701 -30.8899)
(107.343 -20.6677 -30.8927)
(114.889 -20.6681 -30.8922)
(122.438 -20.6669 -30.8936)
(129.991 -20.664 -30.897)
(137.542 -20.6651 -30.8957)
(145.091 -20.6708 -30.8891)
(152.642 -20.6747 -30.8847)
(160.196 -20.6753 -30.8839)
(167.749 -20.6789 -30.8798)
(175.297 -20.6865 -30.8709)
(182.844 -20.6903 -30.8665)
(190.393 -20.6883 -30.8688)
(197.941 -20.6834 -30.8745)
(205.489 -20.6766 -30.8824)
(213.038 -20.6723 -30.8874)
(220.585 -20.6738 -30.8857)
(228.134 -20.6749 -30.8844)
(235.688 -20.6736 -30.8859)
(243.243 -20.6726 -30.887)
(250.797 -20.6758 -30.8833)
(258.349 -20.6837 -30.8742)
(265.903 -20.6922 -30.8643)
(273.456 -20.7019 -30.8529)
(281.01 -20.709 -30.8446)
(288.561 -20.7146 -30.8381)
(296.111 -20.718 -30.8341)
(303.66 -20.7194 -30.8324)
(311.209 -20.7197 -30.832)
(318.759 -20.7197 -30.832)
(326.309 -20.7199 -30.8318)
(333.859 -20.7202 -30.8315)
(341.409 -20.7205 -30.8312)
(348.958 -20.7204 -30.8312)
(356.508 -20.7201 -30.8316)
(364.057 -20.7194 -30.8324)
(371.605 -20.7183 -30.8337)
(379.153 -20.7162 -30.8361)
(386.701 -20.7123 -30.8407)
(394.247 -20.706 -30.8482)
(401.794 -20.6979 -30.8577)
(409.341 -20.6902 -30.8666)
(416.889 -20.6856 -30.8719)
(424.436 -20.6828 -30.8752)
(431.983 -20.6783 -30.8804)
(439.524 -20.6734 -30.8861)
(447.05 -20.6619 -30.8994)
(454.546 -20.6309 -30.9349)
(461.971 -20.5578 -31.0168)
(469.247 -20.3767 -31.2097)
(476.288 -20.0168 -31.5558)
(483.02 -19.512 -31.9718)
(37.9854 -9.10834 -30.6217)
(23.3558 -9.85503 -31.4378)
(53.258 -8.9885 -30.4654)
(68.4518 -8.96274 -30.4307)
(83.5677 -8.96734 -30.4369)
(98.6676 -8.96173 -30.4293)
(113.77 -8.95199 -30.416)
(128.863 -8.94945 -30.4126)
(143.959 -8.95683 -30.4226)
(159.059 -8.96413 -30.4325)
(174.157 -8.98165 -30.4562)
(189.264 -8.98447 -30.46)
(204.363 -8.9721 -30.4433)
(219.466 -8.95982 -30.4267)
(234.559 -8.96029 -30.4273)
(249.655 -8.96565 -30.4346)
(264.752 -8.98722 -30.4637)
(279.847 -9.01413 -30.4995)
(294.96 -9.02301 -30.5113)
(310.066 -9.02519 -30.5142)
(325.163 -9.02624 -30.5155)
(340.268 -9.0264 -30.5157)
(355.369 -9.02683 -30.5163)
(370.466 -9.02439 -30.5131)
(385.568 -9.01807 -30.5048)
(400.674 -8.99704 -30.4768)
(415.768 -8.98083 -30.4551)
(430.857 -8.97589 -30.4484)
(445.963 -8.96382 -30.4321)
(461.028 -8.93074 -30.3869)
(475.715 -9.03249 -30.5238)
(64.3986 -7.82776 -23.7878)
(33.4726 -7.65681 -24.4551)
(56.7751 -7.81517 -23.8294)
(17.3749 -7.66417 -27.5414)
(79.5498 -7.83085 -23.7777)
(25.0564 -7.54211 -25.1871)
(94.6631 -7.83255 -23.7722)
(72.0094 -7.8364 -23.7598)
(109.737 -7.83696 -23.758)
(87.0829 -7.82294 -23.8036)
(124.844 -7.84496 -23.7323)
(102.205 -7.83775 -23.7554)
(139.937 -7.8405 -23.7466)
(117.306 -7.84495 -23.7324)
(155.036 -7.832 -23.774)
(132.408 -7.84825 -23.7219)
(170.142 -7.82161 -23.808)
(147.472 -7.83438 -23.7663)
(185.228 -7.80517 -23.8631)
(200.335 -7.81798 -23.8201)
(49.0258 -7.78854 -23.9205)
(215.459 -7.83647 -23.7595)
(253.212 -7.83245 -23.7725)
(230.522 -7.83269 -23.7718)
(192.801 -7.81396 -23.8335)
(245.648 -7.83346 -23.7693)
(268.269 -7.80175 -23.8748)
(283.373 -7.78133 -23.9459)
(298.506 -7.77628 -23.9639)
(313.605 -7.77523 -23.9676)
(328.693 -7.77391 -23.9724)
(343.804 -7.77343 -23.9741)
(358.899 -7.77366 -23.9733)
(374.005 -7.77645 -23.9632)
(389.109 -7.78316 -23.9394)
(404.224 -7.80752 -23.8552)
(419.297 -7.81515 -23.8295)
(434.391 -7.82328 -23.8025)
(449.526 -7.83859 -23.7527)
(464.576 -7.88524 -23.6079)
(478.958 -7.73502 -24.118)
(207.902 -7.82903 -23.7837)
(162.608 -7.8313 -23.7763)
(177.665 -7.8075 -23.8552)
(485.252 -7.5889 -24.8294)
(485.893 -22.1306 -28.3055)
(20.6057 -22.3733 -27.3537)
(27.7772 -22.4997 -25.9173)
(35.433 -22.4123 -24.8372)
(43.4274 -22.392 -24.7125)
(51.2899 -22.4001 -24.7605)
(59.0176 -22.4099 -24.8215)
(66.652 -22.4166 -24.8652)
(74.2331 -22.4199 -24.8874)
(81.7821 -22.4188 -24.8798)
(89.3295 -22.4183 -24.8765)
(96.8852 -22.4206 -24.8926)
(104.434 -22.4224 -24.9045)
(111.972 -22.4218 -24.9008)
(119.517 -22.4218 -24.9008)
(127.076 -22.4239 -24.9152)
(134.63 -22.4245 -24.919)
(142.172 -22.4217 -24.8995)
(149.72 -22.4191 -24.8821)
(157.283 -22.4194 -24.8841)
(164.844 -22.419 -24.8813)
(172.386 -22.4146 -24.852)
(179.93 -22.4116 -24.8324)
(187.483 -22.4122 -24.8365)
(195.033 -22.4139 -24.8474)
(202.58 -22.4171 -24.8688)
(210.129 -22.4206 -24.8921)
(217.666 -22.4198 -24.8867)
(225.21 -22.4188 -24.8802)
(232.768 -22.4195 -24.8848)
(240.329 -22.4205 -24.8916)
(247.889 -22.4204 -24.8906)
(255.438 -22.4164 -24.8642)
(262.995 -22.4133 -24.8436)
(270.548 -22.4079 -24.8088)
(278.11 -22.4043 -24.7867)
(285.666 -22.4011 -24.7665)
(293.218 -22.3989 -24.7532)
(300.767 -22.3979 -24.7475)
(308.316 -22.3977 -24.7463)
(315.866 -22.3978 -24.7466)
(323.416 -22.3977 -24.7465)
(330.966 -22.3976 -24.7454)
(338.516 -22.3974 -24.7442)
(346.066 -22.3973 -24.7437)
(353.615 -22.3974 -24.7445)
(361.164 -22.3977 -24.7462)
(368.712 -22.3981 -24.7486)
(376.26 -22.3988 -24.7527)
(383.807 -22.4002 -24.7613)
(391.352 -22.4029 -24.7777)
(398.897 -22.4069 -24.8024)
(406.442 -22.4111 -24.8292)
(413.986 -22.4138 -24.8472)
(421.527 -22.4145 -24.8517)
(429.079 -22.4168 -24.8667)
(436.622 -22.4182 -24.8763)
(444.148 -22.42 -24.8881)
(451.659 -22.4277 -24.9418)
(459.107 -22.4427 -25.0551)
(466.418 -22.4712 -25.3239)
(473.428 -22.4999 -26.0217)
(222.987 -7.83473 -23.7652)
(17.2429 -12.8442 -18.7973)
(17.1283 -18.2816 -19.2368)
(16.1794 -21.9647 -23.1983)
(14.3206 -22.0782 -28.4604)
(17.4446 -8.46163 -22.3066)
(483.355 -10.96 -19.6619)
(484.204 -21.7793 -22.7728)
(238.085 -7.83336 -23.7696)
(41.2682 -7.75186 -24.0535)
(260.744 -7.82027 -23.8125)
(275.837 -7.79205 -23.9082)
(290.942 -7.77791 -23.9581)
(306.037 -7.77306 -23.9754)
(321.133 -7.77275 -23.9766)
(336.248 -7.77339 -23.9742)
(351.365 -7.77418 -23.9714)
(366.435 -7.77292 -23.9759)
(381.538 -7.77632 -23.9637)
(396.646 -7.7894 -23.9175)
(411.749 -7.81313 -23.8363)
(426.862 -7.82321 -23.8028)
(441.948 -7.82454 -23.7984)
(457.065 -7.85767 -23.6923)
(472.002 -7.91241 -23.528)
(479.983 -22.4082 -27.1509)
(483.1 -17.2026 -18.8115)
(52.4982 -12.292 -18.9867)
(29.2059 -11.2024 -19.5133)
(44.6064 -12.1949 -19.0251)
(271.715 -12.2839 -18.9898)
(113.191 -12.4917 -18.9127)
(90.5274 -12.3949 -18.9477)
(83.0105 -12.4537 -18.9262)
(181.104 -12.3192 -18.9762)
(150.946 -12.4815 -18.9163)
(173.604 -12.4064 -18.9435)
(143.38 -12.4864 -18.9145)
(36.7019 -12.0595 -19.0812)
(249.134 -12.4841 -18.9154)
(286.842 -12.2205 -19.0148)
(264.211 -12.3984 -18.9464)
(279.283 -12.2512 -19.0026)
(415.22 -12.408 -18.9429)
(301.953 -12.1996 -19.0232)
(317.051 -12.1991 -19.0234)
(332.152 -12.196 -19.0246)
(347.258 -12.1927 -19.026)
(362.351 -12.1969 -19.0243)
(377.45 -12.2068 -19.0203)
(392.552 -12.2438 -19.0056)
(407.702 -12.4052 -18.9439)
(476.281 -13.3707 -18.6599)
(233.995 -12.4848 -18.9151)
(437.865 -12.4403 -18.9311)
(452.996 -12.5357 -18.8972)
(23.7078 -15.8505 -18.5291)
(30.991 -18.8118 -19.5216)
(39.8945 -18.7111 -19.4633)
(48.0474 -18.7833 -19.5049)
(55.8924 -18.8553 -19.5475)
(63.5739 -18.9033 -19.5765)
(71.1964 -18.9484 -19.6042)
(78.7252 -18.9287 -19.5921)
(86.2511 -18.9095 -19.5803)
(93.8327 -18.9386 -19.5982)
(101.401 -18.9638 -19.6138)
(108.914 -18.9519 -19.6064)
(116.433 -18.9389 -19.5984)
(124.014 -18.9686 -19.6168)
(131.593 -18.9907 -19.6306)
(139.109 -18.9593 -19.611)
(146.63 -18.9245 -19.5895)
(154.216 -18.9297 -19.5927)
(161.813 -18.956 -19.609)
(169.331 -18.9039 -19.5769)
(176.849 -18.8626 -19.5519)
(184.427 -18.8717 -19.5574)
(191.981 -18.8814 -19.5632)
(199.528 -18.8943 -19.571)
(207.104 -18.9547 -19.6082)
(214.614 -18.9386 -19.5982)
(222.126 -18.9204 -19.587)
(229.694 -18.9322 -19.5942)
(237.266 -18.9369 -19.5971)
(244.854 -18.9663 -19.6154)
(252.365 -18.9135 -19.5828)
(259.949 -18.9067 -19.5786)
(267.466 -18.8464 -19.5422)
(275.05 -18.827 -19.5306)
(282.617 -18.7979 -19.5135)
(290.174 -18.7763 -19.5008)
(297.726 -18.7665 -19.4951)
(305.275 -18.7642 -19.4938)
(312.824 -18.7647 -19.4941)
(320.374 -18.7654 -19.4945)
(327.924 -18.7642 -19.4938)
(335.475 -18.7624 -19.4927)
(343.026 -18.7605 -19.4916)
(350.576 -18.7607 -19.4917)
(358.124 -18.763 -19.4931)
(365.672 -18.7654 -19.4945)
(373.221 -18.7687 -19.4964)
(380.769 -18.7754 -19.5003)
(388.315 -18.7904 -19.5091)
(395.861 -18.8192 -19.526)
(403.406 -18.8567 -19.5484)
(410.958 -18.8902 -19.5685)
(418.459 -18.8788 -19.5617)
(426.032 -18.9096 -19.5804)
(433.596 -18.9245 -19.5895)
(441.096 -18.908 -19.5794)
(448.657 -18.9587 -19.6106)
(456.19 -19.0377 -19.6604)
(463.618 -19.1684 -19.7458)
(471.05 -19.5866 -20.0467)
(226.428 -12.4743 -18.9188)
(468.129 -12.8189 -18.8049)
(22.9577 -21.0748 -21.5822)
(256.68 -12.4583 -18.9246)
(241.548 -12.4542 -18.9261)
(218.903 -12.4836 -18.9155)
(196.258 -12.4068 -18.9433)
(430.337 -12.4553 -18.9257)
(22.7216 -10.3813 -20.0716)
(166.086 -12.4651 -18.9221)
(135.864 -12.5275 -18.9)
(105.67 -12.5056 -18.9077)
(75.4799 -12.4855 -18.9148)
(460.532 -12.6275 -18.8659)
(158.502 -12.4444 -18.9296)
(60.2793 -12.4229 -18.9374)
(324.599 -12.1968 -19.0243)
(309.502 -12.1965 -19.0244)
(67.9316 -12.4912 -18.9128)
(294.401 -12.2051 -19.021)
(98.1388 -12.4985 -18.9102)
(120.763 -12.5224 -18.9018)
(128.338 -12.5503 -18.8921)
(477.938 -20.6923 -21.0974)
(339.705 -12.1938 -19.0255)
(354.807 -12.1952 -19.025)
(369.9 -12.1991 -19.0234)
(384.999 -12.2169 -19.0163)
(400.111 -12.2894 -18.9877)
(422.732 -12.362 -18.96)
(445.381 -12.4029 -18.9448)
(188.676 -12.3315 -18.9715)
(203.803 -12.4174 -18.9394)
(211.38 -12.4889 -18.9136)
(3.31617e-16 -14.1259 -28.9677)
(-2.48414e-16 -13.3419 -23.7432)
(-3.28722e-17 -18.1483 -25.6847)
(500 -14.1261 -28.9679)
(500 -13.3407 -23.7441)
(500 -18.1479 -25.684)
(1.53394 -10.188 -28.3312)
(237.47 -15.3463 -25.1758)
(492.607 -14.7593 -31.2021)
(346.025 -14.9977 -23.5837)
(360.976 -13.0935 -23.8977)
(484.547 -15.8735 -24.4241)
(355.944 -14.8146 -26.9805)
(442.211 -15.3927 -26.6918)
(386.172 -13.0614 -27.4593)
(119.221 -14.8751 -26.0669)
(479.006 -13.0245 -24.3026)
(105.845 -14.1365 -27.5255)
(276.724 -14.8675 -28.0709)
(85.9839 -15.2324 -25.6515)
(295.157 -14.9107 -25.3174)
(163.453 -17.8278 -23.8012)
(366.599 -12.8964 -25.2446)
(166.22 -13.0157 -24.0285)
(288.897 -16.873 -23.136)
(20.9192 -17.4411 -28.0291)
(220.297 -15.4397 -25.2783)
(312.424 -15.1728 -25.4113)
(93.9244 -14.7091 -26.1107)
(137.811 -17.7712 -25.0016)
(198.347 -17.8299 -25.8395)
(450.05 -14.4374 -26.3837)
(460.502 -17.3187 -27.105)
(135.165 -13.8778 -27.4139)
(169.133 -16.1272 -27.2504)
(76.3344 -14.8891 -25.8965)
(257.8 -15.1572 -26.9336)
(301.124 -16.4024 -28.6649)
(29.87 -13.4994 -27.7995)
(330.278 -13.5506 -27.3316)
(391.283 -16.4809 -28.6748)
(373.568 -12.8184 -25.449)
(466.182 -14.8411 -26.0865)
(51.3656 -14.7867 -26.0676)
(142.046 -14.5286 -25.9599)
(429.057 -13.5895 -27.5521)
(193.189 -12.4167 -26.9739)
(397.771 -15.4578 -26.109)
(404.487 -13.0486 -25.2906)
(338.843 -16.0579 -22.2674)
(111.829 -14.6902 -26.1253)
(15.1552 -12.8953 -28.0513)
(186.082 -16.9204 -22.6198)
(149.785 -14.9522 -25.1506)
(478.53 -16.3991 -28.102)
(245.147 -14.5555 -25.9806)
(33.9362 -16.8749 -24.6841)
(409.126 -16.3826 -24.7837)
(14.3931 -18.3073 -21.674)
(155.112 -13.6409 -28.1528)
(324.461 -14.8634 -26.6674)
(265.362 -14.7785 -27.2618)
(435.283 -14.395 -25.3733)
(65.8038 -13.2772 -26.3785)
(420.826 -14.1906 -26.2174)
(1.82187 -16.3479 -30.9933)
(214.914 -17.8263 -26.0523)
(57.8605 -15.6917 -25.267)
(44.967 -15.3509 -26.825)
(129.087 -14.6005 -25.2782)
(6.63659 -20.9867 -23.8324)
(11.9504 -18.822 -23.8386)
(40.7115 -16.4096 -23.7332)
(208.599 -16.2939 -25.0356)
(212.46 -12.9456 -27.5093)
(415.735 -17.1846 -23.762)
(63.8623 -17.3347 -23.7719)
(268.798 -13.0601 -23.6101)
(318.495 -15.0771 -25.3244)
(15.488 -16.1857 -24.0799)
(182.263 -15.7795 -27.5001)
(341.489 -14.3836 -26.8658)
(425.63 -16.8113 -24.1634)
(380.321 -15.9256 -25.5566)
(391.061 -14.2558 -23.9191)
(454.703 -17.5885 -25.0907)
(351.461 -15.9051 -24.0124)
(306.534 -15.6376 -27.0105)
(283.123 -15.3882 -21.2572)
(277.353 -15.6832 -22.1468)
(229.873 -15.5925 -25.5555)
(431.198 -17.603 -24.0002)
(100.481 -16.7127 -23.5107)
(202.972 -14.8778 -24.6624)
(334.106 -16.9518 -23.9026)
(25.4514 -13.4124 -25.3796)
(252.026 -16.0229 -24.3077)
(124.332 -13.8846 -22.9795)
(106.31 -17.916 -24.6181)
(155.56 -18.5542 -24.0772)
(301.705 -14.1384 -23.6909)
(261.849 -15.3037 -22.8678)
(133.122 -17.9938 -24.6517)
(369.739 -17.0616 -26.8394)
(160.815 -10.6006 -26.708)
(362.826 -16.9617 -27.0448)
(485.231 -16.6097 -30.5314)
(472.753 -15.7054 -25.9154)
(400.491 -10.9116 -24.7859)
(66.8874 -18.3518 -28.0436)
(494.396 -12.9047 -22.3198)
(37.8404 -13.0376 -27.6177)
(458.262 -13.0571 -24.7479)
(9.11316 -14.2499 -26.3048)
(403.838 -18.1615 -26.5806)
(124.513 -17.7623 -26.6853)
(386.42 -17.4805 -24.4366)
(343.056 -18.837 -25.1617)
(486.494 -11.7072 -21.9378)
(224.962 -12.6967 -27.6663)
(290.466 -12.2041 -26.7541)
(72.1214 -18.2274 -27.1315)
(272.621 -15.0057 -21.1825)
(27.7093 -17.9895 -24.629)
(491.739 -19.8803 -22.117)
(17.5229 -19.8797 -25.7761)
(12.7269 -17.8498 -29.3564)
(436.773 -18.1354 -28.5797)
(20.4456 -13.2976 -24.6514)
(376.427 -16.6689 -28.9306)
(173.422 -18.8861 -23.4924)
(124.705 -12.4334 -27.6779)
(198.487 -12.2401 -27.0161)
(191.601 -19.1868 -23.4901)
(487.362 -16.9063 -30.0881)
(23.1018 -17.6622 -24.6357)
(179.098 -16.7944 -23.0418)
(20.1866 -18.6644 -23.2963)
(19.2131 -10.801 -27.8364)
(489.5 -13.4306 -21.4588)
)


// ************************************************************************* //
