/*--------------------------------*- C++ -*----------------------------------*\
| =========                 |                                                 |
| \\      /  F ield         | OpenFOAM: The Open Source CFD Toolbox           |
|  \\    /   O peration     | Version:  2512                                  |
|   \\  /    A nd           | Website:  www.openfoam.com                      |
|    \\/     M anipulation  |                                                 |
\*---------------------------------------------------------------------------*/
FoamFile
{
    version     2.0;
    format      ascii;
    arch        "LSB;label=32;scalar=64";
    class       cellSet;
    location    "constant/tube_side_fluid/polyMesh/sets";
    object      region6;
}
// * * * * * * * * * * * * * * * * * * * * * * * * * * * * * * * * * * * * * //


1893
(
12289
4099
12295
8200
9
10
12
13
14
15
19
22
12311
23
12318
12322
34
12323
12324
40
12331
44
12334
50
12342
12345
8251
4156
12352
12354
12357
12362
4170
76
79
8273
82
83
84
4182
87
88
89
90
91
92
93
96
97
98
4199
103
105
12395
108
109
12398
12400
12401
12403
116
12406
119
120
12411
12415
4223
127
129
130
133
12424
12425
137
138
141
12433
12434
8338
147
4244
150
8345
164
171
12461
176
177
178
179
12470
183
8376
185
12474
8380
192
4289
12482
12483
195
199
12488
200
12489
203
206
210
12500
8404
4310
219
8413
223
12512
8416
8418
227
8419
12517
229
12518
233
12522
234
12526
12530
8436
12533
8439
12540
259
264
8456
12553
266
267
4366
12560
272
12562
12564
4377
286
12582
12583
307
12596
12599
313
4412
4414
12609
12610
12611
12614
4425
12618
12621
12623
12629
12630
12634
12637
12638
12640
352
358
4455
12648
12650
366
367
368
4465
369
370
371
372
12662
374
8566
375
8567
376
377
378
379
380
381
383
386
387
389
12678
390
12679
392
394
395
396
8588
397
399
400
401
8593
8594
403
404
8597
406
407
408
8600
411
412
413
414
416
417
4514
418
419
420
12709
421
422
423
425
12714
426
427
428
430
12723
8627
12725
4534
438
440
12730
443
12735
12741
12742
455
12745
12747
459
461
471
472
4570
12764
476
12767
4577
12770
487
12776
488
490
12783
503
12793
514
523
4622
529
531
532
533
535
8727
539
8732
4637
542
8734
8739
4645
564
8757
4662
568
8762
571
8763
8765
574
577
578
8770
580
581
8774
8775
8776
585
8777
589
4697
4699
618
620
622
625
627
8819
635
637
638
641
4738
642
643
4741
646
8839
4746
8842
654
656
659
660
663
8855
8856
8858
8859
4765
8861
670
8862
8863
8865
8866
8867
8868
8872
8873
682
684
8883
8884
693
8887
8888
8889
8890
8891
8894
703
8895
8896
8897
8898
8906
4812
8909
8912
8914
8915
8916
8920
8921
4826
8922
8923
8924
8925
8926
8931
4837
8933
8934
8935
8936
8937
8939
8940
8941
753
8945
8947
4864
8960
8963
8965
775
8968
8971
781
8975
784
8977
8979
789
8985
8989
8992
8994
803
804
8998
9000
9004
9005
9006
9007
9008
9009
9010
9011
9012
9015
9017
9018
9019
829
9022
9025
9027
9028
9029
9031
9033
9037
9041
9044
9045
9046
9047
9048
9049
9050
9051
9054
863
9055
9056
865
866
9060
4965
869
4967
9066
9067
9068
9069
9071
9074
883
9076
9077
9078
9079
9080
9081
891
4988
9084
9085
9086
895
9087
9088
9089
9090
9091
9092
9093
9094
9095
9097
9098
9100
9103
9105
9106
9107
9108
9111
9112
5017
9116
9118
9119
9120
9123
9128
9129
9130
9133
9138
9139
9140
9141
9144
9145
9146
5051
9147
9148
5053
9151
9152
9153
5059
9156
9159
9161
9162
9163
9165
9166
9170
9171
9174
9177
9179
9180
9181
9182
5088
9186
9187
9188
9190
9191
9193
5098
9195
9198
9199
9201
5106
9203
9205
9206
9207
9208
9211
9212
9213
9215
9217
9218
1027
9220
9222
9223
9224
9226
9228
9229
9230
5141
9237
9238
5144
9240
5145
9241
5147
9244
9246
9248
9249
9250
9252
9254
9255
9257
9259
9260
9262
9263
9265
9266
9271
9272
9273
9274
9275
9276
9281
5205
9301
9302
5223
1132
5234
5249
5251
5257
9362
5273
5277
9383
9389
5305
1212
5309
9411
5358
1273
5389
5395
5398
1304
5404
5409
9507
5420
9520
9538
5445
1365
1366
9558
1368
1370
1371
1376
5473
1380
1381
1382
1383
1384
9576
1385
1387
1389
1390
1391
1392
1393
1395
1397
1398
1401
5498
1404
1405
1406
1408
1413
1414
1418
1420
1421
1422
1423
5520
1425
1426
9618
1427
1428
1434
5532
1437
1438
1439
1440
1441
9633
1443
1445
1446
1448
9642
1451
1452
1453
1454
1456
5553
9651
1460
1461
1464
5562
1470
1472
1473
1474
1475
1476
1477
1479
1483
5580
1487
1489
1491
1493
1494
1495
1498
1499
1500
1501
1504
1506
1507
1512
1514
1515
9708
1517
1519
1520
1527
1528
1530
1531
1535
1538
1540
1542
1543
1544
1545
1546
9738
1547
1550
1551
1552
1553
1554
1556
5653
5656
1563
1567
1572
1575
1580
1581
1582
1583
1585
1588
1589
1590
1591
1592
9784
1593
1594
1598
9791
1602
1604
5718
9822
5749
9873
1686
1689
9883
1692
9885
1694
9886
5795
5797
5805
5824
9923
1745
9946
5852
5853
9950
1768
9965
9968
1777
9975
9986
1795
9993
5903
10022
10023
10029
10039
10040
10045
10056
5961
10060
10062
10064
10066
10069
10071
1880
10073
10074
10077
10082
10089
10094
6003
10099
10101
10104
10105
10113
10121
10126
10127
6034
10131
10134
6040
10142
10156
10159
10161
10165
10168
6079
6080
6082
6083
6084
10183
1992
10188
10189
6095
6096
6097
10193
6098
2003
10195
10197
10209
6115
6124
10220
10224
2033
6130
10226
6131
10228
6135
6138
6140
6141
6142
2050
10242
2051
10244
10248
6153
10249
6154
10250
6156
10252
6157
6159
10255
6161
6162
6165
10262
6169
6170
6171
6175
10273
10276
10280
10283
6188
6189
6192
6193
6194
6201
6202
6204
6207
6208
10304
6209
6211
6212
10308
10309
10310
10313
10314
6220
6222
10318
6223
6224
6226
6227
10323
6228
6229
6230
6231
10327
6233
10333
6239
6240
6241
10338
6243
10340
6246
6247
2154
6251
6252
6254
6255
10362
10363
6268
6269
10366
10372
6277
6278
10376
6281
6282
6283
6285
10384
6289
10385
10387
6294
6295
6296
10397
6302
6303
6305
6306
10404
6309
6310
6311
6312
10408
6313
6315
10411
6316
10413
6320
6321
10417
6324
6325
6329
6330
6331
10427
10430
10431
10432
6338
6339
6340
10437
6343
6344
10440
6346
6347
6348
6349
6350
6351
6354
2263
10455
10456
10459
6364
6367
10463
6369
6372
6373
6374
6375
2281
6381
6382
10488
6395
6396
10492
6399
6400
10496
10498
10499
6404
6405
6406
10503
6409
10506
6411
10507
10508
6418
6421
6422
10518
10519
10521
6429
6430
6431
10530
10532
6437
10533
6438
6440
10537
10539
6444
6445
6447
10543
6448
6449
6450
6452
10548
6456
6457
6461
6464
6465
6466
10562
6468
10565
6471
6473
6475
6476
10572
6478
10575
6482
10578
6484
6485
6488
6489
6490
10587
6492
6493
6494
10590
6496
10592
6497
6498
6499
10595
10599
6504
6505
6506
6507
6509
10605
10606
10607
6512
10609
6515
6517
10617
6522
10618
6523
6524
6526
10622
6527
10623
6529
10627
6532
10631
6537
6538
10639
6544
6545
10641
10642
6547
6548
6549
6550
6551
2456
6552
6553
6554
10650
6555
6556
10652
6557
6559
6560
6561
6562
6563
6564
6565
10661
6567
2474
6573
6576
10674
6580
10678
10679
10680
10686
10688
6598
10696
10699
10700
10704
10708
10713
10715
10716
10718
10719
6624
10720
10721
10723
10725
10726
10728
6633
10729
10730
10732
10733
10734
10735
10736
10737
10738
10739
10740
10742
10743
10744
10745
10747
10748
10750
10752
10753
10754
6659
10755
10756
10757
10759
10764
2575
10767
10773
10774
10778
10779
10780
10781
10782
10785
10786
10789
10790
10795
10796
10797
10798
10799
10800
10802
10805
2614
10806
10807
10808
10810
10811
2621
10813
10815
10816
10817
10818
10819
10821
10823
10824
10826
10827
10829
10831
10832
2641
6738
10835
10836
2646
2647
10839
10840
10841
10843
10845
10846
10849
10851
10853
10855
10856
10857
6763
10859
2668
10865
10867
10868
10869
10870
10871
10872
10874
10876
2685
10878
10880
10881
6789
10887
10888
10890
10891
10893
10897
10899
10900
10901
10902
10904
10905
10906
10907
10908
10909
10911
10912
10914
10915
10918
10920
10922
10923
10924
10926
10929
10931
10932
6838
10934
10935
10936
10938
10939
10940
10941
10943
10949
10957
10958
10960
10961
10962
2772
10964
10969
2779
10971
10973
10975
10978
10979
10980
10983
10985
10988
10991
10992
10994
10996
10997
10999
11001
11002
11003
11005
2814
11009
11011
11013
11014
6919
11016
11017
11018
6923
11019
11020
11021
11022
11025
11026
6931
11027
11030
11031
11032
11033
11034
11036
2845
11041
6948
11044
11045
11047
11048
11049
11050
11052
11055
11061
11062
11067
11068
11076
11078
11080
11086
11087
11088
11089
11090
11091
11092
11095
11096
11097
11098
11103
11104
11105
2915
11111
11112
11113
11114
11115
7020
11117
11119
11120
11121
11122
11124
7030
11126
11127
11128
11129
11131
11132
11134
11135
11137
11138
11140
7046
11142
11143
11144
11145
11146
11147
11148
11149
11150
11151
11153
11154
11155
11156
11161
11162
11167
11168
7074
11171
11172
11175
11177
11181
11182
11188
11191
11193
11195
11196
11199
7107
11203
11204
11206
11208
11209
7115
11213
11215
11217
11220
11222
11223
11226
11227
11228
3037
11230
11231
7136
11233
11236
7141
11237
11240
11244
11247
11248
11249
11250
11252
11253
11255
11256
11257
11259
11261
11262
7166
11266
11267
11268
11269
11270
11273
11275
11279
11280
11283
11285
11287
11288
11290
11293
11296
11302
7206
11307
11308
11311
11312
11314
11315
11316
11318
11319
11323
3136
11336
11337
11340
11341
3151
11346
3156
11350
3169
11363
7278
11376
11382
11386
11387
7292
11389
11391
11395
11396
11408
11409
11426
7330
7332
11438
3248
11443
11444
11446
11448
11473
11484
3297
7394
11493
11494
7411
11508
11510
11511
11517
11539
11547
3362
11557
11559
11563
11565
11567
3375
11568
11569
3393
7516
11613
11614
11623
11628
7537
7538
11644
11647
3470
3473
3474
11669
3477
3481
3482
11675
3484
3485
3489
11682
3490
3491
11684
3492
3493
11686
3494
3495
3496
11689
3498
11692
3500
11694
3505
3507
11711
11714
3522
3523
3524
11717
3526
3528
3529
11722
3530
11723
3532
3534
3536
3537
11730
3538
3540
3541
3542
3543
3544
3545
11738
3546
3549
11742
3551
3554
3556
3558
3560
3561
3562
3563
11757
3565
3567
7663
3568
3569
3570
3571
7667
3572
3574
3576
11773
3582
3583
3584
3587
3588
11785
11788
3596
3597
3599
7696
3602
11800
3608
3609
3610
3612
11806
3616
3619
3623
3624
3626
3627
3629
3631
3633
11828
3637
3639
7735
3640
3643
3644
11837
3645
3647
3648
3649
3651
11845
3654
3656
7754
11851
3659
3661
3665
3667
11860
11861
3670
3671
3672
3673
3674
3675
3676
3677
3678
11871
3679
11875
3684
3685
3687
3688
3689
11882
3690
3691
3699
3700
3703
3706
3707
3712
11905
3715
7812
3721
3723
3724
3725
3726
3727
11920
3729
3730
3731
3732
3733
3735
3736
3737
3739
3741
3742
11938
11941
3750
3751
11944
3752
11945
3753
3754
11947
3757
3758
7855
3761
11954
3762
3764
3765
3766
11959
3769
3770
11963
3771
3772
11967
3777
11970
3778
3780
3781
3793
11986
3795
3796
11989
3797
3798
3799
3800
3801
3803
11998
3807
3811
12004
3812
3813
12006
3814
7910
3816
3817
3819
3820
3821
7917
12014
3822
3823
3824
3825
3828
12021
3832
12025
3834
3835
3836
3837
3840
3841
3842
3843
7941
3847
3848
3850
12043
3852
3854
12050
3860
12053
12060
12071
12078
12083
12087
12097
3907
12103
8011
12109
12115
12122
8035
12135
3945
12161
8073
12179
12182
8090
12190
12193
12196
12201
12203
12215
12229
12232
12236
12240
12249
4061
12254
12258
4066
12259
12265
8169
8172
12271
12272
4084
12287
4095
)


// ************************************************************************* //
