/*--------------------------------*- C++ -*----------------------------------*\
| =========                 |                                                 |
| \\      /  F ield         | OpenFOAM: The Open Source CFD Toolbox           |
|  \\    /   O peration     | Version:  2512                                  |
|   \\  /    A nd           | Website:  www.openfoam.com                      |
|    \\/     M anipulation  |                                                 |
\*---------------------------------------------------------------------------*/
FoamFile
{
    version     2.0;
    format      ascii;
    arch        "LSB;label=32;scalar=64";
    class       cellSet;
    location    "constant/tube_side_fluid/polyMesh/sets";
    object      region5;
}
// * * * * * * * * * * * * * * * * * * * * * * * * * * * * * * * * * * * * * //


1762
(
8192
8193
8194
8195
8197
6
8204
8206
8207
16
17
12308
20
21
8213
24
8217
26
8218
27
8219
8220
8221
33
8229
8235
8236
8237
8238
8239
8240
8242
8243
8244
8245
8246
8247
4153
8249
60
8253
8254
8255
8262
8264
8265
8266
8268
8269
80
81
8274
8275
8276
8277
12374
8278
8279
8280
8282
8285
8286
8287
8288
8289
8290
8296
8298
8299
4204
8300
8301
8302
8303
113
8305
8307
8308
117
8309
8310
8311
8315
8316
8317
8318
8319
8320
8321
8324
8326
8327
8330
8331
8332
12430
8334
12431
8336
8337
8340
8342
8343
4248
8348
8349
8350
8351
8352
8355
8356
8357
8358
8359
168
8361
8362
8363
8364
8365
8366
8369
8370
8371
8372
8373
8374
8375
8378
8379
8383
8384
8385
8386
8388
8391
8392
8393
8395
8397
8401
8402
8403
8405
8407
8408
8409
8410
8412
8415
8417
8421
8422
8423
8427
8430
8431
8432
8433
8435
8440
8441
8442
8443
8444
8445
8447
8449
8451
12548
8452
8453
8454
4359
8455
8457
8458
8459
8462
8463
8464
8466
8467
8468
8469
8470
8471
8472
8473
8474
8475
8476
8477
8478
8479
8480
8484
8485
8488
8489
8490
8491
8492
8493
8494
8495
8496
8497
8499
8500
8501
8504
8505
8506
8508
8510
8511
8512
8513
8514
8515
8517
326
8518
8519
328
329
8521
8522
331
8523
332
333
8526
335
336
8528
337
8529
338
8530
8531
340
8532
341
342
343
8535
8536
347
8539
348
8540
350
8542
4447
8544
8545
354
8546
355
8547
356
8548
8549
359
8551
360
8552
8554
363
8555
364
8556
365
8559
8561
8562
8563
8564
8565
8569
8570
8572
8573
8574
8576
8577
8578
8579
8582
8585
8586
8587
8589
8598
12696
8603
8605
8606
8607
8608
8609
8611
8612
8613
8617
8618
8619
8620
8621
8623
8624
8625
436
8630
8631
8633
4543
8645
8662
8663
8664
8666
8668
8670
8672
8674
8676
8677
8678
8680
8687
8689
12792
4604
8702
8705
8718
8721
8726
8728
8729
8730
8733
8736
8754
8760
572
8764
8771
8772
8773
8789
8791
8792
8795
8804
8827
8828
8830
8833
8835
8837
8841
8847
8848
8849
8857
8860
8864
8871
8875
8881
8885
715
8908
8911
8918
8928
8929
8938
8942
8943
8946
8950
8952
8959
8961
8962
8970
8974
8981
8987
8995
9002
9003
9013
9014
823
9020
9021
832
9030
9038
9039
9040
9043
9057
9061
9065
9072
9082
9083
9102
9104
5010
9110
9113
9114
9117
9125
9127
958
9150
9157
9167
9172
9173
9178
9184
9185
9189
9192
9194
1005
9200
9202
9209
9210
9231
9232
9235
9245
9247
5164
9264
9267
9268
9277
5183
9279
9288
9291
9299
9300
5207
9305
9322
9324
9326
9329
9330
9333
9337
9340
9342
9344
1153
1156
9349
1162
1163
9355
1167
1168
1172
1173
1174
1177
1180
1181
9373
1183
9376
1185
1189
1193
1197
9390
1199
1200
1203
1207
1208
9401
9402
9406
1215
9407
9408
1218
9410
1220
1222
1223
1224
1226
1227
1228
1230
1231
9424
1233
1234
1235
1237
1238
5334
1239
1240
1241
1250
1251
1253
9446
1255
1256
1257
9452
9453
9456
9457
9458
5365
1271
9465
1275
1276
1277
1279
1280
1281
9473
9474
1283
1286
1287
9480
1289
1290
1291
9483
1293
1296
1297
1298
1300
1301
1302
1303
1305
1308
1309
5406
9506
1315
1316
9508
1317
9509
1318
1319
9511
9512
1321
1323
1324
9517
9518
1329
1330
9526
1336
9529
9531
1340
1342
1345
9537
1346
1350
1351
1353
1354
1355
9547
1356
9548
9551
9552
1362
1364
9562
9564
9566
9573
9579
9581
9589
9590
9591
9593
5499
5501
9597
5502
9601
9603
9606
9608
9610
9616
5521
5523
9619
9622
9626
9629
9630
5535
5537
5538
9638
1449
5546
5550
9646
9647
9654
5560
5561
5563
9662
9665
5572
5573
9669
5574
5579
1484
5581
9678
5585
9684
9690
9691
5597
9693
5598
5600
5601
5602
5604
5606
5608
9704
5609
5612
9711
5618
5620
5621
5623
5626
9731
5637
9734
5639
9735
5641
5642
9739
9741
5646
9742
9745
5652
5654
5655
9751
5657
5658
5659
5660
9756
9757
5662
9758
1569
9762
9765
9766
5672
5674
5675
9772
5677
5679
9778
9779
5684
5685
9781
5688
5689
9785
9786
5691
9787
5693
9789
5694
9790
5696
9792
5697
9793
5698
9794
5699
5700
5701
9798
5703
5704
9800
5705
5706
5708
5710
5712
9811
5716
9815
5722
9818
5724
9820
5726
5727
5728
5730
5731
1636
9828
5733
1637
5737
5739
9835
5741
9846
5751
5752
9849
5754
9850
9856
5763
5764
5765
9861
5766
5770
5771
5772
9868
5773
5777
5778
5779
9876
5781
5782
9878
5785
9884
5789
5791
9887
5792
5793
5794
9890
9896
5801
9897
5802
5806
5807
5810
5811
5812
5814
5815
9911
5816
9912
5817
5818
5819
9915
5820
5821
9919
5825
5826
5827
5828
5829
5830
5831
5832
5834
9930
5835
5836
9932
5837
9934
5839
5840
9937
5842
9938
5843
5844
5845
5846
5847
5848
5849
5851
5854
5855
5856
5857
5858
5859
5860
5861
5862
5863
5870
5871
5872
9970
5875
5876
5877
5878
5880
1784
5881
9979
5886
9983
5888
5890
5891
5892
5893
5894
5895
9991
5897
5898
9994
5899
5900
9996
5901
5902
5906
5907
5909
5910
10006
5911
10007
10008
5912
10009
5914
5915
5916
5917
1822
10016
5920
10017
5922
5924
5925
5926
5927
5928
5930
5931
5932
5933
5935
5936
5939
5940
5942
5944
5946
5948
5949
5953
5954
5955
5956
5957
5964
5965
5966
5967
5970
5971
5972
1876
5974
5976
5979
5983
5984
5985
5987
5989
5990
5992
5994
5996
5997
5999
6001
6002
6005
6006
6008
6010
6012
6013
6015
6016
6018
6020
6023
6026
6028
6029
6032
6033
6035
6038
6045
6052
6055
10162
6072
6086
6094
6109
6118
6119
6120
2025
6122
6125
10227
6133
6144
6145
6151
6155
6163
6167
6181
6184
6186
6187
2094
6191
6198
6200
6210
6219
6221
6225
6242
6248
6249
2153
6250
6256
6257
6258
6260
6261
6264
6267
6274
6276
10377
6284
6288
6290
6291
6293
6307
6323
6327
6333
6334
6335
6336
6337
2246
10446
6355
6356
6357
6360
6361
6363
6368
6370
6371
6377
6379
6383
6387
10484
6388
2293
6390
6394
6398
6401
10502
6407
6408
6410
6413
6417
6419
6423
6424
6425
6426
6435
6436
6443
6459
6467
6469
2382
6479
6481
6486
6491
6495
6503
6510
6513
6514
6516
6528
6530
6531
6534
6542
10645
10649
10653
10659
10660
10662
6566
10663
10664
10665
10666
10667
6572
10670
6574
10671
10672
10673
6577
10675
10677
6583
10683
10684
10685
10687
6591
6592
10691
6595
10692
10693
10694
10695
6600
10697
10698
10701
10702
6606
10703
6607
10705
10707
10709
10710
6614
10712
10714
6619
10717
6622
6626
6627
10724
10731
6635
6637
6639
6645
2549
6654
6656
6658
6663
10763
6667
6671
6672
10770
6674
6676
10776
6680
6692
6710
6713
6725
10825
6733
6736
10833
6740
6741
6742
6743
10842
10847
6751
6753
6756
6757
6762
6770
6772
6780
6781
10886
6796
6801
6805
6808
6810
6811
10910
6815
10913
6827
6828
6835
6836
10933
6837
6839
6841
6843
10942
6846
6849
10946
6855
6856
2762
10955
6863
6865
6867
6869
6873
6885
10982
6891
10989
6895
6896
6899
10998
2807
6910
6911
6912
6913
6915
6916
11015
11028
6940
11037
6942
11046
6952
6961
11060
6967
6971
6983
6988
7002
7003
7008
11110
11118
7026
11125
11130
7040
7048
7052
7057
7061
11160
7066
7077
11174
7083
7085
7087
11184
11194
7102
11207
7113
3018
7114
11218
7123
7131
7133
7135
11238
7145
7149
7151
7158
7159
7164
7165
11264
7168
7171
7172
7173
3078
11271
3081
7177
3082
7178
3083
7179
11276
7181
7182
7183
7185
7186
3092
3093
11286
3094
3095
3096
3097
3098
3107
3108
3109
3110
3111
3112
3113
3116
3117
7213
11310
3118
3119
3120
3121
3122
3123
3124
3126
3127
3128
7224
3131
3132
11325
11326
7231
7232
3137
11333
7237
7239
7240
11338
7246
7247
3152
11345
7251
7253
3158
7255
3160
3162
7258
7262
3168
3172
3173
7269
11366
3177
3178
3181
7277
3182
7279
3184
7280
3185
11378
3189
3190
11383
3191
7291
7293
7297
3203
3204
3205
7301
11398
3206
3207
7303
7304
3210
3211
7307
3212
3213
3215
3216
7312
3217
3218
3219
3222
7318
3223
3224
3225
11418
3226
3227
3228
3229
11422
3230
3231
7328
3233
3234
3235
3237
7333
3238
7334
3239
7336
7337
3244
7341
7344
7347
3254
7353
3258
3259
7357
3262
3263
7359
3264
7360
3265
3266
3267
7364
3269
7366
3271
3272
7368
3273
3274
3276
3279
3280
3281
7377
3283
7379
7381
7382
3288
7385
3292
3294
3295
11492
3303
7399
3305
7401
3306
7403
3308
7404
7405
3310
3311
7408
11505
3313
3314
7410
3315
3317
7414
3319
7416
7417
3322
7419
3324
7420
3326
3327
3328
7424
7425
3330
3331
7427
3332
3334
3335
3336
3337
3338
3339
7436
3341
3342
3343
7441
3347
7443
3349
11542
3351
7447
3352
7448
3354
7451
11550
7454
3360
3363
7459
3365
7463
7464
3372
3373
3374
7470
7471
7472
3378
3379
7475
3380
3381
3382
3383
7479
3384
7480
3387
3388
7485
3390
3392
7488
7490
3396
7494
7495
7497
3402
3403
7499
3405
7501
3407
3412
7508
7509
3417
3419
7515
3420
3422
3423
7520
3425
3427
7523
3428
7524
3429
3430
3432
3433
3437
3438
7535
3440
3444
3446
3448
3449
7545
3450
3451
7547
3454
7552
3457
7553
3459
7555
7559
7560
7567
7568
7571
7582
7587
11693
7604
7608
7612
7617
7619
7623
7626
7632
7638
11735
7639
7649
7657
7658
7666
7676
7677
7681
11781
7689
7719
7721
11819
7725
7728
7732
7737
11835
7746
7751
7755
7756
7765
7767
7769
7770
7771
7773
7786
7787
3696
7798
7799
7802
7803
7811
11911
11912
7820
7822
7824
7825
7829
7830
7833
7841
7845
7846
7849
7850
7865
7867
7868
7871
7875
7877
7886
7891
7892
7899
7901
7905
7913
7914
7920
12017
7921
3831
7929
7932
7938
7942
12040
7952
7953
7954
7958
7959
7968
7972
7982
7983
7989
7993
8005
3911
8009
8012
8015
8016
12116
8022
8029
8030
3940
8043
8051
12171
8075
8085
8092
8093
8094
8095
8096
8103
8106
8108
8109
8113
8114
8116
8117
8118
8120
8126
12223
8127
12224
8131
8135
8136
8137
8138
8139
8140
8142
8145
8146
8147
8150
8151
8154
8155
8156
8158
8170
8171
8174
8178
8180
8181
8182
8183
8184
8188
8189
8190
8191
)


// ************************************************************************* //
