/*--------------------------------*- C++ -*----------------------------------*\
| =========                 |                                                 |
| \\      /  F ield         | OpenFOAM: The Open Source CFD Toolbox           |
|  \\    /   O peration     | Version:  2512                                  |
|   \\  /    A nd           | Website:  www.openfoam.com                      |
|    \\/     M anipulation  |                                                 |
\*---------------------------------------------------------------------------*/
FoamFile
{
    version     2.0;
    format      ascii;
    arch        "LSB;label=32;scalar=64";
    class       cellSet;
    location    "constant/tube_side_fluid/polyMesh/sets";
    object      region3;
}
// * * * * * * * * * * * * * * * * * * * * * * * * * * * * * * * * * * * * * //


1856
(
3
8198
7
8199
8201
8202
8209
8210
8211
8212
8214
8215
8216
30
8222
4127
8223
8224
8225
37
39
8231
8232
41
8233
42
8234
48
8241
12339
12341
54
56
12346
8250
64
8256
8257
66
8258
8259
69
71
77
78
86
12379
94
95
12385
4194
8292
8294
8295
8297
106
107
12396
110
111
112
114
8306
115
118
4214
12407
8312
8314
4219
124
126
128
8323
132
134
135
12428
144
145
153
12443
155
157
12446
162
12452
4265
170
12459
175
12468
181
182
186
4283
188
189
190
191
193
194
196
12485
197
198
201
202
204
205
207
12496
208
209
212
4309
215
216
217
218
12508
220
221
222
224
225
226
231
232
235
236
8428
237
238
239
240
244
4344
12538
252
253
254
257
260
12550
265
4362
268
271
273
274
276
277
278
12567
284
8486
297
298
299
4395
302
303
8498
308
310
311
12600
315
12604
316
317
319
321
322
323
325
327
8527
339
344
345
346
349
353
361
8553
362
373
4471
382
384
385
388
402
405
409
8601
410
415
8614
424
4525
431
439
8632
4538
8634
8636
8637
8638
8639
8640
12738
451
8643
452
8644
454
8646
4551
12744
8648
8650
8651
8652
8653
8654
4559
8655
464
8656
8657
8659
8661
8665
474
475
8667
8669
479
8671
482
4578
485
12774
8679
489
8682
12779
8684
8685
8686
8688
8691
8692
8693
8694
8695
504
8696
8697
8698
507
8699
508
8700
509
8701
510
511
512
8704
8707
516
8708
517
8709
518
8710
8711
8712
521
8713
8714
8715
4620
8716
525
8717
8719
8723
4631
536
4638
543
8735
544
8740
552
8744
8745
554
8746
556
8748
557
8751
8752
8755
8756
8758
8759
569
570
573
8766
8767
576
8768
8769
586
8778
587
8779
588
8781
590
591
8783
592
8784
593
8785
594
8786
8787
596
597
599
603
8796
605
8797
606
609
8803
613
8805
8806
615
616
617
8809
619
621
8814
8815
624
8816
626
4722
628
8820
8821
630
8822
632
8824
633
8825
634
8826
8832
644
645
648
8840
649
650
8844
653
8845
8846
655
657
8850
8851
8852
661
8853
669
672
678
681
683
8876
699
8893
4798
4799
706
4807
712
713
714
718
720
723
725
730
734
735
736
737
738
739
740
4836
741
742
4838
743
744
745
746
747
748
4844
749
750
4846
751
752
754
755
756
757
8949
758
4854
759
760
761
762
8954
763
764
765
4861
766
767
4863
768
769
770
4866
771
772
8964
773
774
4870
776
777
4873
778
4874
779
4875
780
4876
4877
4878
783
4879
4880
8976
785
4881
786
4882
787
788
4884
4885
790
4886
791
4887
792
4888
793
4889
794
4890
795
4891
796
4892
797
4893
798
4894
799
4895
800
801
4897
802
4898
4899
4900
805
4901
806
807
4903
808
809
810
4906
811
4907
812
4908
813
4909
814
4910
815
816
817
818
819
820
4916
821
4917
822
4919
824
4920
825
826
827
828
4924
4925
830
4926
831
4928
833
4929
834
4930
835
4931
836
837
4933
838
4934
839
4935
840
4936
841
842
843
844
845
846
4942
847
4943
848
849
850
851
4947
852
854
4950
855
4951
856
858
859
4955
860
861
862
4959
864
4960
4961
4962
867
4963
4964
4966
871
872
4968
873
874
4970
875
876
4972
877
4973
878
4974
879
880
881
882
4978
4979
884
885
886
4982
887
4983
888
4984
889
4985
890
4986
4987
892
4989
894
4990
4991
896
897
898
4995
4996
901
4997
902
4998
903
4999
904
5000
905
906
907
5003
908
910
5009
914
915
916
917
5014
923
5020
5022
5023
929
5025
931
933
5030
935
936
5033
939
942
943
9135
945
946
947
952
957
960
962
9154
964
965
966
968
972
9164
973
9168
5075
989
5085
993
994
997
999
1003
1006
1009
1011
1018
5114
1019
1020
5117
1022
5118
9214
5119
1025
5124
1032
9225
1034
1035
5131
1036
1037
1038
1039
1040
1043
1046
1049
1052
5148
1055
1057
5153
1058
1063
1064
1066
1067
1074
1075
1076
1077
1078
1080
1088
1092
1100
1101
1105
1107
1117
1121
1122
1123
1124
1127
1128
5224
9320
1129
1130
1136
1140
1141
1142
5241
1146
5243
1148
5245
5246
1152
1154
1155
1157
1158
1159
1160
1161
1164
1165
5261
1166
1176
1179
1182
1184
1186
1187
1188
1190
1191
1192
1194
1195
1196
1201
1204
1205
1206
5308
1213
5310
1221
1229
1232
1236
5333
5337
1242
1243
5339
1244
5341
1246
1247
1248
1258
1261
1264
1266
1268
1274
1282
1284
1285
1288
1294
1295
1299
1306
5402
1310
1312
1313
1314
1322
1326
1327
1331
1333
1337
1338
1339
1344
1347
1348
1349
1357
1358
1359
1360
5456
1361
5466
5467
1372
5469
1374
1375
5471
9567
1377
9569
1378
5475
5477
5479
5481
5483
5488
5491
5504
1409
1410
5506
1411
1412
1415
5511
1417
5514
5515
5518
1424
1429
1431
5527
1432
1433
1435
1442
5539
1444
1447
5544
5545
5547
5548
5549
9645
1455
5551
1457
1458
5554
1459
5555
5556
1462
9655
1466
1467
1468
1469
5565
9661
5569
1478
1480
1481
1482
9681
1490
1492
5590
1496
1497
5593
5595
1508
9701
1513
1518
5615
1521
1523
1524
1525
1526
1532
1533
5629
1534
1536
1537
1539
1549
1555
1557
1558
1559
9752
1561
1562
1566
1568
5665
1570
5666
1571
5667
5668
5669
5671
1577
1578
1584
9777
1595
1596
1599
1600
1601
1610
1614
1620
1624
1625
1626
5725
1631
1632
1633
9827
1638
9831
1641
1644
1645
1646
5742
5744
1649
5745
1650
5746
5748
1653
1654
5750
1656
5757
5758
1663
5759
9855
1664
5760
1665
1666
5762
1668
9863
1676
1678
1679
1680
1681
1682
1685
1687
1690
1693
1701
5800
9900
5808
1714
1715
1719
1721
1724
5822
1729
1734
1737
5833
1739
1740
1741
1743
1744
9939
1748
1756
1759
1760
1761
1762
1763
1764
1765
5864
5866
1771
5869
1774
1775
1776
9976
1785
1786
1787
1791
5887
5889
5905
5908
1814
1815
1816
1817
1818
1823
1826
1827
1828
1831
5934
10032
5938
1843
10036
10037
10038
1847
5945
10041
10042
1851
5947
10043
1854
5951
5952
10048
10049
10050
1859
1860
1861
10053
5958
10054
5962
10058
1869
1870
1871
10063
1872
5969
1874
1877
5973
1878
10072
1881
1885
1887
1890
5986
10083
1893
1897
1898
1899
1900
1901
1902
5998
10095
10096
1908
10106
6011
1916
10110
10114
10116
10117
10122
10130
10133
1943
6039
10136
6041
10138
1948
6044
6047
6049
6051
6053
6054
10153
6058
6061
6062
6063
6064
6065
6066
6067
6068
6069
6070
6073
6074
6075
10172
1982
6078
1984
10176
10178
1987
6085
10182
6087
10184
6089
6091
10187
6093
10191
10194
6099
6100
6102
10198
2007
6103
6104
2009
6106
6107
10203
6108
6110
6111
2017
6113
2020
6116
10212
6117
10216
6126
10222
6129
6132
6134
10230
10231
10234
2043
10240
10241
6147
6148
6149
6150
10246
10261
2071
6168
2076
10275
10281
10285
10286
10287
6199
2105
10298
6203
10302
10303
10306
10307
10316
10317
10324
10326
6234
6236
6237
2142
10334
6245
6253
2159
2162
6259
6263
6271
10368
10370
10378
10379
6286
2191
6287
10383
6292
10392
10393
6297
2210
10422
10424
6332
6341
10438
10441
2252
10451
10452
10454
6362
10467
6378
6384
2292
10489
10490
2298
10491
2307
6403
10501
10505
6412
2318
10513
2326
10522
10525
2334
10531
6441
10541
2351
2353
2354
2356
10552
2361
2363
2364
10557
2368
2370
10564
2372
2373
6470
10569
2377
6474
10571
2379
2380
2381
2383
10576
6480
2386
2387
2388
2390
2391
2395
10588
2397
2402
2405
2407
2408
10601
10602
10603
2411
2412
2415
6511
2416
2418
2419
2420
2421
10614
6518
2423
2429
2430
2431
2432
2433
10626
2434
2435
2438
2439
10632
2440
2441
2442
2443
2444
6540
2445
6543
10640
2448
2450
2452
2453
10646
10647
2455
2457
2458
2459
2460
10654
10657
2469
2470
2471
2472
2473
6569
2475
10668
2476
10669
2477
2478
2479
6575
2480
2481
6578
2483
2484
2485
2486
2487
2491
2492
2495
2496
2500
6599
2504
2505
6604
2510
2515
2523
2524
2528
2529
10722
2532
2535
2536
2538
2539
2540
2541
2542
10741
2551
2553
6650
2555
2557
2558
10751
2559
2560
2561
2566
10760
2568
10761
2569
10762
2573
10768
2576
2577
6673
2578
2579
10772
2580
2581
2582
2583
2584
10777
2585
2586
2587
2588
10783
2594
2598
6694
2599
2600
6696
2607
10803
2615
2616
10809
2617
2618
6714
2619
6715
10812
2620
10814
2625
2627
10822
2630
10828
2636
6735
2642
2654
2664
10858
2667
10860
2669
10862
10863
2671
2680
2682
6779
10879
6783
10883
6787
10884
10885
6790
10892
6809
2719
2720
2721
2722
6819
10916
2724
6823
10927
6831
10937
6842
10945
10947
10951
10953
6857
10954
2765
2766
10959
2767
2768
2769
10963
2771
10968
10970
10972
10974
10976
10977
10984
10986
6898
10995
11000
11007
11010
6935
11035
11039
6943
11040
11043
2851
2853
2854
2855
2856
2857
11051
11053
11054
11058
6964
11064
2872
11065
11069
11070
11072
11074
11075
11081
11082
11084
11085
6994
6995
11093
11099
2908
11102
7006
2911
7007
2912
11106
11107
11108
11109
11116
11123
7034
7036
11133
11136
2944
2945
7041
2946
2947
2948
2949
7054
11158
2968
2970
2971
2973
2974
2976
2979
11178
11179
11180
11186
7092
11189
11192
11197
11198
7103
11201
11205
3017
11212
11214
3026
11224
11234
11235
11241
11243
11254
3062
11263
3075
11274
3084
3085
11281
3091
11284
7189
11291
11292
3101
11294
11297
3106
11300
11321
7225
3139
3140
7243
7248
11347
11354
3163
11356
11357
3165
3167
11361
3171
11365
11367
11370
3187
3192
7289
3195
3196
11390
3198
3199
3201
11394
3202
7298
3208
7305
11402
11405
3214
7311
11410
11421
11423
11424
11436
3268
3278
7378
3301
3350
3356
7457
3364
3366
7465
3395
3399
7504
7507
7526
3431
11625
7532
3441
7546
7551
3466
3467
3468
3469
3471
11667
7575
3486
11691
11696
7607
3513
3519
3520
3521
3553
3559
7668
11765
7670
7673
7679
3591
3592
3593
3594
7701
3607
3611
11805
11807
7713
3622
11818
7722
3632
7734
11832
3641
7747
7758
7761
7779
7780
3693
11886
7801
11900
7804
7808
7809
3714
3717
11914
7818
11930
3745
7842
7844
3767
3774
7878
7882
7903
7909
7922
12022
3833
12032
12036
7943
3851
12065
3876
12069
3882
12075
3888
7990
7996
12112
3925
8021
12132
8046
12146
12151
3963
12165
3980
12174
8082
8083
8087
8089
8091
8102
8104
12207
8115
8121
8122
8123
8125
8128
12225
4033
8129
8133
4052
8148
8149
12247
8152
8153
8159
8161
8162
8163
8165
8167
4076
8175
4081
8185
8186
12284
)


// ************************************************************************* //
