/*--------------------------------*- C++ -*----------------------------------*\
| =========                 |                                                 |
| \\      /  F ield         | OpenFOAM: The Open Source CFD Toolbox           |
|  \\    /   O peration     | Version:  2512                                  |
|   \\  /    A nd           | Website:  www.openfoam.com                      |
|    \\/     M anipulation  |                                                 |
\*---------------------------------------------------------------------------*/
FoamFile
{
    version     2.0;
    format      ascii;
    arch        "LSB;label=32;scalar=64";
    class       cellSet;
    location    "constant/tube_side_fluid/polyMesh/sets";
    object      region4;
}
// * * * * * * * * * * * * * * * * * * * * * * * * * * * * * * * * * * * * * //


1828
(
4096
4097
12290
12291
4
4101
4102
4103
4104
4105
4106
4107
18
4115
4116
4117
4118
4119
4120
12314
4122
4125
12319
4128
4130
4131
4132
4134
8230
4135
12328
4137
4138
4142
4149
4150
4151
8248
4158
12351
4159
4160
4161
8261
4166
4167
8263
12365
4173
4175
8271
8272
12369
12370
4180
4181
4184
4185
8281
4187
8283
4189
4190
4193
12387
4195
8291
4196
4197
4198
12391
104
4202
4203
4205
4206
4207
8304
4209
4210
4211
4213
4215
4216
8313
4218
4220
4221
4224
4225
8322
4227
4228
4231
4232
8328
4236
4239
4240
4241
4243
4246
4247
8344
4249
4250
8346
4251
8347
4254
4255
12448
8354
4261
4262
4264
4267
4270
4275
4276
4277
4278
4279
4281
12475
4285
4291
4293
8390
4295
4296
4297
12490
4298
8394
4301
8399
4304
4306
12499
4311
4312
4313
4315
8411
4316
8414
4321
12514
8425
8429
4340
8437
4343
4350
8446
4367
4380
8481
4386
8483
4388
4389
4390
8487
12586
4399
4419
8516
4428
334
12625
8538
8541
12641
8550
8560
12661
12677
398
8592
12694
12695
8602
4508
4512
12705
12712
4522
8622
432
433
434
435
12724
8628
437
441
442
8635
444
445
446
447
448
450
8647
456
4553
457
458
4555
4557
12750
8658
4572
4609
526
527
528
530
8724
4630
4633
4643
8742
4648
8753
4681
8780
4712
4737
8838
4745
8843
4748
4758
8870
4776
4778
8886
4791
4808
8904
8905
8907
8910
8917
4822
4823
4833
8930
4840
4847
4849
4850
4851
4853
4855
4857
8953
4858
4862
8972
8983
8984
8993
9023
9024
4932
4937
9035
9063
9064
4977
9073
4980
4993
4994
899
900
5001
5002
5005
909
9101
912
5012
5013
919
5016
5019
9115
924
5021
932
9126
5031
5035
9131
5037
9136
5044
9142
959
5057
5063
967
5066
9169
981
982
9175
9176
990
5090
5093
1000
1002
9196
5104
5116
1021
5120
1024
1026
9219
1029
5137
9233
1042
5146
9243
5149
1053
5150
9258
1073
1079
1082
9278
5184
5188
5190
1104
5203
5204
9317
5222
1139
5242
5253
9350
9351
9352
9353
5258
9354
9356
9357
1169
1170
1171
9382
5288
9385
9386
9388
5294
9397
9398
9399
1209
1210
1211
9403
9405
1214
9409
9412
9413
9415
9416
9418
9419
9420
9421
5326
9422
5329
9425
9426
9427
9428
9435
9436
9437
9438
9439
9440
1249
9441
9443
1252
9444
9445
9447
9449
1259
9451
1260
1262
9454
9455
1267
9459
1269
9461
5366
9462
1272
9464
9466
9467
5373
9469
1278
9470
9471
5380
9482
9486
9487
9488
9490
9491
9492
9494
9495
5401
9498
1307
9499
9500
9503
9504
9505
9510
9513
9514
9515
9516
9519
1328
9521
9523
1332
9524
9525
9527
9528
9533
9534
9535
9536
9539
9543
1352
9544
9545
9546
9550
9553
9554
1363
9555
5460
9556
5461
9557
5462
9560
9561
9563
5468
1373
5472
9568
9570
9571
5476
9572
9574
9577
1386
9580
9582
9585
1394
9586
9587
1396
9588
1399
1400
9592
5497
1402
5500
9596
9598
5503
9599
5507
5508
9607
1416
1419
9611
9612
9614
9615
5525
9621
9623
9624
5529
9625
9627
9628
5533
5534
9631
5536
9632
9635
9636
5543
9639
9640
9643
9648
9650
5558
1463
9656
1465
9657
9659
9660
9664
5570
9667
9670
9672
9673
9674
9675
9676
9677
1486
9679
9680
9682
9683
9685
9688
9689
1502
1503
9695
9696
1505
9697
9698
9700
1511
9703
9706
9709
9710
9712
9713
9714
9715
9716
5622
9718
9719
5624
9720
5625
1529
5627
5628
9724
9725
5630
9726
9727
9730
9732
9733
9736
1548
5648
9744
5650
9746
5651
9747
9748
9749
9750
9753
9754
9755
1564
1573
9768
9769
1579
9771
5678
9774
9780
9782
9783
5690
1603
9795
9796
1605
9797
1606
1607
1608
1609
5707
9803
1612
9804
1613
9805
1615
1616
9808
5715
1619
9812
5717
1621
9813
1622
9814
9816
5721
9817
1627
9819
1628
1629
9821
1630
9823
9824
5729
9825
1634
9826
1635
9829
1639
1640
9832
9833
1642
1643
9837
9838
1647
9839
1648
9840
9841
9842
1651
9843
1652
1655
1657
1659
1660
9852
1661
9853
1662
9854
9858
1667
9859
9860
1669
1670
9862
1671
1672
9864
9865
1674
9866
9867
1677
9869
5774
9870
9871
9872
9874
9875
5780
9877
9879
5784
1688
9880
9881
5786
9882
5787
1691
1695
1696
9888
9889
1698
1699
5796
1700
9892
9893
1702
9894
5799
1703
9895
1705
1706
9898
1707
5804
1708
1709
9901
1710
9902
1711
9903
1712
9904
9905
9906
9907
1716
1717
1718
9910
1720
1722
1726
5823
1727
9920
9921
1730
1731
1732
9926
1735
1736
1738
1742
9935
1746
1747
1749
1750
1751
1752
1753
1754
1755
9947
1757
1758
9956
1766
1767
9959
1769
1770
5867
1773
5874
1778
1779
9971
1780
1781
1782
1783
5882
5883
5884
1789
1790
1792
1793
1794
1796
1797
1798
1799
1800
1801
1802
1803
9995
1804
1805
1806
1807
1808
1809
1810
1811
1813
10010
1820
1821
10013
5918
10014
5919
1825
5923
10020
1829
1830
1832
1834
1835
1836
1837
1838
1839
1840
5937
1845
1846
1849
10044
1858
1863
1866
5963
1867
10061
5980
10076
10081
5988
5991
5995
1905
1910
10103
6009
6014
1919
6017
1921
6019
6021
6022
6024
10120
6027
6030
1939
6036
6037
1941
6042
6043
10140
10143
10145
10146
10147
10160
1971
1975
10170
1980
10173
10181
10186
2002
6101
10206
10214
6121
2030
10225
2035
2036
6137
2045
2053
10253
6160
10256
2073
6173
6177
6179
2090
10282
6197
10295
2116
2117
6216
6232
10329
10332
6238
2143
2144
6244
2152
10344
10345
10346
10349
10350
6265
6270
2174
6273
6275
6279
10382
2196
10395
2211
6317
6318
10415
10416
10419
6326
10425
10434
10436
2245
10442
10444
10447
6358
2265
2266
2267
2270
2271
2274
10472
2282
2284
2285
2289
10481
2297
2313
2314
6414
6415
10511
6416
10515
10516
6427
2337
2338
6439
6442
10540
2352
10544
6455
6458
6462
6463
10570
10574
10581
6487
2401
10594
6500
6501
6502
2414
6519
2424
2427
10633
10634
10636
6558
10655
10656
10658
2468
6568
2482
6579
10676
10682
6587
6589
6590
6593
6594
6596
6608
2516
2543
6640
6642
2546
6643
2547
6644
6646
2550
6647
6648
6655
6657
6660
6661
6666
10769
10771
6678
10775
6684
6685
6686
6687
6689
2597
10792
6698
6699
6700
6701
6703
10801
2611
6707
2612
6708
6712
6716
6717
6719
6720
6721
6722
6723
6724
6726
6727
2632
6730
6731
6732
6734
10830
6737
10834
6739
10837
2648
2649
2651
2655
6752
2657
2658
6754
6755
6758
10854
6759
6760
6761
6764
6766
10864
6769
10866
6771
6773
6774
6777
6778
10875
10877
6782
6785
6786
10882
6791
6792
6793
10889
6794
6795
2701
6797
6798
10894
10895
6800
2706
6803
2708
6804
6806
6807
10903
6812
6813
6814
6817
2726
6822
10921
6826
6829
10925
6832
10928
6833
6834
2740
6840
6844
6847
10944
6851
6852
10948
6853
6854
10952
2761
6858
6859
6860
10956
6862
6864
2770
6866
6870
6871
6874
6875
6876
6877
6878
6880
6881
6882
6883
6884
2790
6886
6887
6888
6889
6892
6893
6897
6901
6902
6903
6904
6905
6906
6909
2816
11008
6914
11012
6917
6918
6920
6921
6922
6924
6925
6926
6927
11023
6928
11024
6929
6930
6932
11029
6937
6938
6939
2844
6941
11038
6946
11042
6947
6949
6951
6953
6954
6956
6959
2864
6960
11056
2866
6962
11059
6966
2871
11063
6968
6969
6970
6973
6974
2879
6975
2880
6976
6978
2884
6980
6981
6982
6984
6985
6986
6987
6989
6990
6991
6992
6993
6999
7004
11101
2913
7009
2914
7010
7011
2916
7012
2917
7013
7014
7015
7016
7017
7018
7021
7022
7023
2935
7033
7037
7038
7042
7043
7044
7045
7047
7049
7053
2959
7055
7056
7058
7059
7060
11157
7062
7063
7064
7065
7067
11163
7071
7072
7073
11169
11170
7075
7076
2981
11173
7080
11176
7081
7082
2987
7084
7086
7088
7090
7091
2996
7094
11190
7095
7096
3001
7097
7099
7100
7104
7105
7106
7108
7109
7110
7111
7112
11211
7118
7119
7120
11216
7121
11219
3028
7124
11221
7126
11225
7130
11229
7134
7137
7139
7140
7142
7144
7146
7148
3056
7152
7153
7155
11251
3061
7157
7162
7163
11265
7174
3079
7175
3080
7176
11272
3086
3087
7191
7192
7193
3103
11295
3104
11298
7203
11299
11301
11303
11304
7211
11309
11313
11317
11320
3130
11322
11327
11328
11329
7234
11330
11331
7236
11332
7238
11334
11335
11339
7244
11342
11343
11344
3154
11348
7252
11349
11351
11352
11353
3161
11355
11358
11359
11360
11362
11364
3176
11373
11374
11375
3186
11379
7283
11380
7284
11381
11384
11385
11388
11392
3200
11393
11397
7302
11399
11400
11401
11403
11404
11406
11407
11411
11412
11413
11415
11416
7321
11419
11420
11427
11430
3240
11440
7345
11442
3251
7351
11452
11458
3275
7374
11475
11479
11481
3289
11485
11487
11488
11490
11498
11500
3312
7412
11509
7415
3325
11524
3333
11527
11532
3344
11540
7444
11541
7446
11544
11551
3359
11554
7460
11571
7477
7482
11580
11582
11585
11589
3397
3398
11592
3400
7496
11598
3409
7505
11604
3414
11610
7519
11616
7525
7530
11627
11629
11632
11636
7541
11645
3453
3455
3456
7554
3460
7557
11658
11659
11660
11663
7574
11676
7581
11679
7585
7588
7589
11688
7593
7596
3501
7597
3502
3503
7599
11697
11698
3506
11706
11709
11712
11715
11718
3527
11724
11726
11728
11732
11739
7644
11744
7651
7652
7655
11753
7659
11758
7664
7665
11766
7672
11770
3580
7680
3585
11778
7688
3598
7697
7706
7709
7712
7717
11814
11816
3625
11823
11825
11829
11834
11836
7743
11840
7749
11856
7760
11864
11872
7777
11874
11877
11883
7789
11889
11893
3704
3708
11903
3711
3713
11909
7815
7819
7823
11923
7828
3734
11928
7832
11931
3740
11934
11935
3743
11936
3747
11942
3768
11969
7874
3779
11974
11977
3785
3787
3790
3792
7893
11996
3804
3805
7902
7904
12002
3815
12008
12011
12012
12013
12015
3829
12028
12029
3838
7935
12041
12042
3855
12048
3861
3863
3864
3865
7961
3866
3867
3868
12061
3869
3871
12064
3872
3873
3875
7974
3879
7985
12085
3893
3894
3897
7994
7995
7998
12096
3906
3908
3909
3910
3912
8008
3913
12106
3914
12108
3921
3922
3923
8019
3924
8020
3926
3928
3930
3933
3934
3935
8032
3938
3941
3944
3946
3947
3949
12144
3952
3953
3954
3955
3956
3958
3959
3960
12153
3961
3964
8061
3967
3975
3976
8074
3979
12175
3986
12180
3988
8084
3989
8086
3991
12184
3992
8088
12185
3993
12186
3994
3997
3998
4000
8097
4002
12195
4003
4004
4008
4009
4011
4012
4013
4014
4017
4019
4021
4024
4025
4026
4028
12227
8132
8134
4042
12235
4043
4045
4046
4051
4053
4054
4055
4056
4059
4060
4062
4065
4067
4069
4070
4071
12264
4072
4073
4075
4077
4080
8176
8177
4083
4085
4088
4089
4090
4091
4093
)


// ************************************************************************* //
