/*--------------------------------*- C++ -*----------------------------------*\
| =========                 |                                                 |
| \\      /  F ield         | OpenFOAM: The Open Source CFD Toolbox           |
|  \\    /   O peration     | Version:  2512                                  |
|   \\  /    A nd           | Website:  www.openfoam.com                      |
|    \\/     M anipulation  |                                                 |
\*---------------------------------------------------------------------------*/
FoamFile
{
    version     2.0;
    format      ascii;
    arch        "LSB;label=32;scalar=64";
    class       cellSet;
    location    "constant/tube_side_fluid/polyMesh/sets";
    object      region0;
}
// * * * * * * * * * * * * * * * * * * * * * * * * * * * * * * * * * * * * * //


1844
(
0
4100
8196
5
8
11
8203
4108
4109
4110
4112
8208
12305
4113
28
12317
29
31
32
12321
8226
8227
8228
4136
12329
4140
4141
45
46
47
4144
49
51
52
53
55
4152
57
58
12347
4155
59
8252
12349
62
63
65
4163
67
68
70
72
8267
8270
85
4183
4186
4188
8284
4191
4192
12386
12388
101
8293
12392
12405
12408
12409
4217
12410
12414
131
4229
8325
8329
139
140
4237
8333
142
143
8339
149
8341
151
152
154
12444
156
158
160
4257
4258
4259
163
165
166
167
8360
169
4268
172
173
174
8367
8368
4273
12467
180
12469
4280
184
187
4284
8381
8382
8387
8389
4299
12492
4300
8396
4302
8398
12495
12498
4307
211
4308
213
12502
12510
4320
8420
8424
8426
12524
12525
12529
8434
4341
4342
8438
4346
250
12542
12543
12545
8450
12547
4355
263
4361
12556
8461
4370
12566
4374
4375
4376
12569
12570
4378
12571
4387
12588
4404
12597
8502
8503
8507
8509
12607
12612
4421
4422
4423
8520
12617
4426
330
4427
8524
8525
4430
12628
4436
8533
8534
12631
4439
8537
4442
12635
4443
4445
351
4449
12644
12645
4459
4460
12659
12664
4475
8571
8575
8580
8581
8583
12683
4491
12684
4492
12685
12686
4494
8591
12688
4498
8595
8596
12693
4501
12704
12706
12711
8615
4520
4521
4524
4529
8629
12726
12733
449
12746
12748
4556
8660
12762
8673
12771
8681
8683
12784
496
8690
12787
4596
12798
8703
8706
4617
4621
8720
8722
4632
538
8731
541
545
8737
546
8738
547
548
549
8741
550
551
8743
553
4650
555
8747
8749
558
560
561
4658
562
563
565
566
4663
567
4667
4670
4671
575
4674
4675
579
582
583
584
8782
4691
595
4693
598
8790
600
601
8793
602
8794
4700
604
4702
607
8799
608
8800
8801
610
8802
611
612
4709
4710
614
8807
8810
4715
4716
8812
4718
623
8818
629
8823
4728
636
8829
639
640
8834
4740
8836
4742
647
651
652
4749
4750
4751
4752
658
4755
4757
662
8854
664
665
666
667
4766
4767
671
4768
4769
673
674
675
676
677
8869
679
680
4777
8874
4779
4781
685
8877
4782
686
8878
687
8879
4784
688
8880
4785
689
4786
690
8882
4787
691
4788
692
4789
4790
694
695
4792
696
4794
4795
700
701
704
4801
705
4802
707
8899
4804
708
4805
709
8901
4806
710
8902
711
8903
4809
4810
716
4813
717
4814
4815
719
4816
4817
721
8913
4818
722
4819
4821
726
8919
728
731
4828
732
4829
733
4830
4835
8932
4841
4843
8951
4859
8955
8957
8958
4868
4869
4872
8969
8973
782
4883
8980
8986
8988
8990
8991
4896
8996
8997
4902
8999
9001
4918
4922
4927
9026
9032
4938
9034
4941
4944
9042
4948
853
857
9052
4957
9053
4958
9058
9059
868
870
4969
5006
5008
5011
9109
927
9121
5026
9122
5027
5028
9124
5032
5036
9132
5041
9137
5048
5049
5052
9149
9160
970
5069
9183
5095
5097
9197
1007
9204
1016
9216
9221
9227
1041
9234
5139
9236
1047
9242
9251
9253
9256
1072
9269
9270
5176
5181
9280
9282
9283
9284
9285
9286
9287
9289
9290
9292
9293
1102
9294
9295
9296
9297
9298
9303
9306
9307
9308
9309
9310
9311
9312
9313
9314
9315
9316
9318
9319
9321
9323
1133
1135
9328
9331
9332
9335
9336
9338
9339
5244
9341
5247
9343
9345
9347
9348
5260
5262
9358
9359
9360
5265
9361
9363
9364
9365
5270
9366
1175
9368
9369
1178
9371
9372
9374
9375
9378
9379
9380
5285
9381
9384
5289
5293
1198
5295
9391
9392
9393
1202
9394
5299
9396
5304
9400
9404
5312
1216
1217
1219
9414
5319
5320
1225
9417
9423
9429
9430
5335
9431
5336
9432
9433
5342
5348
5349
1254
9450
5360
9460
9463
9468
9472
9475
9477
9478
9479
9481
1292
9489
9493
9496
9497
9502
1311
5410
5412
5416
1320
9522
5429
1334
1335
5433
9530
9532
1341
1343
9540
9541
9542
5452
5453
9549
1367
9559
1369
9565
5474
1379
1388
5485
9583
9584
5492
5496
9594
1403
9595
1407
9600
5505
9604
9605
5510
5512
9609
9613
9617
5522
9620
1430
1436
9634
5540
5541
9637
9641
9644
5552
9649
9652
9658
1471
9666
5575
1485
5584
1488
5588
5589
9687
5592
5594
5596
9694
5599
9699
5605
1510
9702
9705
9707
1516
5616
5617
9717
9721
9722
9723
5634
1541
5640
9737
5643
9740
5647
9743
1560
5661
1565
9759
9760
9761
9763
1574
9767
1576
9770
9775
9776
5681
5682
1587
5692
9788
1597
5695
9799
9802
9806
9807
1617
9809
5714
1618
9810
5735
5736
9836
5743
9844
9847
9848
1658
9851
5756
1673
1675
1683
1684
5788
5790
1697
9891
1704
9899
5809
1713
5813
9913
9914
9916
1725
9917
9918
1728
9922
9924
1733
9925
9927
9928
9929
9931
9933
5838
9936
5841
9941
9942
9943
9945
9948
9949
9951
9952
9953
9954
9955
9957
9958
9960
5865
9961
9963
5868
1772
9964
9966
9967
5873
9969
9972
9974
5879
9977
9978
1788
9980
9981
9982
9984
9985
9990
5896
9992
9997
9998
9999
5904
10000
10001
10002
1812
10004
10005
5913
10011
10015
1824
10018
10019
10021
10024
1833
10025
10026
10027
10031
10033
10034
10035
5941
5943
1852
5950
10046
1856
10052
1862
5959
10055
5960
1865
10057
10059
5968
10070
5975
5978
1882
5981
1886
5982
1889
10084
10085
1894
5993
1904
6000
6004
10100
10102
6007
10108
10109
10111
10112
10115
10118
10119
6025
10123
1934
6031
1947
1950
10152
6056
6057
10154
10155
6059
6060
10157
10158
10163
6071
6076
10177
1985
1986
10179
1988
6088
6090
6092
6105
10207
10208
6112
6114
2019
2023
6123
6127
6128
2039
6136
6139
2046
10239
6143
6152
10254
10258
10259
10260
6164
6166
2072
6172
6174
6176
6178
6180
6182
6183
6185
6190
6195
10292
6196
10293
10296
10297
10299
10300
6205
2112
2115
6213
6214
6215
2121
6217
2124
2125
2128
2129
2131
2132
2138
2139
6235
2140
10336
10337
2145
2146
10339
2147
10341
2149
10342
2151
2155
2156
2158
2160
2161
2164
2165
10358
2166
6262
2167
2169
2170
2172
2173
2175
2176
6272
10369
2178
2180
6280
2185
2187
10380
2188
2189
2192
2194
2195
2198
2200
2201
6298
6299
2204
6300
2205
6301
2207
6304
6308
2213
10407
2215
2216
2217
2218
2219
2220
2221
2222
6319
2224
2225
6322
2227
2229
2230
2232
6328
2233
2234
2236
2237
2238
2240
2241
2242
10435
6342
2247
2248
2249
2250
2251
2253
2255
2256
2257
6353
2258
2259
2260
2261
2262
6359
2264
2268
2269
6365
6366
2273
2275
2276
2277
2278
6376
2283
6380
2286
10479
2287
2288
6385
2290
6386
2291
6389
2295
6391
2296
6392
6393
2300
6397
2302
2303
2304
2305
2306
6402
2308
2309
2310
2311
2312
2315
2316
2320
2321
10514
6420
2328
2329
2330
2331
2332
6428
10527
2335
2336
6432
6433
6434
2339
2340
2341
2342
2343
2345
10538
2348
10542
2350
6446
6451
6453
10550
6454
2362
6460
10558
6472
2378
10573
6477
10577
2385
10579
6483
10580
10582
10583
10584
10585
10586
2396
10589
10591
10593
10596
10597
10598
2406
10600
10604
6508
2417
10610
10611
10612
10613
10615
10616
6520
2425
6521
10619
10620
2428
10621
6525
10628
10629
6533
10630
6535
6536
6539
10637
6541
2449
6546
6570
6581
6582
6584
2489
6585
6586
6588
10689
2501
6597
6601
6602
6603
2508
6605
6610
6611
6612
2517
6613
2518
6615
6616
6617
2522
6618
6620
6621
6623
6625
6628
6629
6630
6631
6632
6634
6636
6638
2544
6641
6649
6651
6652
6653
6662
6664
6665
6668
6670
6675
6677
6679
6681
6682
6683
2589
2591
10784
2592
6688
2593
6690
10787
6691
10788
6693
6695
6697
2604
2606
6702
6705
6706
2613
6709
6711
2622
6718
2623
2629
6728
6729
10838
6744
6745
6746
6747
10844
2652
6748
6749
6750
10848
2656
2665
2666
10861
6765
6767
6768
6775
6776
6784
6788
6799
2704
2710
6816
6818
2723
6820
2725
6821
6825
2737
2746
6845
2752
6848
6850
2763
6861
6868
10965
2774
10967
6872
2783
6879
2788
2793
6890
10987
6894
2800
6900
6907
6908
11006
2815
2832
6934
6944
2849
6945
6950
6955
6957
2862
6958
6963
2868
6965
6972
11071
6977
6979
6996
6997
6998
2903
7000
7001
7005
2919
7019
2924
7024
7025
2930
7027
7028
2933
7029
7031
7032
7035
2942
7039
2953
2954
7050
7051
11152
11164
7068
11165
7069
7070
7078
7079
2984
2986
11185
7089
11187
7093
7098
7101
3011
7116
7117
7122
7125
7127
7128
7129
3034
7132
3046
11239
7143
3051
7147
11246
7150
7154
7160
3071
7167
7169
7170
3076
7180
7184
11282
7187
7188
7190
11289
7194
7200
7201
7202
7204
7205
7208
7210
7215
7216
7217
7218
7219
7220
3125
7221
7222
7223
3129
7226
7227
7228
7229
7230
7233
7235
3143
7241
7242
3148
7245
7250
3155
7256
7257
7259
7260
7261
7263
7264
7265
7266
7270
7271
11368
7272
11369
7273
7274
11371
7275
3180
7276
7281
7285
7286
7287
7288
7290
3197
7294
7295
7296
7299
7300
7313
7315
3220
11414
7319
11417
7324
7325
7329
3241
3242
3247
3250
7346
7348
7349
7350
7352
7354
7355
7356
7358
7361
7362
7363
7365
3287
7384
7386
3291
7390
3300
3304
7400
3320
3321
11514
7421
7426
7428
7431
7433
7442
7449
11546
3355
7453
7455
3361
7458
7461
3367
3370
3371
3376
11572
7476
11573
7484
3410
11606
7512
7513
3418
7514
7521
7528
7531
3436
7534
11641
7549
11653
3463
3472
3483
11687
7591
7595
7598
3504
3508
3509
7606
3511
3515
3516
7616
11721
3531
7629
7643
7645
3552
3555
3557
7653
7661
3566
11760
3573
7669
11771
7682
7684
11783
11784
7692
7695
3601
7700
3618
11811
3620
7716
7720
7724
3630
7727
3635
3636
7733
11831
3642
3653
11847
3658
11854
3662
3663
7759
7762
7763
7764
3669
7766
7768
11865
7772
7774
7775
3680
3683
3686
7782
11879
7784
7785
7790
11887
3695
7794
7797
3705
7805
3710
3719
11929
3744
3748
11957
11964
11966
3782
3784
3786
7884
3789
3791
7894
3806
3808
3809
7912
7915
7916
7919
7923
7924
7926
7927
7934
7937
3844
12038
12039
3849
7957
7962
7965
7966
7970
7971
3877
3878
3880
3881
3885
3887
7984
3889
7987
3896
3899
3900
3902
3904
8000
3905
8001
8002
8007
12107
3915
3916
3917
12111
3920
8017
12117
8023
8024
3929
3931
3936
3937
3939
12136
12140
3948
3957
8056
3962
8058
3966
8062
12159
3968
3970
8066
3971
8067
3972
8068
3973
3974
12170
3983
3984
3985
8081
3995
3996
3999
12194
8098
8099
4005
8101
8105
8107
8110
8111
8112
4018
4022
4023
8119
12216
4027
8124
12221
4029
4030
8130
4036
4040
4041
8141
4047
8143
4048
8144
4049
12242
4050
8157
12255
4063
4064
8164
8166
8168
8173
12275
8179
12278
4086
12282
8187
4092
)


// ************************************************************************* //
