/*--------------------------------*- C++ -*----------------------------------*\
| =========                 |                                                 |
| \\      /  F ield         | OpenFOAM: The Open Source CFD Toolbox           |
|  \\    /   O peration     | Version:  2512                                  |
|   \\  /    A nd           | Website:  www.openfoam.com                      |
|    \\/     M anipulation  |                                                 |
\*---------------------------------------------------------------------------*/
FoamFile
{
    version     2.0;
    format      ascii;
    arch        "LSB;label=32;scalar=64";
    class       cellSet;
    location    "constant/tube_side_fluid/polyMesh/sets";
    object      region1;
}
// * * * * * * * * * * * * * * * * * * * * * * * * * * * * * * * * * * * * * //


1746
(
12288
1
12292
12293
12294
12296
12297
12298
12299
12300
12301
12302
12303
12304
12306
12307
12309
12310
12312
25
12313
12315
12316
12320
35
36
12325
38
12326
12327
12330
12332
12333
12335
12336
12337
12338
12340
12343
12344
12348
12350
12353
12355
12356
12358
12359
12360
12361
75
12363
12364
12366
12367
12368
12371
12372
12373
12375
12376
12377
12378
12380
12381
12382
12383
12384
99
100
12389
102
12390
12393
12394
12397
12399
12402
12404
121
12412
12413
4222
12416
12417
12418
12419
12420
12422
12423
12426
12427
12429
12432
12435
148
12436
12437
12438
12439
12441
12442
12445
12447
8353
161
12449
12450
12451
12453
12454
12455
12456
12457
12458
12460
12462
12463
12464
12465
12466
12471
12472
12473
12476
12477
12478
12479
12480
12481
12484
12486
12487
12491
12493
12494
8400
12497
12501
8406
12503
12504
12505
4314
12506
12507
12509
4318
12511
12513
4322
4323
12515
228
4324
12516
4325
230
4326
12519
12520
4329
12521
12523
4332
4333
12527
4336
12528
4338
4339
12531
12532
12534
12535
12536
249
12537
12539
4348
12541
4351
4352
12544
12546
12549
262
12551
12552
12554
4363
12555
8460
4364
12557
12558
12559
8465
4369
12561
4371
4372
4373
12565
12568
12572
12573
4382
12574
4383
12575
4384
12576
12577
12578
12579
12580
12581
4391
4392
12584
12585
4394
12587
300
4396
4397
12589
4398
12590
12591
4400
12592
4401
12593
4402
12594
4403
12595
4405
4406
12598
4407
4409
12601
12602
4411
12603
12605
12606
4415
4416
12608
4418
4420
12613
12615
12616
12619
12620
4429
12622
4431
4432
12624
4433
4434
12626
12627
4437
4438
12632
4440
12633
4441
12636
4444
4446
12639
8543
12642
4450
12643
4451
4452
357
4453
12646
4454
12647
12649
4457
12651
12652
12653
8557
4461
12654
8558
4462
12655
4463
12656
4464
12657
12658
4466
4467
12660
4468
4469
4470
12663
12665
12666
12667
12668
4476
12669
12670
4478
12671
4479
12672
12673
12674
4482
12675
4483
12676
4487
12680
8584
12681
12682
4493
12687
4495
4496
12689
4497
12690
12691
4499
12692
4500
4502
8599
4503
12697
4505
12698
4506
12699
4507
12700
12701
12702
4510
12703
4511
4513
8610
4515
12708
4516
4517
12710
4518
8616
12713
12715
12716
12717
429
12718
12719
4527
12720
12721
12722
4533
12727
12728
4536
12729
4537
12731
4539
12732
4540
4541
12734
4542
12736
4544
12737
4545
8642
4546
12739
4547
12740
4548
453
4549
4550
12743
4552
460
12749
462
12751
463
12752
4560
12753
465
4561
12754
466
12755
467
4563
12756
468
12757
469
4565
12758
470
12759
4567
12760
4568
12761
473
4569
12763
4571
12765
477
4573
12766
478
4574
12768
480
12769
481
8675
483
4579
12772
484
12773
486
4582
12775
4583
4584
12777
4585
12778
491
12780
492
4588
12781
4589
12782
494
4590
495
4592
497
12786
498
4594
499
12788
500
12789
501
4597
12790
502
12791
4599
4600
505
4601
12794
506
12795
4603
12796
12797
4605
4606
12799
12800
4608
12801
12802
4610
4611
4612
4613
4615
4619
4624
4625
4626
4627
4628
4629
534
537
4634
4636
4639
4640
4641
4642
4649
4651
4653
8750
4654
559
4656
4657
4659
4664
8761
4665
4666
4669
4672
4676
4678
4682
4685
4687
4688
4690
8788
4692
4701
8798
4703
4704
4706
4707
4708
4711
4713
8811
4720
8817
4721
4723
4724
631
4727
4730
4732
8831
4736
697
698
8892
702
8900
724
8927
8944
8948
8956
4940
9070
9075
4981
893
9099
930
9143
9155
5105
5115
5151
9261
1069
9304
1137
9334
9346
9367
9370
5274
9387
9395
9434
5340
1245
5343
1270
9484
9485
9501
1325
5454
5470
9575
9578
9602
9653
9668
9671
9686
9692
1509
9728
9764
9773
1586
1623
9830
9834
5747
9845
5783
5803
9909
1723
9962
9973
5885
9988
9989
1819
10012
5921
5929
10028
10030
1841
1842
1844
1848
1850
1853
10047
1855
1857
10051
1868
10065
1873
10067
1875
10068
1879
10075
1883
1884
10078
10079
10080
1888
1892
10086
10087
1895
10088
10090
10091
10092
1903
10097
10098
1909
1911
1917
1918
1920
1924
1926
1927
1929
1930
10124
1932
10125
1933
1935
1937
1940
10135
10137
1946
10139
10141
1949
1951
10144
1952
6048
1954
1955
10148
10149
1957
10150
1958
1959
1961
1965
1966
1967
1969
10166
1974
10167
1976
10169
1977
1978
10171
1979
1981
10175
6081
10180
1991
10185
1993
1994
1995
1996
1997
10190
1999
10192
2001
10196
2004
2005
10199
10200
2008
10201
10202
2010
10204
2012
10205
2013
2015
2016
2018
10211
2021
10215
10217
10218
2026
10219
10221
2029
10223
2031
2034
10229
2037
2038
10232
10233
10235
10236
2044
10237
10238
2049
10243
10245
2054
10247
2055
2057
2058
10251
2059
2060
2061
2062
2063
2064
2068
2069
10263
10264
10266
2074
2075
10268
10269
10270
10271
2079
10272
10274
2082
10277
10278
2086
2088
2089
2091
10284
2092
2093
10288
10289
2097
10290
2098
2103
10301
10305
2114
2118
10311
2119
10312
10315
10320
10321
10322
10325
10328
10330
10331
10335
10343
10348
2157
10351
10352
10353
10354
10355
10356
10357
10359
10360
10361
6266
10364
10365
10367
10371
10373
10374
10381
10386
10388
10389
10390
10391
10394
10396
10398
10399
10400
10401
10402
10403
10405
10406
10409
10410
10412
10414
2223
10418
10420
10421
10423
10426
10428
10429
10433
2244
10439
6345
10443
10445
6352
10449
10450
10457
10458
10462
10464
10465
10466
10468
10470
10471
10473
10474
10476
10477
10478
10480
10482
10483
10485
10486
10487
2299
2301
10493
10494
10495
10497
10500
10504
10509
10510
10517
10520
10523
10524
10526
10528
10529
10534
10535
10536
10545
10546
10547
10549
10551
10553
10554
10555
10556
10559
10560
10561
10563
10566
10567
10568
10625
10648
10651
2509
6609
10706
10711
10727
2552
10758
10766
10791
10896
6824
2739
10966
2777
10981
10993
6933
6936
2867
11073
11077
11139
11159
11166
2989
3004
11200
11210
11242
7156
11277
3090
7195
7196
7197
7198
7199
7207
7209
11306
7212
7214
11324
7254
3166
7267
7268
11372
7282
7306
7308
7309
7310
7314
7316
7317
7320
7322
7323
7326
7327
11425
7331
11428
11429
7335
11431
11432
11433
7338
11434
7339
11435
11437
7342
7343
11439
11441
11445
11447
11449
11450
11451
11453
11454
11456
11457
11459
11460
11461
11462
7367
11463
11464
7369
11465
7370
11466
7371
7372
11468
7373
11469
11470
7375
11471
7376
11472
11474
7380
11476
11477
11478
7383
11480
11482
7387
11483
7388
7389
11486
7391
7392
7393
11489
7395
11491
7396
7397
7398
11495
11496
11497
7402
11499
11501
7406
7407
11503
11504
7409
11506
11507
7413
11512
11513
7418
11515
11516
7422
11518
7423
11519
11520
11521
11522
11523
7429
11525
7430
11526
7432
11528
11529
7434
11530
7435
11531
7437
11533
7438
11534
7439
11535
7440
11536
11537
11538
7445
11543
11545
7450
11548
11549
7456
11552
11553
11555
11556
7462
11558
11560
11561
7466
11562
7467
7468
11564
7469
11566
7473
7474
11570
7478
11574
11575
11576
7481
11577
11578
7483
11579
11581
7486
7487
11583
7489
11586
7491
11587
7492
11588
7493
11590
11591
11593
7498
11594
11595
7500
11596
11597
7502
7503
11599
11600
11601
7506
11602
11603
11605
7510
7511
11607
11608
11609
11611
11612
7517
7518
11615
11617
7522
11618
11619
11620
11621
11622
7527
11624
7529
11626
11630
11631
7536
11633
3442
11634
7539
11635
7540
11637
7542
11638
7543
11639
7544
11640
11642
11643
7548
7550
11646
11648
11650
11651
7556
11652
7558
11654
11655
11656
7561
11657
7562
7564
7565
11661
7566
11662
11664
7569
11665
7570
11666
7572
11668
7573
11670
11671
11672
7577
11673
7578
11674
7579
7580
11677
11678
7583
7584
11680
11681
7586
11683
11685
7590
7592
7594
11690
11695
7600
7601
7602
7603
11699
11700
7605
11702
11703
11704
7609
11705
7610
7611
11707
11708
7613
7614
11710
7615
11713
7618
7620
11716
7621
7622
11719
7624
11720
7627
7628
11725
7630
7631
11727
7633
11729
7634
7635
11731
7636
7637
11733
11734
7640
11736
7641
11737
7642
11740
11741
7646
7647
11743
7648
11745
11746
11747
11748
11749
7654
11750
11751
7656
11752
11754
11755
7660
11756
7662
11759
11761
11762
11763
11764
7671
3575
11767
11768
11769
7674
7675
11772
7678
11774
11775
11776
11777
7683
11779
11780
7685
7686
11782
7687
7690
7691
11787
7693
11789
7694
11790
11791
11792
11793
7698
11794
7699
11795
11796
11797
7702
11798
7703
11799
7704
7705
11801
11802
7707
11803
7708
11804
7710
7711
11808
11809
7714
11810
7715
11812
11813
7718
11815
11817
7723
11820
11821
7726
11822
11824
7729
7730
11826
7731
11827
11830
7736
11833
7738
7739
7740
7741
7742
11838
11839
7744
7745
11841
11842
11843
7748
11844
7750
11846
7752
11848
7753
11849
11850
11852
7757
11853
11855
11858
11859
11862
11863
11866
11867
11868
11869
11870
11873
7778
11876
11878
11880
11881
11884
11885
11888
11890
11891
11892
11894
11895
11896
11897
11898
11899
11901
11902
11904
11906
11907
11908
11910
11913
11915
11916
11917
11918
11919
3728
11921
11922
11924
11925
11926
11927
7835
11932
11933
11937
11939
11940
11943
11946
11948
11949
11950
11951
11952
11953
11955
11956
11958
11961
11962
11965
11968
11971
11972
11973
11975
11976
11978
11979
11980
11981
11982
11983
11984
11985
11987
11988
11990
11991
11992
11993
11994
11995
11997
11999
12000
12001
12003
12005
12007
12009
12010
12016
3826
12018
12019
12020
12023
12024
12026
12027
12030
12031
12033
12034
12035
12037
3846
12044
12045
12046
12047
12049
12051
12052
12054
12055
12056
12057
12058
12059
12062
12063
12066
12067
12068
12070
12072
12073
12074
12076
12077
12079
12080
12081
12082
12084
12086
12088
12089
12090
12091
12092
12093
12094
12095
12098
12099
12100
12101
12102
12104
12105
12110
12113
12114
12118
12119
12120
12121
12123
12124
12125
12126
12127
12128
12129
12130
12131
12133
8038
12134
12137
12138
12139
12141
12142
12143
12145
12147
12148
12149
12150
12152
12154
12155
12156
12157
12158
12160
12162
12163
12164
12166
12167
12168
12169
12172
3981
12173
12176
12177
12178
12181
12183
12187
12188
12189
12191
12192
8100
12197
12198
12199
12200
12202
12204
12205
12206
12208
12209
12210
12211
4020
12212
12213
12214
12217
12218
12219
12220
12222
12226
4035
12228
4038
12230
12231
12233
12234
12237
12238
12239
12241
12243
12244
12245
12246
12248
4057
12250
12251
12252
12253
12256
12257
12260
12261
12262
12263
12266
12267
12268
12269
12270
12273
12274
12276
12277
12279
12280
12281
12283
12285
12286
)


// ************************************************************************* //
