/*--------------------------------*- C++ -*----------------------------------*\
| =========                 |                                                 |
| \\      /  F ield         | OpenFOAM: The Open Source CFD Toolbox           |
|  \\    /   O peration     | Version:  2512                                  |
|   \\  /    A nd           | Website:  www.openfoam.com                      |
|    \\/     M anipulation  |                                                 |
\*---------------------------------------------------------------------------*/
FoamFile
{
    version     2.0;
    format      ascii;
    arch        "LSB;label=32;scalar=64";
    class       cellSet;
    location    "constant/tube_side_fluid/polyMesh/sets";
    object      region2;
}
// * * * * * * * * * * * * * * * * * * * * * * * * * * * * * * * * * * * * * //


1874
(
2
4098
8205
4111
4114
4121
4123
4124
4126
4129
4133
43
4139
4143
4145
4146
4147
4148
4154
61
4157
4162
8260
4164
4165
4168
73
4169
74
4171
4172
4174
4176
4177
4178
4179
4200
4201
4208
4212
122
123
125
4226
12421
4230
136
4233
4234
4235
4238
8335
146
4242
4245
12440
4252
4253
159
4256
4260
4263
4266
4269
4271
4272
4274
8377
4282
4286
4287
4288
4290
4292
4294
4303
4305
214
4317
4319
4327
4328
4330
4331
4334
4335
241
4337
242
243
245
246
247
248
4345
251
4347
4349
255
8448
256
4353
258
4354
4356
261
4357
4358
4360
269
4365
270
4368
12563
275
279
280
281
282
283
4379
285
4381
287
288
289
4385
8482
290
291
292
293
294
295
296
4393
301
304
305
306
309
312
4408
314
4410
4413
318
320
4417
324
4424
4435
4448
4456
4458
8568
4472
4473
4474
4477
4480
4481
4484
4485
4486
391
4488
393
4489
4490
8590
4504
8604
4509
12707
4519
4523
4526
4528
8626
4530
4531
4532
4535
8641
8649
4554
4558
4562
4564
4566
4575
4576
4580
4581
4586
4587
493
4591
12785
4593
4595
4598
4602
4607
513
515
4614
519
520
4616
522
4618
524
4623
8725
4635
540
4644
4646
4647
4652
4655
4660
4661
4668
4673
4677
4679
4680
4683
4684
4686
4689
4694
4695
4696
4698
4705
8808
4714
8813
4717
4719
4725
4726
4729
4731
4733
4734
4735
4739
4743
4744
4747
4753
4754
4756
4759
4760
4761
4762
4763
668
4764
4770
4771
4772
4773
4774
4775
4780
4783
4793
4796
4797
4800
4803
4811
4820
727
4824
729
4825
4827
4831
4832
4834
4839
4842
4845
4848
4852
4856
4860
4865
4867
8966
8967
4871
8978
8982
4904
4905
4911
4912
4913
4914
4915
9016
4921
4923
4939
9036
4945
4946
4949
4952
4953
4954
4956
9062
4971
4975
4976
4992
9096
5004
911
5007
913
918
5015
920
921
922
5018
925
926
928
5024
5029
934
937
938
5034
940
941
9134
5038
5039
944
5040
5042
5043
948
949
5045
950
5046
951
5047
953
954
5050
955
956
5054
5055
5056
961
5058
963
5060
5061
9158
5062
5064
969
5065
971
5067
5068
974
5070
975
5071
976
5072
977
5073
978
5074
979
980
5076
5077
5078
983
5079
984
5080
985
5081
986
5082
987
5083
988
5084
5086
991
5087
992
5089
995
5091
996
5092
998
5094
5096
1001
5099
1004
5100
5101
5102
5103
1008
1010
5107
1012
5108
1013
5109
1014
5110
1015
5111
5112
1017
5113
1023
5121
5122
5123
1028
5125
1030
5126
1031
5127
5128
1033
5129
5130
5132
5133
5134
5135
5136
5138
1044
5140
1045
5142
9239
5143
1048
1050
1051
1054
1056
5152
5154
1059
5155
1060
5156
1061
5157
1062
5158
5159
5160
1065
5161
5162
5163
1068
5165
1070
5166
1071
5167
5168
5169
5170
5171
5172
5173
5174
5175
1081
5177
5178
1083
5179
1084
5180
1085
1086
5182
1087
1089
5185
1090
5186
1091
5187
1093
5189
1094
1095
5191
1096
5192
1097
5193
1098
5194
1099
5195
5196
5197
5198
1103
5199
5200
5201
1106
5202
1108
1109
1110
5206
1111
1112
5208
1113
5209
1114
5210
1115
5211
1116
5212
5213
1118
5214
1119
5215
1120
5216
5217
5218
5219
5220
1125
5221
1126
5225
5226
1131
5227
5228
9325
5229
1134
5230
9327
5231
5232
5233
1138
5235
5236
5237
5238
1143
5239
1144
5240
1145
1147
1149
1150
1151
5248
5250
5252
5254
5255
5256
5259
5263
5264
5266
5267
5268
5269
5271
5272
5275
5276
5278
5279
5280
9377
5281
5282
5283
5284
5286
5287
5290
5291
5292
5296
5297
5298
5300
5301
5302
5303
5306
5307
5311
5313
5314
5315
5316
5317
5318
5321
5322
5323
5324
5325
5327
5328
5330
5331
5332
5338
5344
5345
9442
5346
5347
5350
5351
9448
5352
5353
5354
5355
5356
5357
1263
5359
1265
5361
5362
5363
5364
5367
5368
5369
5370
5371
5372
5374
5375
5376
5377
5378
5379
9476
5381
5382
5383
5384
5385
5386
5387
5388
5390
5391
5392
5393
5394
5396
5397
5399
5400
5403
5405
5407
5408
5411
5413
5414
5415
5417
5418
5419
5421
5422
5423
5424
5425
5426
5427
5428
5430
5431
5432
5434
5435
5436
5437
5438
5439
5440
5441
5442
5443
5444
5446
5447
5448
5449
5450
5451
5455
5457
5458
5459
5463
5464
5465
5478
5480
5482
5484
5486
5487
5489
5490
5493
5494
5495
5509
5513
5516
5517
5519
5524
5526
5528
5530
5531
5542
1450
5557
5559
5564
5566
9663
5567
5568
5571
5576
5577
5578
5582
5583
5586
5587
5591
5603
5607
5610
5611
5613
5614
1522
5619
5631
5632
9729
5633
5635
5636
5638
5644
5645
5649
5663
5664
5670
5673
5676
5680
5683
5686
5687
5702
9801
1611
5709
5711
5713
5719
5720
5723
5732
5734
5738
5740
5753
5755
9857
5761
5767
5768
5769
5775
5776
5798
9908
9940
9944
5850
9987
10003
1864
5977
1891
1896
10093
1906
1907
1912
1913
1914
10107
1915
1922
1923
1925
1928
1931
10128
1936
10129
1938
10132
1942
1944
1945
6046
1953
6050
1956
10151
1960
1962
1963
1964
1968
1970
10164
1972
1973
6077
10174
1983
1989
1990
1998
2000
2006
2011
2014
10210
10213
2022
2024
2027
2028
2032
2040
2041
2042
2047
2048
6146
2052
2056
6158
10257
2065
2066
2067
2070
10265
10267
2077
2078
2080
2081
2083
2084
2085
10279
2087
2095
2096
10291
2099
2100
2101
10294
2102
2104
2106
2107
2108
2109
2110
6206
2111
2113
2120
2122
6218
2123
2126
10319
2127
2130
2133
2134
2135
2136
2137
2141
2148
2150
10347
2163
2168
2171
2177
2179
2181
2182
10375
2183
2184
2186
2190
2193
2197
2199
2202
2203
2206
2208
2209
2212
2214
6314
2226
2228
2231
2235
2239
2243
2254
10448
10453
10460
10461
2272
10469
2279
2280
10475
2294
2317
2319
10512
2322
2323
2324
2325
2327
2333
2344
2346
2347
2349
2355
2357
2358
2359
2360
2365
2366
2367
2369
2371
2374
2375
2376
2384
2389
2392
2393
2394
2398
2399
2400
2403
2404
2409
2410
2413
10608
2422
2426
10624
2436
2437
10635
10638
2446
2447
10643
2451
10644
2454
2461
2462
2463
2464
2465
2466
2467
6571
2488
10681
2490
2493
2494
2497
10690
2498
2499
2502
2503
2506
2507
2511
2512
2513
2514
2519
2520
2521
2525
2526
2527
2530
2531
2533
2534
2537
2545
2548
10746
2554
2556
10749
2562
2563
2564
2565
2567
2570
2571
2572
10765
6669
2574
2590
2595
2596
10793
2601
10794
2602
2603
2605
2608
6704
2609
2610
10804
2624
2626
10820
2628
2631
2633
2634
2635
2637
2638
2639
2640
2643
2644
2645
2650
2653
10850
2659
10852
2660
2661
2662
2663
2670
2672
2673
2674
2675
2676
2677
2678
2679
10873
2681
2683
2684
2686
2687
2688
2689
2690
2691
2692
2693
2694
2695
2696
2697
2698
2699
2700
2702
2703
2705
10898
6802
2707
2709
2711
2712
2713
2714
2715
2716
2717
2718
10917
10919
2727
2728
2729
2730
2731
2732
2733
2734
6830
2735
2736
10930
2738
2741
2742
2743
2744
2745
2747
2748
2749
2750
2751
2753
2754
2755
2756
2757
10950
2758
2759
2760
2764
2773
2775
2776
2778
2780
2781
2782
2784
2785
2786
2787
2789
2791
2792
2794
2795
2796
2797
10990
2798
2799
2801
2802
2803
2804
2805
2806
2808
2809
2810
2811
11004
2812
2813
2817
2818
2819
2820
2821
2822
2823
2824
2825
2826
2827
2828
2829
2830
2831
2833
2834
2835
2836
2837
2838
2839
2840
2841
2842
2843
2846
2847
2848
2850
2852
2858
2859
2860
2861
2863
11057
2865
2869
2870
2873
11066
2874
2875
2876
2877
2878
2881
2882
2883
2885
2886
11079
2887
2888
2889
2890
11083
2891
2892
2893
2894
2895
2896
2897
2898
2899
2900
2901
11094
2902
2904
2905
2906
2907
11100
2909
2910
2918
2920
2921
2922
2923
2925
2926
2927
2928
2929
2931
2932
2934
2936
2937
2938
2939
2940
2941
2943
11141
2950
2951
2952
2955
2956
2957
2958
2960
2961
2962
2963
2964
2965
2966
2967
2969
2972
2975
2977
2978
2980
2982
2983
2985
2988
2990
11183
2991
2992
2993
2994
2995
2997
2998
2999
3000
3002
3003
3005
3006
3007
3008
3009
11202
3010
3012
3013
3014
3015
3016
3019
3020
3021
3022
3023
3024
3025
3027
3029
3030
3031
3032
3033
3035
3036
3038
3039
11232
3040
3041
3042
7138
3043
3044
3045
3047
3048
3049
3050
3052
11245
3053
3054
3055
3057
3058
3059
3060
3063
3064
3065
7161
11258
3066
3067
11260
3068
3069
3070
3072
3073
3074
3077
11278
3088
3089
3099
3100
3102
3105
11305
3114
3115
3133
3134
3135
3138
3141
3142
3144
3145
3146
3147
3149
3150
3153
7249
3157
3159
3164
3170
3174
3175
3179
3183
11377
3188
3193
3194
3209
3221
3232
3236
3243
7340
3245
3246
3249
3252
3253
3255
3256
3257
3260
3261
11455
3270
11467
3277
3282
3284
3285
3286
3290
3293
3296
3298
3299
3302
3307
3309
11502
3316
3318
3323
3329
3340
3345
3346
3348
3353
7452
3357
3358
3368
3369
3377
3385
3386
3389
3391
11584
3394
3401
3404
3406
3408
3411
3413
3415
3416
3421
3424
3426
3434
3435
7533
3439
3443
3445
3447
3452
11649
3458
3461
3462
3464
3465
7563
3475
3476
3478
3479
3480
7576
3487
3488
3497
3499
11701
3510
3512
3514
3517
3518
3525
7625
3533
3535
3539
3547
3548
3550
7650
3564
3577
3578
3579
3581
3586
3589
3590
11786
3595
3600
3603
3604
3605
3606
3613
3614
3615
3617
3621
3628
3634
3638
3646
3650
3652
3655
3657
3660
3664
11857
3666
3668
7776
3681
3682
7781
7783
3692
7788
3694
7791
7792
3697
7793
3698
7795
7796
3701
3702
7800
3709
7806
7807
7810
3716
7813
3718
7814
3720
7816
7817
3722
7821
7826
7827
7831
3738
7834
7836
7837
7838
7839
7840
3746
7843
3749
7847
7848
3755
7851
3756
7852
7853
7854
3759
3760
7856
7857
7858
3763
7859
7860
7861
7862
7863
11960
7864
7866
7869
3773
7870
3775
7872
3776
7873
7876
7879
3783
7880
7881
7883
3788
7885
7887
7888
7889
7890
3794
7895
7896
7897
7898
3802
7900
7906
3810
7907
7908
7911
3818
7918
3827
7925
3830
7928
7930
7931
7933
3839
7936
7939
7940
3845
7944
7945
7946
7947
7948
7949
3853
7950
7951
3856
3857
3858
7955
3859
7956
3862
7960
7963
7964
3870
7967
7969
3874
7973
7975
7976
7977
7978
7979
3883
7980
3884
7981
3886
7986
3890
3891
7988
3892
7991
3895
7992
3898
7997
3901
7999
3903
8003
8004
8006
8010
8013
8014
3918
3919
8018
3927
8025
8026
8027
8028
3932
8031
8033
8034
8036
8037
3942
8039
3943
8040
8041
8042
8044
8045
3950
8047
3951
8048
8049
8050
8052
8053
8054
8055
8057
8059
8060
3965
8063
8064
8065
3969
8069
8070
8071
8072
3977
3978
8076
8077
8078
3982
8079
8080
3987
3990
4001
4006
4007
4010
4015
4016
4031
4032
4034
4037
4039
4044
4058
8160
4068
4074
4078
4079
4082
4087
4094
)


// ************************************************************************* //
