/*--------------------------------*- C++ -*----------------------------------*\
| =========                 |                                                 |
| \\      /  F ield         | OpenFOAM: The Open Source CFD Toolbox           |
|  \\    /   O peration     | Version:  2512                                  |
|   \\  /    A nd           | Website:  www.openfoam.com                      |
|    \\/     M anipulation  |                                                 |
\*---------------------------------------------------------------------------*/
FoamFile
{
    version     2.0;
    format      ascii;
    arch        "LSB;label=32;scalar=64";
    class       labelList;
    location    "constant/domain5/polyMesh";
    object      cellRegionAddressing;
}
// * * * * * * * * * * * * * * * * * * * * * * * * * * * * * * * * * * * * * //


1828
(
28
67
334
1169
1423
1540
1546
1547
1549
1553
1561
1565
1575
1576
1580
1583
1588
1593
1616
1619
1620
1844
1847
1853
1856
3188
3200
3233
3239
3265
3285
3300
3423
3447
3491
3492
3512
3562
3571
3652
3656
3661
3684
3733
3802
3856
3881
3892
3980
4117
4201
4209
4211
4366
4369
4370
4386
4471
4475
4494
4497
4500
4522
4524
4535
4553
4640
4724
4737
4787
4833
4860
4909
4942
4950
4959
4970
4974
5040
5055
5222
5229
5292
5344
5346
5353
5391
5464
5544
5608
5633
5657
5760
5764
5769
5773
5780
5787
5795
5798
5812
5814
5838
5860
5862
5901
5904
5906
5907
5931
5932
5944
5946
5950
5961
5977
5986
5993
5995
6003
6009
6027
6030
6035
6037
6062
6072
6077
6079
6082
6089
6104
6164
6182
6202
6204
6209
6215
6221
6230
6233
6242
6248
6249
6254
6255
6259
6271
6272
6279
6285
6300
6304
6311
6332
6342
6366
6368
6370
6390
6391
6394
6403
6414
6415
6418
6419
6424
6429
6432
6438
6439
6442
6443
6461
6462
6477
6479
6488
6509
6511
6513
6525
6535
6539
6566
6570
6578
6579
6580
6588
6592
6595
6597
6605
6618
6622
6631
6635
6637
6639
6642
6643
6646
6647
6650
6658
6682
6688
6695
6710
6714
6722
6734
6745
6748
6756
6764
6766
6769
6784
6786
6812
6855
6865
6884
6905
7115
7123
7153
7161
7225
7227
7335
7342
7372
7430
7568
7582
7583
7613
7639
7718
7833
7972
7973
8127
8128
8172
8287
8369
8443
8571
8675
8676
8677
8693
8694
8698
8714
8724
8730
8735
8762
8829
8836
8936
8942
8992
9201
9235
9268
9275
9437
9484
9594
9675
9689
9696
9713
9921
9978
9985
10069
10141
10145
10151
10163
10169
10170
10309
10338
10345
10399
10462
10518
10540
10608
10724
10814
10881
10893
10931
10986
10997
11017
11138
11139
11150
11151
11209
11325
11395
11420
11447
11461
11529
11633
11645
11699
11701
11714
11715
11769
11773
11850
11923
11947
11993
12024
12087
12237
12277
12347
12398
12487
12535
12555
12604
12657
12821
12822
12824
12849
12879
13040
13058
13062
13075
13265
13267
13272
13281
13353
13660
13678
13738
13861
14147
14155
14171
14175
14247
14263
14273
14285
14360
14392
14408
14413
14420
14431
14475
14478
14525
14576
14609
14685
14705
14709
14712
14717
14718
14719
14722
14723
14728
14731
14732
14739
14756
14781
14783
14792
14814
14823
14825
14827
14836
14839
14841
14894
14897
14904
14905
14911
14915
14921
14934
14942
14951
14962
14969
14980
14984
14986
14991
15001
15003
15004
15008
15009
15012
15015
15017
15019
15029
15037
15073
15077
15085
15112
15116
15117
15123
15124
15129
15135
15144
15147
15162
15173
15177
15181
15194
15197
15202
15207
15212
15213
15231
15238
15248
15271
15274
15289
15291
15338
15340
15345
15347
15374
15391
15392
15393
15394
15400
15402
15408
15420
15426
15430
15437
15449
15451
15455
15458
15462
15467
15476
15478
15486
15487
15489
15490
15499
15510
15511
15531
15532
15535
15537
15539
15540
15541
15583
15587
15591
15595
15610
15612
15614
15625
15646
15651
15652
15654
15656
15659
15669
15671
15686
15727
15728
15735
15758
15759
15776
15779
15792
15796
15822
15835
15854
15856
15877
15878
15904
15910
15916
15931
15938
15939
15941
15949
15980
15981
15990
15992
16002
16007
16016
16018
16024
16027
16029
16032
16042
16045
16062
16064
16071
16085
16097
16100
16112
16124
16128
16138
16141
16165
16167
16181
16184
16186
16200
16206
16233
16234
16251
16263
16272
16291
16295
16299
16300
16301
16319
16330
16362
16371
16386
16387
16389
16398
16412
16420
16427
16442
16449
16450
16460
16461
16477
16559
16565
16593
16633
16677
16706
16708
16720
16722
16761
16829
16852
17182
17198
17242
17402
17408
17416
17455
17578
17669
17676
17689
17707
17819
17987
18085
18144
18147
18188
18256
18263
18321
18413
18473
18481
18510
18545
18586
18595
18596
18601
18609
18623
18627
18630
18650
18975
18992
19153
19164
19220
19221
19235
19239
19251
19267
19269
19272
19284
19290
19340
19366
19369
19400
19439
19455
19466
19556
19575
19613
19661
19676
19725
19758
19770
19771
19864
19880
19883
19923
19926
19994
20076
20117
20133
20251
20272
20389
20396
20515
20553
20565
20650
20914
20915
20920
20954
20972
20986
21064
21080
21114
21122
21125
21213
21243
21257
21262
21275
21303
21385
21457
21717
21722
21723
21733
21734
21737
21807
21809
21813
21916
21939
22001
22015
22017
22037
22063
22213
22226
22235
22239
22240
22283
22294
22312
22375
22539
22564
22594
22595
22601
22732
22734
22743
22789
22877
22930
22957
22966
22973
23039
23068
23077
23095
23112
23115
23124
23134
23144
23158
23170
23183
23185
23334
23462
23535
23614
23661
23673
23677
23763
23817
23872
23895
23910
24014
24029
24032
24039
24049
24178
24183
24218
24357
24539
24550
24552
24590
24629
24636
24669
24676
24687
24689
24774
24827
24835
24836
24883
24993
25024
25067
25096
25103
25104
25117
25121
25127
25169
25278
25286
25304
25309
25317
25323
25324
25348
25361
25370
25374
25404
25457
25483
25485
25491
25493
25499
25536
25537
25538
25539
25546
25555
25556
25568
25583
25589
25593
25595
25598
25600
25602
25606
25610
25615
25627
25630
25631
25653
25676
25687
25726
25730
25732
25739
25741
25742
25747
25753
25758
25767
25769
25777
25779
25808
25809
25832
25848
25851
25881
25882
25888
25891
25892
25898
25900
25903
25923
25925
25930
25932
25943
25944
25946
25951
25987
26014
26047
26059
26065
26067
26103
26125
26138
26151
26156
26162
26171
26195
26207
26216
26224
26230
26236
26270
26277
26289
26291
26293
26296
26298
26304
26309
26312
26317
26322
26335
26339
26342
26351
26358
26362
26393
26413
26414
26415
26424
26426
26429
26433
26453
26463
26465
26482
26484
26487
26494
26503
26509
26510
26515
26517
26519
26525
26539
26547
26550
26565
26583
26584
26592
26594
26596
26598
26602
26611
26612
26620
26630
26639
26641
26643
26652
26655
26658
26661
26677
26692
26699
26701
26710
26712
26715
26716
26722
26726
26729
26730
26738
26760
26774
26789
26790
26791
26792
26797
26802
26806
26807
26808
26809
26819
26828
26835
26869
26888
26894
26902
26907
26909
26911
26914
26916
26948
26951
26959
26977
26978
26980
26987
26992
26993
26994
27003
27015
27017
27018
27025
27028
27048
27055
27058
27060
27069
27075
27086
27090
27112
27117
27126
27134
27137
27138
27153
27155
27156
27164
27166
27167
27171
27178
27203
27205
27207
27213
27217
27227
27250
27260
27272
27279
27285
27288
27297
27308
27322
27342
27346
27356
27365
27385
27390
27457
27458
27465
27554
27555
27556
27581
27631
27709
27712
27718
27734
27780
27883
27885
27945
28004
28090
28119
28210
28321
28337
28479
28485
28534
28602
28620
28647
28682
28777
28804
28816
28878
28952
28960
29059
29085
29095
29119
29124
29136
29146
29153
29160
29322
29343
29351
29360
29371
29379
29383
29405
29433
29452
29482
29506
29513
29516
29530
29629
29644
29685
29787
29836
29918
29929
29938
29946
29954
30055
30102
30130
30135
30239
30309
30351
30392
30418
30419
30424
30464
30514
30519
30558
30672
30715
30747
30757
30762
30807
30939
30949
31107
31112
31347
31452
31515
31527
31554
31556
31592
31599
31614
31666
31708
31750
31785
31852
31861
31865
31886
32032
32052
32065
32103
32111
32148
32160
32177
32211
32314
32323
32329
32421
32476
32485
32520
32544
32663
32680
32748
32759
32772
32805
32827
32981
33022
33047
33119
33319
33333
33432
33486
33546
33553
33560
33574
33601
33648
33724
33795
33878
33879
33920
34027
34031
34076
34232
34233
34254
34327
34397
34425
34435
34449
34478
34561
34588
34590
34643
34720
34757
34781
34839
34878
35009
35067
35068
35070
35075
35077
35084
35086
35173
35180
35181
35199
35232
35233
35234
35255
35262
35274
35287
35291
35295
35296
35303
35306
35315
35318
35323
35339
35342
35346
35350
35378
35383
35384
35386
35392
35396
35398
35405
35406
35407
35421
35426
35447
35460
35470
35474
35476
35478
35485
35532
35534
35544
35550
35551
35577
35614
35616
35618
35624
35627
35628
35638
35642
35656
35657
35660
35663
35664
35671
35689
35716
35723
35724
35725
35741
35757
35759
35767
35772
35776
35777
35789
35792
35797
35807
35828
35839
35845
35848
35853
35873
35882
35885
35892
35894
35897
35901
35904
35911
35943
35956
35958
35961
35972
35991
35998
36004
36015
36021
36026
36028
36038
36060
36063
36067
36117
36126
36129
36136
36138
36151
36153
36154
36162
36178
36192
36205
36208
36217
36218
36227
36228
36236
36253
36256
36272
36279
36282
36285
36296
36323
36343
36349
36350
36358
36360
36361
36363
36378
36379
36408
36409
36412
36416
36417
36437
36439
36441
36452
36468
36482
36498
36517
36518
36524
36530
36544
36550
36554
36559
36572
36576
36619
36620
36621
36641
36651
36656
36657
36679
36698
36713
36715
36716
36721
36722
36727
36730
36742
36832
36836
36840
36849
36874
36880
36883
36929
36932
36937
36960
36963
36966
36972
36984
36985
36986
36990
37004
37014
37024
37029
37030
37033
37034
37047
37061
37062
37074
37076
37079
37084
37085
37086
37093
37115
37116
37117
37126
37128
37130
37144
37149
37160
37162
37163
37173
37175
37176
37180
37187
37191
37199
37210
37215
37220
37230
37249
37250
37259
37265
37267
37270
37280
37293
37297
37299
37300
37306
37309
37311
37325
37368
37369
37390
37426
37469
37501
37510
37560
37635
37695
37700
37701
37718
37837
37907
37944
37959
38025
38116
38189
38196
38209
38210
38217
38259
38294
38313
38344
38399
38473
38507
38536
38611
38615
38734
38800
38920
38930
38981
38982
38983
38993
38994
39119
39162
39223
39227
39249
39281
39321
39329
39365
39371
39379
39431
39457
39529
39533
39534
39632
39659
39776
39790
39812
39841
39967
39973
39976
40033
40034
40036
40074
40084
40340
40345
40351
40413
40457
40559
40572
40575
40629
40665
40668
40698
40706
40720
40745
40762
40764
40782
40875
40890
40904
40954
40963
40981
40995
41146
41166
41200
41201
41224
41266
41277
41321
41332
41344
41497
41691
41706
41719
41720
41740
41751
41788
41850
41860
41875
41878
41884
41910
41969
42009
42021
42103
42114
42116
42120
42128
42130
42149
42160
42176
42179
42187
42198
42200
42201
42204
42205
42206
42214
42216
42224
42231
42236
42237
42251
42255
42260
42263
42264
42273
42285
42293
42297
42309
42313
42350
42353
42357
42362
42363
42366
42371
42373
42385
42411
42413
42421
42430
42444
42445
42447
42453
42459
42463
42473
42475
42477
42480
42481
42492
42497
42515
42520
42530
42532
42542
42548
42565
42569
42571
42575
42577
42578
42580
42588
42590
42599
42614
42617
42622
42630
42631
42634
42641
42644
42661
42670
42672
42675
42679
42682
42688
42694
42700
42706
42717
42719
42722
42726
42735
42748
42749
42750
42753
42766
42769
42778
42787
42788
42796
42799
42802
42805
42808
42814
42816
42818
42822
42829
42834
42843
42848
42856
42860
42868
42904
42906
42913
42915
42919
42924
42926
42930
42946
42954
42962
42964
42967
42973
42979
42983
42993
42999
43013
43018
43021
43024
43025
43026
43032
43059
43064
43067
43086
43092
43098
43101
43102
43103
43105
43118
43119
43131
43132
43138
43151
43154
43175
43186
43196
43198
43234
43243
43265
43270
43274
43275
43276
43285
43317
43325
43354
43380
43381
43404
43409
43418
43441
43455
43459
43460
43477
43481
43538
43565
43580
43589
43604
43676
43715
43731
43751
43767
43784
43785
43795
43802
43814
43840
)


// ************************************************************************* //
