/*--------------------------------*- C++ -*----------------------------------*\
| =========                 |                                                 |
| \\      /  F ield         | OpenFOAM: The Open Source CFD Toolbox           |
|  \\    /   O peration     | Version:  2512                                  |
|   \\  /    A nd           | Website:  www.openfoam.com                      |
|    \\/     M anipulation  |                                                 |
\*---------------------------------------------------------------------------*/
FoamFile
{
    version     2.0;
    format      ascii;
    arch        "LSB;label=32;scalar=64";
    class       faceList;
    location    "constant/domain5/polyMesh";
    object      faces;
}
// * * * * * * * * * * * * * * * * * * * * * * * * * * * * * * * * * * * * * //


4161
(
3(569 503 580)
3(580 503 106)
3(569 106 503)
3(569 580 106)
3(287 612 355)
3(594 287 355)
3(594 612 287)
3(594 355 612)
3(373 282 521)
3(411 373 521)
3(411 521 282)
3(287 612 142)
3(287 142 355)
3(142 612 355)
3(355 375 287)
3(594 287 375)
3(594 375 355)
3(389 441 563)
3(582 389 563)
3(582 563 441)
3(582 441 389)
3(389 442 563)
3(442 441 563)
3(608 389 563)
3(608 582 389)
3(608 563 582)
3(547 464 578)
3(489 464 547)
3(489 578 464)
3(489 547 578)
3(547 340 578)
3(340 464 578)
3(547 464 340)
3(634 286 142)
3(634 142 612)
3(634 612 286)
3(286 612 142)
3(634 142 141)
3(634 147 142)
3(142 147 141)
3(634 141 147)
3(141 634 286)
3(147 612 634)
3(147 142 612)
3(612 634 75)
3(75 634 147)
3(612 75 147)
3(399 545 270)
3(270 545 606)
3(399 270 606)
3(399 606 545)
3(448 545 399)
3(619 448 399)
3(619 545 448)
3(619 399 545)
3(399 395 545)
3(395 448 545)
3(570 477 558)
3(500 477 570)
3(500 570 558)
3(500 558 477)
3(477 558 510)
3(570 477 510)
3(570 510 558)
3(570 412 477)
3(500 412 570)
3(621 583 353)
3(621 352 583)
3(621 353 352)
3(352 353 583)
3(353 556 583)
3(621 583 556)
3(621 556 353)
3(148 556 583)
3(353 148 583)
3(353 556 148)
3(583 104 621)
3(621 104 556)
3(583 556 104)
3(504 625 76)
3(625 77 76)
3(504 76 77)
3(504 77 625)
3(141 505 77)
3(141 625 505)
3(77 505 625)
3(141 77 625)
3(93 77 505)
3(93 504 77)
3(77 504 505)
3(505 506 141)
3(80 141 506)
3(80 506 505)
3(80 505 141)
3(79 505 78)
3(79 80 505)
3(79 78 80)
3(505 80 78)
3(79 94 505)
3(79 505 95)
3(78 505 94)
3(78 93 505)
3(77 505 78)
3(505 78 141)
3(77 92 504)
3(76 595 625)
3(504 625 595)
3(76 504 595)
3(625 559 76)
3(76 559 77)
3(625 77 559)
3(504 76 92)
3(506 625 505)
3(506 141 625)
3(633 431 432)
3(633 308 431)
3(633 432 308)
3(171 310 539)
3(539 310 576)
3(171 539 576)
3(171 576 310)
3(271 401 508)
3(401 483 508)
3(271 508 483)
3(136 69 603)
3(593 69 136)
3(593 603 69)
3(593 136 603)
3(188 508 187)
3(187 508 52)
3(188 52 508)
3(553 204 203)
3(553 203 343)
3(553 343 204)
3(335 334 609)
3(458 609 334)
3(335 609 458)
3(607 231 54)
3(607 129 231)
3(607 54 129)
3(481 458 532)
3(458 457 532)
3(481 532 457)
3(385 397 531)
3(397 268 531)
3(385 531 268)
3(48 604 228)
3(604 126 228)
3(48 126 604)
3(116 28 622)
3(116 622 29)
3(29 622 28)
3(331 332 624)
3(192 624 332)
3(331 624 192)
3(403 486 516)
3(273 403 516)
3(273 516 486)
3(291 292 515)
3(152 291 515)
3(152 515 292)
3(602 29 164)
3(602 164 165)
3(602 165 29)
3(111 19 616)
3(589 616 19)
3(111 589 19)
3(111 616 589)
3(420 296 600)
3(296 419 600)
3(420 600 419)
3(434 484 539)
3(484 496 539)
3(434 539 496)
3(554 167 574)
3(554 574 31)
3(554 31 167)
3(167 31 574)
3(119 35 539)
3(539 35 222)
3(119 539 222)
3(502 569 503)
3(502 8 569)
3(502 503 8)
3(503 569 8)
3(501 502 569)
3(501 569 503)
3(303 512 163)
3(163 512 164)
3(303 164 512)
3(61 567 197)
3(196 197 567)
3(196 567 61)
3(249 242 589)
3(242 214 589)
3(249 589 214)
3(4 569 501)
3(5 501 569)
3(5 569 4)
3(5 4 501)
3(316 177 517)
3(176 316 517)
3(176 517 177)
3(68 203 553)
3(68 553 204)
3(174 121 283)
3(283 121 173)
3(174 283 173)
3(174 173 121)
3(67 203 553)
3(67 553 68)
3(579 202 553)
3(67 553 202)
3(67 202 579)
3(67 579 553)
3(583 148 510)
3(556 510 148)
3(583 510 556)
3(533 115 255)
3(509 255 115)
3(509 115 533)
3(509 533 255)
3(352 104 583)
3(351 352 583)
3(351 583 104)
3(371 593 280)
3(371 239 593)
3(239 280 593)
3(337 523 336)
3(523 197 336)
3(337 197 523)
3(509 26 217)
3(509 535 26)
3(509 217 535)
3(217 26 535)
3(217 509 115)
3(26 115 509)
3(148 12 556)
3(556 12 107)
3(148 556 107)
3(269 360 604)
3(360 228 604)
3(269 604 228)
3(321 573 322)
3(321 445 573)
3(445 322 573)
3(520 49 184)
3(185 49 520)
3(185 520 184)
3(139 612 75)
3(139 210 612)
3(210 75 612)
3(139 75 210)
3(158 297 542)
3(542 297 610)
3(158 610 297)
3(158 542 610)
3(0 625 76)
3(0 595 625)
3(0 76 595)
3(542 394 421)
3(542 379 394)
3(542 421 379)
3(70 137 519)
3(239 519 137)
3(70 519 239)
3(508 188 327)
3(598 188 508)
3(598 327 188)
3(598 508 327)
3(613 431 307)
3(430 613 307)
3(430 431 613)
3(54 607 53)
3(231 53 607)
3(181 45 531)
3(181 531 180)
3(531 45 180)
3(196 567 335)
3(196 609 567)
3(196 335 609)
3(609 335 567)
3(566 546 173)
3(546 312 173)
3(566 173 312)
3(566 312 546)
3(633 482 431)
3(633 613 482)
3(633 431 613)
3(431 482 613)
3(482 633 432)
3(482 525 633)
3(482 432 525)
3(633 525 432)
3(302 303 512)
3(302 512 163)
3(430 393 613)
3(392 430 613)
3(392 613 393)
3(633 613 596)
3(482 633 596)
3(482 596 613)
3(633 168 596)
3(633 613 168)
3(168 613 596)
3(169 596 633)
3(168 169 633)
3(168 596 169)
3(447 561 606)
3(399 561 447)
3(399 447 606)
3(399 606 561)
3(447 520 606)
3(606 520 561)
3(447 561 520)
3(396 561 447)
3(396 399 561)
3(126 561 361)
3(126 606 561)
3(361 561 606)
3(126 361 606)
3(540 398 604)
3(540 604 446)
3(540 446 398)
3(398 446 604)
3(604 605 398)
3(604 540 605)
3(398 605 540)
3(604 360 398)
3(360 605 398)
3(604 605 360)
3(269 398 604)
3(228 540 604)
3(228 48 540)
3(604 540 48)
3(544 620 405)
3(367 544 405)
3(367 620 544)
3(367 405 620)
3(567 544 620)
3(567 405 544)
3(567 620 405)
3(275 367 544)
3(275 544 405)
3(61 620 567)
3(544 61 567)
3(544 620 61)
3(593 618 519)
3(541 519 618)
3(541 618 593)
3(541 593 519)
3(593 618 472)
3(519 472 618)
3(519 593 472)
3(491 618 472)
3(593 618 491)
3(593 491 472)
3(491 618 467)
3(467 618 472)
3(385 605 268)
3(550 605 385)
3(550 385 268)
3(550 268 605)
3(360 605 268)
3(360 385 605)
3(385 550 573)
3(605 385 573)
3(605 573 550)
3(385 531 573)
3(531 550 573)
3(385 550 531)
3(259 497 554)
3(528 554 497)
3(259 554 528)
3(259 528 497)
3(256 497 554)
3(256 554 259)
3(555 402 632)
3(555 552 402)
3(632 402 552)
3(555 632 552)
3(555 632 479)
3(555 479 607)
3(607 479 632)
3(555 607 632)
3(272 364 632)
3(364 402 632)
3(272 632 402)
3(402 479 555)
3(402 632 479)
3(552 402 453)
3(552 453 555)
3(453 402 555)
3(154 111 19)
3(154 19 616)
3(154 616 111)
3(154 111 18)
3(489 463 578)
3(407 578 463)
3(489 578 407)
3(458 481 609)
3(405 609 481)
3(405 458 609)
3(205 541 70)
3(205 70 519)
3(519 70 541)
3(205 519 541)
3(389 264 608)
3(614 389 608)
3(614 264 389)
3(614 608 264)
3(267 264 608)
3(389 267 608)
3(389 563 614)
3(614 563 608)
3(389 442 614)
3(563 614 442)
3(563 608 44)
3(614 44 608)
3(563 44 614)
3(503 89 10)
3(503 10 90)
3(114 253 535)
3(299 114 535)
3(299 535 253)
3(299 253 114)
3(250 114 535)
3(217 535 114)
3(250 535 217)
3(250 253 535)
3(471 490 601)
3(521 490 471)
3(521 471 601)
3(521 601 490)
3(471 499 601)
3(499 490 601)
3(348 471 521)
3(348 521 490)
3(581 373 521)
3(581 521 548)
3(581 548 373)
3(373 548 521)
3(548 471 601)
3(548 521 471)
3(548 601 521)
3(530 589 386)
3(589 616 386)
3(530 386 616)
3(530 616 589)
3(9 10 503)
3(9 503 89)
3(372 240 518)
3(372 518 281)
3(240 281 518)
3(137 518 372)
3(137 240 518)
3(45 531 46)
3(181 46 531)
3(516 454 486)
3(516 403 454)
3(486 516 552)
3(454 552 516)
3(486 552 454)
3(429 631 393)
3(631 591 393)
3(429 591 631)
3(429 393 591)
3(430 393 631)
3(430 513 393)
3(430 631 513)
3(631 393 513)
3(429 631 430)
3(393 554 631)
3(554 574 631)
3(393 574 554)
3(393 631 574)
3(393 554 591)
3(591 554 631)
3(167 574 631)
3(554 167 631)
3(619 448 325)
3(619 325 324)
3(619 324 448)
3(630 406 524)
3(461 524 406)
3(630 524 461)
3(630 461 406)
3(368 630 406)
3(368 406 524)
3(368 524 630)
3(523 460 630)
3(461 523 630)
3(461 460 523)
3(461 630 460)
3(507 480 276)
3(276 480 630)
3(507 630 480)
3(507 276 630)
3(276 368 630)
3(276 630 406)
3(523 460 507)
3(523 507 630)
3(507 460 630)
3(465 553 629)
3(553 579 629)
3(465 579 553)
3(465 629 579)
3(400 629 465)
3(400 465 553)
3(400 553 629)
3(629 408 465)
3(629 465 543)
3(465 408 543)
3(629 543 408)
3(629 408 400)
3(135 579 629)
3(553 135 629)
3(553 579 135)
3(434 576 435)
3(576 496 435)
3(434 496 576)
3(248 537 610)
3(394 537 248)
3(394 248 610)
3(394 610 537)
3(265 349 623)
3(265 623 122)
3(623 349 122)
3(216 537 610)
3(248 537 216)
3(248 216 610)
3(46 550 227)
3(46 125 550)
3(227 550 125)
3(253 537 248)
3(253 394 537)
3(515 416 529)
3(416 292 529)
3(515 292 416)
3(515 529 292)
3(476 416 529)
3(476 529 515)
3(476 515 416)
3(416 293 529)
3(293 292 529)
3(132 367 544)
3(275 132 544)
3(383 529 476)
3(416 529 383)
3(181 531 320)
3(320 531 180)
3(547 489 543)
3(489 464 543)
3(547 543 464)
3(386 418 628)
3(418 530 628)
3(386 628 530)
3(386 530 418)
3(155 295 628)
3(155 628 511)
3(628 295 511)
3(155 511 295)
3(418 628 294)
3(295 294 628)
3(295 628 418)
3(386 511 628)
3(418 628 511)
3(418 511 386)
3(530 628 294)
3(530 294 418)
3(386 589 628)
3(511 589 386)
3(511 628 589)
3(410 468 518)
3(519 410 518)
3(519 518 468)
3(519 468 410)
3(11 4 1)
3(4 107 1)
3(11 107 4)
3(410 469 518)
3(469 468 518)
3(586 80 627)
3(143 627 80)
3(143 80 586)
3(143 586 627)
3(141 627 586)
3(141 80 627)
3(141 586 80)
3(147 551 627)
3(146 627 551)
3(146 147 627)
3(146 551 147)
3(142 147 551)
3(142 551 627)
3(142 627 147)
3(144 551 627)
3(144 627 143)
3(143 627 551)
3(144 143 551)
3(627 551 617)
3(146 627 617)
3(146 617 551)
3(462 626 524)
3(462 339 626)
3(524 626 339)
3(462 524 339)
3(626 578 462)
3(407 626 462)
3(407 462 578)
3(407 578 626)
3(488 462 626)
3(488 524 462)
3(488 626 524)
3(578 339 626)
3(578 462 339)
3(407 626 488)
3(537 299 610)
3(422 610 299)
3(537 422 299)
3(537 610 422)
3(299 159 114)
3(216 114 159)
3(299 216 159)
3(299 114 216)
3(517 316 538)
3(177 538 316)
3(177 517 538)
3(440 316 538)
3(517 440 538)
3(517 316 440)
3(317 316 538)
3(440 317 538)
3(533 252 255)
3(115 252 533)
3(412 510 477)
3(412 350 510)
3(350 477 510)
3(453 330 555)
3(329 453 555)
3(329 555 330)
3(250 255 535)
3(250 535 388)
3(388 535 255)
3(401 598 526)
3(592 401 526)
3(592 598 401)
3(592 526 598)
3(401 526 451)
3(451 526 479)
3(401 479 526)
3(451 598 526)
3(401 598 451)
3(103 569 7)
3(7 569 8)
3(103 8 569)
3(25 114 535)
3(535 114 160)
3(25 535 160)
3(25 160 114)
3(501 11 569)
3(4 11 501)
3(4 569 11)
3(216 299 610)
3(216 537 299)
3(5 502 569)
3(5 501 502)
3(205 519 345)
3(345 519 344)
3(205 344 519)
3(318 582 563)
3(318 563 441)
3(318 441 582)
3(182 321 573)
3(182 573 322)
3(161 509 26)
3(161 162 509)
3(26 509 162)
3(579 342 202)
3(579 341 342)
3(579 202 341)
3(313 590 174)
3(174 590 314)
3(313 314 590)
3(513 306 307)
3(513 307 167)
3(513 167 306)
3(205 69 541)
3(541 69 204)
3(205 541 204)
3(400 553 562)
3(279 562 553)
3(279 400 562)
3(279 553 400)
3(170 525 34)
3(34 525 35)
3(170 35 525)
3(201 340 547)
3(201 547 341)
3(341 547 340)
3(241 373 521)
3(241 581 373)
3(241 521 581)
3(549 21 511)
3(549 156 21)
3(156 511 21)
3(549 511 156)
3(112 21 511)
3(112 549 21)
3(112 511 549)
3(183 527 323)
3(322 527 183)
3(322 323 527)
3(172 576 36)
3(36 576 566)
3(172 566 576)
3(172 36 566)
3(463 578 464)
3(566 120 539)
3(566 36 120)
3(120 36 539)
3(566 539 36)
3(502 86 7)
3(502 7 87)
3(193 332 536)
3(333 536 332)
3(333 193 536)
3(580 106 621)
3(621 106 104)
3(580 621 104)
3(580 104 106)
3(144 551 617)
3(627 144 617)
3(41 623 225)
3(517 225 623)
3(41 517 623)
3(41 225 517)
3(254 257 622)
3(116 622 257)
3(254 622 116)
3(161 535 26)
3(161 509 535)
3(25 535 26)
3(25 161 535)
3(110 565 262)
3(515 262 565)
3(110 262 515)
3(110 515 565)
3(135 579 66)
3(135 543 579)
3(135 66 543)
3(543 66 579)
3(549 295 296)
3(549 296 156)
3(549 156 295)
3(628 155 294)
3(0 625 559)
3(0 559 76)
3(528 30 554)
3(117 30 528)
3(117 528 554)
3(117 554 30)
3(472 593 280)
3(472 371 593)
3(216 159 23)
3(610 23 159)
3(610 216 23)
3(610 159 216)
3(401 363 592)
3(363 526 592)
3(401 526 363)
3(503 9 580)
3(580 9 10)
3(503 580 10)
3(6 502 5)
3(5 502 85)
3(6 85 502)
3(506 82 98)
3(506 98 83)
3(506 83 82)
3(101 569 6)
3(102 6 569)
3(101 102 569)
3(12 556 13)
3(148 13 556)
3(286 140 634)
3(141 634 140)
3(9 8 503)
3(503 8 580)
3(9 580 8)
3(364 552 273)
3(232 273 552)
3(364 232 552)
3(503 10 91)
3(5 569 6)
3(5 101 569)
3(621 105 106)
3(580 106 105)
3(580 105 621)
3(612 634 139)
3(75 139 634)
3(80 627 146)
3(80 146 83)
3(146 627 83)
3(80 83 627)
3(583 288 148)
3(583 353 288)
3(44 179 563)
3(584 179 44)
3(584 44 563)
3(584 563 179)
3(562 204 603)
3(204 553 603)
3(562 553 204)
3(562 603 553)
3(553 203 342)
3(553 342 343)
3(18 153 213)
3(154 213 153)
3(154 18 213)
3(193 58 588)
3(193 588 57)
3(57 588 58)
3(536 274 404)
3(536 404 487)
3(536 487 274)
3(244 111 529)
3(616 244 529)
3(616 111 244)
3(616 529 111)
3(588 193 536)
3(58 588 536)
3(58 536 193)
3(516 56 191)
3(516 192 56)
3(516 191 192)
3(360 605 125)
3(605 268 125)
3(44 124 614)
3(614 124 226)
3(44 614 226)
3(169 525 170)
3(169 309 525)
3(309 170 525)
3(128 592 52)
3(508 592 128)
3(508 128 52)
3(508 52 592)
3(103 107 569)
3(103 569 104)
3(107 104 569)
3(103 104 107)
3(271 508 363)
3(363 508 128)
3(271 128 508)
3(195 334 609)
3(195 609 335)
3(549 156 157)
3(549 157 21)
3(515 565 152)
3(16 152 565)
3(16 515 152)
3(16 565 515)
3(241 73 581)
3(73 74 581)
3(241 581 74)
3(558 289 149)
3(558 570 289)
3(558 149 570)
3(149 289 570)
3(80 146 617)
3(80 617 82)
3(80 82 146)
3(146 82 617)
3(166 30 554)
3(528 166 554)
3(528 30 166)
3(37 173 566)
3(223 566 173)
3(37 566 223)
3(37 223 173)
3(172 173 566)
3(172 566 37)
3(446 527 604)
3(540 527 446)
3(540 604 527)
3(560 413 391)
3(560 391 414)
3(560 414 413)
3(497 554 393)
3(256 393 554)
3(17 153 213)
3(154 530 19)
3(155 19 530)
3(154 155 530)
3(220 574 31)
3(220 31 554)
3(220 554 574)
3(32 574 31)
3(32 220 574)
3(102 569 7)
3(102 103 569)
3(80 627 617)
3(6 502 569)
3(139 521 74)
3(139 241 521)
3(241 74 521)
3(513 574 631)
3(167 574 513)
3(167 513 631)
3(602 514 164)
3(514 29 164)
3(602 29 514)
3(6 569 7)
3(364 632 129)
3(272 129 632)
3(486 364 552)
3(486 552 273)
3(506 97 82)
3(81 506 82)
3(81 97 506)
3(49 126 520)
3(49 572 126)
3(49 520 572)
3(572 520 126)
3(402 364 552)
3(402 552 486)
3(229 126 520)
3(229 520 49)
3(484 539 433)
3(434 433 539)
3(552 232 129)
3(552 129 55)
3(552 55 232)
3(238 279 553)
3(370 238 553)
3(370 553 279)
3(277 524 134)
3(236 524 277)
3(236 134 524)
3(34 169 525)
3(236 199 63)
3(236 63 524)
3(199 524 63)
3(236 524 199)
3(470 471 548)
3(471 347 548)
3(470 548 347)
3(374 287 577)
3(210 577 287)
3(374 577 210)
3(178 538 177)
3(178 42 538)
3(42 177 538)
3(210 139 521)
3(210 74 139)
3(210 521 74)
3(64 200 134)
3(65 134 200)
3(233 365 588)
3(233 588 130)
3(365 130 588)
3(192 588 516)
3(192 57 588)
3(57 516 588)
3(192 516 57)
3(588 624 192)
3(588 516 624)
3(192 624 516)
3(557 326 508)
3(187 508 326)
3(187 557 508)
3(187 326 557)
3(382 522 564)
3(382 590 522)
3(522 590 564)
3(382 564 590)
3(226 264 608)
3(267 226 608)
3(36 35 539)
3(36 539 171)
3(171 539 35)
3(44 124 531)
3(614 531 124)
3(44 531 614)
3(305 591 428)
3(528 428 591)
3(305 428 528)
3(305 528 591)
3(30 528 219)
3(117 219 528)
3(244 213 529)
3(213 111 529)
3(339 626 134)
3(578 339 134)
3(578 134 626)
3(24 216 159)
3(535 25 217)
3(7 502 569)
3(7 6 502)
3(563 608 179)
3(44 179 608)
3(54 190 555)
3(54 555 55)
3(190 55 555)
3(141 0 147)
3(141 147 83)
3(141 83 0)
3(54 189 607)
3(54 607 555)
3(54 555 189)
3(189 555 607)
3(128 592 53)
3(53 592 52)
3(411 601 490)
3(411 521 601)
3(411 490 521)
3(363 607 272)
3(231 272 607)
3(231 607 363)
3(64 199 236)
3(64 134 199)
3(236 199 134)
3(130 56 516)
3(57 130 516)
3(57 516 56)
3(60 61 544)
3(60 544 132)
3(132 544 61)
3(8 7 502)
3(538 495 498)
3(538 498 357)
3(538 357 495)
3(395 545 270)
3(122 564 40)
3(122 224 564)
3(40 564 224)
3(17 515 110)
3(17 213 515)
3(110 515 213)
3(211 565 110)
3(211 16 565)
3(16 110 565)
3(251 215 549)
3(215 600 549)
3(251 600 215)
3(251 549 600)
3(495 582 389)
3(267 389 582)
3(495 267 582)
3(509 255 217)
3(211 565 611)
3(565 358 611)
3(211 358 565)
3(211 611 358)
3(119 525 35)
3(34 525 119)
3(512 28 622)
3(28 218 622)
3(512 218 28)
3(512 622 218)
3(580 105 10)
3(580 9 105)
3(289 150 558)
3(149 558 150)
3(212 247 510)
3(212 510 245)
3(247 245 510)
3(12 108 556)
3(108 100 556)
3(12 556 100)
3(429 591 428)
3(429 305 591)
3(13 14 510)
3(212 13 510)
3(212 510 14)
3(113 568 23)
3(568 158 23)
3(113 23 158)
3(113 158 568)
3(588 274 365)
3(588 233 274)
3(0 559 141)
3(0 147 559)
3(559 147 141)
3(196 544 60)
3(61 544 196)
3(232 552 516)
3(56 232 516)
3(56 516 552)
3(56 552 232)
3(208 138 581)
3(208 281 138)
3(208 581 281)
3(138 281 581)
3(140 559 77)
3(76 559 140)
3(504 505 625)
3(504 506 625)
3(141 559 77)
3(140 559 141)
3(0 625 141)
3(559 141 625)
3(506 0 625)
3(506 141 0)
3(536 624 193)
3(588 193 624)
3(536 588 624)
3(536 332 624)
3(536 456 332)
3(536 624 456)
3(332 456 624)
3(624 455 331)
3(624 516 455)
3(455 516 331)
3(624 331 516)
3(624 455 332)
3(516 487 624)
3(455 624 487)
3(455 487 516)
3(515 291 415)
3(515 415 292)
3(506 0 595)
3(506 595 625)
3(336 523 460)
3(460 523 567)
3(336 567 523)
3(336 460 567)
3(337 523 460)
3(507 523 567)
3(460 507 567)
3(623 478 265)
3(623 517 478)
3(623 265 517)
3(265 478 517)
3(564 522 349)
3(623 564 349)
3(623 349 522)
3(623 522 564)
3(478 349 623)
3(522 623 517)
3(522 478 623)
3(522 517 478)
3(382 522 349)
3(564 382 349)
3(623 517 176)
3(176 517 522)
3(623 176 522)
3(622 587 376)
3(254 622 376)
3(254 587 622)
3(254 376 587)
3(512 427 622)
3(512 622 514)
3(514 622 427)
3(512 514 427)
3(376 622 427)
3(376 427 587)
3(587 427 622)
3(622 257 376)
3(622 376 512)
3(512 376 257)
3(622 512 257)
3(427 376 512)
3(164 512 622)
3(514 512 164)
3(514 164 622)
3(356 287 577)
3(356 577 374)
3(612 286 139)
3(286 634 139)
3(75 559 147)
3(147 559 634)
3(75 634 559)
3(189 607 53)
3(419 295 549)
3(419 549 511)
3(549 295 511)
3(419 511 295)
3(419 296 549)
3(450 326 508)
3(557 326 450)
3(557 450 508)
3(327 326 508)
3(450 327 508)
3(187 327 508)
3(363 508 401)
3(508 592 401)
3(363 592 508)
3(362 270 557)
3(127 362 557)
3(127 557 270)
3(51 557 127)
3(557 230 127)
3(51 230 557)
3(598 508 592)
3(598 401 508)
3(598 188 592)
3(508 592 188)
3(458 532 609)
3(532 481 609)
3(532 609 334)
3(458 532 334)
3(532 609 195)
3(532 195 334)
3(297 296 600)
3(297 600 420)
3(549 419 600)
3(296 549 600)
3(557 575 51)
3(127 51 575)
3(557 127 575)
3(364 552 632)
3(552 486 453)
3(20 21 511)
3(20 511 112)
3(363 479 607)
3(479 526 607)
3(363 607 526)
3(363 526 479)
3(607 272 479)
3(479 526 555)
3(555 526 607)
3(34 33 596)
3(169 596 33)
3(169 34 596)
3(538 498 440)
3(440 498 517)
3(538 517 498)
3(440 538 495)
3(452 555 402)
3(452 479 555)
3(228 605 604)
3(228 540 605)
3(495 440 582)
3(538 582 440)
3(538 495 582)
3(495 582 441)
3(441 440 582)
3(497 428 591)
3(528 497 591)
3(528 428 497)
3(497 429 591)
3(554 591 528)
3(554 497 591)
3(100 569 4)
3(100 5 569)
3(548 499 470)
3(548 534 499)
3(470 499 534)
3(548 470 534)
3(471 548 499)
3(548 409 499)
3(534 499 409)
3(548 534 409)
3(611 211 15)
3(15 211 565)
3(611 15 565)
3(359 531 227)
3(124 531 359)
3(124 227 531)
3(165 30 528)
3(30 29 528)
3(165 528 29)
3(534 475 518)
3(281 518 475)
3(281 475 534)
3(281 534 518)
3(469 534 475)
3(469 518 534)
3(469 475 518)
3(534 470 469)
3(534 475 470)
3(518 475 372)
3(406 488 524)
3(461 524 488)
3(461 523 524)
3(630 524 523)
3(426 302 512)
3(302 425 512)
3(426 512 425)
3(572 447 446)
3(447 561 446)
3(572 561 447)
3(572 446 561)
3(236 133 524)
3(524 133 63)
3(287 142 147)
3(287 551 142)
3(287 147 551)
3(287 147 612)
3(210 287 612)
3(210 612 147)
3(425 301 533)
3(509 533 301)
3(509 425 533)
3(509 301 425)
3(115 533 26)
3(509 26 533)
3(302 301 533)
3(425 302 533)
3(15 151 565)
3(151 16 565)
3(15 565 16)
3(353 107 621)
3(353 621 106)
3(621 107 106)
3(621 556 107)
3(353 107 556)
3(352 104 621)
3(353 621 105)
3(621 105 352)
3(621 104 107)
3(107 104 556)
3(466 400 562)
3(491 562 400)
3(491 466 562)
3(466 553 562)
3(400 553 466)
3(466 553 343)
3(466 343 562)
3(343 553 562)
3(369 489 543)
3(369 547 489)
3(369 543 547)
3(278 543 369)
3(278 489 543)
3(547 578 134)
3(369 134 578)
3(547 369 578)
3(547 134 369)
3(386 417 530)
3(386 530 383)
3(417 383 530)
3(530 589 628)
3(530 155 628)
3(155 589 628)
3(530 589 155)
3(418 417 530)
3(487 588 365)
3(487 365 516)
3(487 516 588)
3(516 365 588)
3(487 588 274)
3(220 117 554)
3(117 31 554)
3(610 159 158)
3(610 298 159)
3(610 158 298)
3(6 502 86)
3(367 620 132)
3(132 620 544)
3(480 276 620)
3(507 620 276)
3(507 480 620)
3(132 235 620)
3(620 235 367)
3(480 367 620)
3(367 276 620)
3(620 480 405)
3(244 476 515)
3(262 244 515)
3(262 515 476)
3(529 244 515)
3(529 515 213)
3(213 515 244)
3(476 529 244)
3(446 527 572)
3(572 527 604)
3(446 572 604)
3(47 48 540)
3(47 540 228)
3(163 27 533)
3(163 533 162)
3(533 27 162)
3(445 540 446)
3(445 398 540)
3(183 540 48)
3(183 527 540)
3(183 48 527)
3(527 48 540)
3(619 399 447)
3(619 447 606)
3(619 606 399)
3(447 619 448)
3(524 626 134)
3(339 524 134)
3(339 338 524)
3(462 524 338)
3(507 62 133)
3(507 235 62)
3(507 133 235)
3(408 464 543)
3(408 543 489)
3(242 616 386)
3(589 242 386)
3(589 616 242)
3(280 518 410)
3(372 518 280)
3(372 410 518)
3(280 518 519)
3(280 519 410)
3(477 247 510)
3(247 558 510)
3(477 558 247)
3(477 354 510)
3(247 510 354)
3(109 611 15)
3(109 585 611)
3(109 15 585)
3(611 585 15)
3(492 435 566)
3(496 566 435)
3(492 566 496)
3(259 485 587)
3(259 587 254)
3(254 587 485)
3(259 528 587)
3(485 587 528)
3(485 528 259)
3(219 528 587)
3(259 219 587)
3(259 528 219)
3(342 202 553)
3(579 342 553)
3(203 202 553)
3(342 553 465)
3(579 342 465)
3(619 325 186)
3(619 185 325)
3(619 186 185)
3(325 619 545)
3(448 325 545)
3(325 186 545)
3(186 619 545)
3(496 266 539)
3(566 539 266)
3(496 539 566)
3(496 566 266)
3(266 539 484)
3(120 539 266)
3(566 120 266)
3(539 222 120)
3(539 266 222)
3(444 531 573)
3(444 385 531)
3(444 573 385)
3(213 153 515)
3(213 529 153)
3(515 153 529)
3(531 573 320)
3(444 320 573)
3(444 531 320)
3(181 573 320)
3(531 573 181)
3(467 562 618)
3(491 618 562)
3(491 562 467)
3(467 618 344)
3(467 519 618)
3(344 618 519)
3(467 344 519)
3(467 618 343)
3(344 343 618)
3(562 618 343)
3(562 343 467)
3(467 519 472)
3(73 208 138)
3(581 73 138)
3(581 208 73)
3(72 207 138)
3(72 138 208)
3(138 207 208)
3(346 534 470)
3(346 469 534)
3(593 603 491)
3(593 618 603)
3(491 603 618)
3(144 145 617)
3(145 551 617)
3(144 551 145)
3(81 144 617)
3(81 617 80)
3(80 617 144)
3(145 617 81)
3(145 146 617)
3(145 551 146)
3(291 415 565)
3(515 291 565)
3(515 565 415)
3(301 300 509)
3(301 509 424)
3(424 509 300)
3(290 565 414)
3(565 560 414)
3(290 560 565)
3(290 414 560)
3(414 291 565)
3(291 290 565)
3(383 616 386)
3(242 616 383)
3(383 616 530)
3(19 530 616)
3(589 530 19)
3(244 383 616)
3(244 529 383)
3(383 529 616)
3(242 616 244)
3(365 403 516)
3(365 516 273)
3(378 615 423)
3(378 535 615)
3(378 423 535)
3(423 615 535)
3(537 378 615)
3(422 615 378)
3(537 615 422)
3(537 422 378)
3(253 378 615)
3(253 615 537)
3(253 537 378)
3(422 615 423)
3(378 535 253)
3(615 253 535)
3(378 535 250)
3(188 592 328)
3(598 328 592)
3(188 328 598)
3(544 532 60)
3(544 60 234)
3(234 60 532)
3(544 234 532)
3(328 598 526)
3(451 598 328)
3(451 328 526)
3(592 189 188)
3(592 328 189)
3(231 592 53)
3(231 128 592)
3(502 8 87)
3(32 118 168)
3(32 168 574)
3(118 574 168)
3(32 574 118)
3(596 525 285)
3(119 596 285)
3(119 285 525)
3(119 525 596)
3(525 482 596)
3(285 596 482)
3(525 285 482)
3(119 596 221)
3(221 596 285)
3(482 392 613)
3(258 613 392)
3(482 613 258)
3(308 431 613)
3(308 613 633)
3(613 308 307)
3(392 613 431)
3(317 538 178)
3(538 582 178)
3(317 582 538)
3(317 178 582)
3(538 177 317)
3(178 538 608)
3(178 608 582)
3(582 608 538)
3(509 535 388)
3(388 535 424)
3(509 388 424)
3(509 424 535)
3(513 393 613)
3(430 513 613)
3(513 574 613)
3(393 574 513)
3(393 613 574)
3(519 345 518)
3(519 206 345)
3(519 518 206)
3(518 345 206)
3(513 307 430)
3(513 613 307)
3(548 581 348)
3(521 548 348)
3(521 348 581)
3(548 581 208)
3(548 208 348)
3(208 581 348)
3(168 118 33)
3(168 33 596)
3(168 596 118)
3(33 118 596)
3(510 412 570)
3(510 583 412)
3(412 583 570)
3(510 570 583)
3(516 552 273)
3(412 350 583)
3(583 350 510)
3(412 473 570)
3(412 583 473)
3(473 583 570)
3(561 269 126)
3(561 361 269)
3(182 573 46)
3(182 605 573)
3(182 46 605)
3(46 573 605)
3(48 572 184)
3(183 184 572)
3(183 572 48)
3(529 417 293)
3(416 417 529)
3(414 415 565)
3(429 631 306)
3(306 631 430)
3(160 114 299)
3(160 159 114)
3(22 157 215)
3(158 215 157)
3(158 22 215)
3(542 158 600)
3(542 600 297)
3(297 600 158)
3(164 512 28)
3(164 28 622)
3(251 542 158)
3(251 158 600)
3(251 600 542)
3(282 521 241)
3(210 612 594)
3(139 594 612)
3(210 594 139)
3(185 324 619)
3(81 82 80)
3(81 617 82)
3(253 615 299)
3(253 299 537)
3(537 299 615)
3(506 80 81)
3(506 82 80)
3(450 557 449)
3(326 449 557)
3(61 235 620)
3(132 61 620)
3(592 53 189)
3(592 607 53)
3(592 189 607)
3(207 518 206)
3(207 71 518)
3(518 71 206)
3(503 88 8)
3(503 9 88)
3(69 603 68)
3(136 68 603)
3(342 553 466)
3(465 466 553)
3(531 443 584)
3(474 584 443)
3(531 474 443)
3(531 584 474)
3(240 281 207)
3(207 281 518)
3(240 207 518)
3(368 630 133)
3(276 133 630)
3(370 400 629)
3(370 629 408)
3(524 199 338)
3(524 339 199)
3(283 174 263)
3(121 263 174)
3(599 356 287)
3(599 577 356)
3(599 287 577)
3(447 323 572)
3(572 323 446)
3(584 180 44)
3(584 179 180)
3(215 549 246)
3(251 246 549)
3(311 576 435)
3(434 576 311)
3(172 576 171)
3(576 36 171)
3(590 382 437)
3(590 437 494)
3(590 494 382)
3(48 572 126)
3(48 49 572)
3(287 594 210)
3(321 320 573)
3(321 573 444)
3(253 537 216)
3(498 439 517)
3(439 478 517)
3(498 517 478)
3(501 11 503)
3(569 503 11)
3(122 623 225)
3(122 41 623)
3(151 560 15)
3(151 565 560)
3(560 565 15)
3(0 3 595)
3(595 3 76)
3(108 556 13)
3(15 150 560)
3(150 151 560)
3(522 40 175)
3(176 522 175)
3(176 40 522)
3(239 593 69)
3(239 136 593)
3(332 624 193)
3(233 588 536)
3(233 58 588)
3(233 536 58)
3(28 163 512)
3(162 301 509)
3(162 533 301)
3(162 509 533)
3(305 165 528)
3(305 528 304)
3(165 304 528)
3(456 333 536)
3(99 83 506)
3(358 565 262)
3(358 110 565)
3(143 142 635)
3(635 142 551)
3(143 551 142)
3(143 635 551)
3(599 375 635)
3(599 144 375)
3(375 144 635)
3(599 635 144)
3(137 70 518)
3(137 518 71)
3(71 518 70)
3(197 507 61)
3(62 61 507)
3(62 507 197)
3(355 142 635)
3(355 635 143)
3(195 60 544)
3(195 544 532)
3(195 532 60)
3(196 567 336)
3(335 336 567)
3(104 621 105)
3(261 283 566)
3(492 566 283)
3(492 261 566)
3(571 1 4)
3(571 4 84)
3(571 84 1)
3(539 310 170)
3(539 525 310)
3(525 170 310)
3(539 170 525)
3(635 287 599)
3(635 551 287)
3(287 551 599)
3(635 599 551)
3(355 635 287)
3(635 375 287)
3(355 375 635)
3(196 544 195)
3(4 12 107)
3(4 569 12)
3(107 12 569)
3(4 107 569)
3(519 518 137)
3(519 70 518)
3(506 80 96)
3(506 96 81)
3(609 567 405)
3(609 405 544)
3(609 544 567)
3(595 0 99)
3(3 595 99)
3(635 287 142)
3(619 575 185)
3(186 185 575)
3(186 575 619)
3(4 571 11)
3(1 11 571)
3(525 633 596)
3(543 465 579)
3(543 464 465)
3(543 579 464)
3(464 579 465)
3(37 120 566)
3(37 566 36)
3(50 229 575)
3(229 520 575)
3(50 575 520)
3(50 520 229)
3(191 552 190)
3(191 55 552)
3(55 190 552)
3(599 375 287)
3(119 525 539)
3(539 525 35)
3(169 633 525)
3(169 309 633)
3(525 633 309)
3(557 449 483)
3(557 483 450)
3(174 313 546)
3(313 590 546)
3(174 546 590)
3(530 155 294)
3(150 289 560)
3(150 560 290)
3(289 290 560)
3(345 468 519)
3(345 518 468)
3(309 525 433)
3(432 433 525)
3(432 525 309)
3(217 255 535)
3(611 211 109)
3(515 16 17)
3(515 110 16)
3(515 17 153)
3(199 200 134)
3(53 592 188)
3(188 592 52)
3(476 515 384)
3(476 415 515)
3(415 384 515)
3(610 23 158)
3(75 0 559)
3(75 559 76)
3(69 541 70)
3(589 19 214)
3(589 214 111)
3(11 503 10)
3(11 91 503)
3(249 511 246)
3(511 112 246)
3(249 112 511)
3(144 627 80)
3(627 142 143)
3(72 207 240)
3(240 207 138)
3(143 375 635)
3(82 83 80)
3(278 543 237)
3(543 369 237)
3(618 204 603)
3(618 562 204)
3(618 603 562)
3(282 139 594)
3(286 594 139)
3(282 594 286)
3(501 85 5)
3(530 294 417)
3(579 66 67)
3(579 67 135)
3(501 4 85)
3(501 84 4)
3(547 134 200)
3(65 547 200)
3(65 134 547)
3(503 10 106)
3(503 106 11)
3(507 523 133)
3(507 62 523)
3(62 133 523)
3(487 456 536)
3(487 624 456)
3(487 536 624)
3(523 133 630)
3(133 507 630)
3(532 131 536)
3(131 59 536)
3(532 59 131)
3(532 536 59)
3(552 190 330)
3(552 330 191)
3(277 626 134)
3(524 626 277)
3(282 139 521)
3(139 594 521)
3(282 521 594)
3(623 122 564)
3(623 40 122)
3(623 564 40)
3(174 494 283)
3(174 263 494)
3(200 578 134)
3(200 547 578)
3(145 617 82)
3(194 536 193)
3(194 58 536)
3(182 540 605)
3(47 182 605)
3(47 540 182)
3(47 605 540)
3(293 294 530)
3(293 530 154)
3(154 530 294)
3(344 618 541)
3(344 541 519)
3(618 204 343)
3(344 204 618)
3(468 519 472)
3(468 467 519)
3(519 593 280)
3(519 280 472)
3(494 546 283)
3(494 492 546)
3(546 492 283)
3(69 593 541)
3(69 618 593)
3(69 541 618)
3(593 541 239)
3(541 69 239)
3(206 519 205)
3(206 70 519)
3(240 71 207)
3(61 507 620)
3(61 235 507)
3(507 235 620)
3(587 29 528)
3(587 219 29)
3(219 528 29)
3(175 40 564)
3(39 564 40)
3(39 175 564)
3(407 626 277)
3(626 488 277)
3(535 388 378)
3(147 627 83)
3(384 565 262)
3(384 358 565)
3(403 516 487)
3(160 535 299)
3(24 159 114)
3(24 114 160)
3(507 61 567)
3(507 567 197)
3(88 8 502)
3(585 109 243)
3(585 247 109)
3(585 243 247)
3(251 158 248)
3(251 113 158)
3(113 248 158)
3(176 315 517)
3(315 316 517)
3(610 422 298)
3(421 422 610)
3(421 610 298)
3(216 568 23)
3(216 113 568)
3(178 608 179)
3(563 608 178)
3(563 178 179)
3(178 608 43)
3(43 608 179)
3(107 569 102)
3(107 102 103)
3(538 357 123)
3(538 123 267)
3(538 267 357)
3(317 440 582)
3(441 317 582)
3(306 166 591)
3(306 591 305)
3(591 166 305)
3(507 620 567)
3(530 154 616)
3(154 529 616)
3(530 529 154)
3(530 616 529)
3(511 589 20)
3(214 20 589)
3(214 589 511)
3(214 511 20)
3(515 262 384)
3(515 384 565)
3(445 540 322)
3(322 540 446)
3(363 607 592)
3(526 592 607)
3(178 608 42)
3(43 42 608)
3(131 536 366)
3(532 131 366)
3(532 366 536)
3(154 213 529)
3(154 529 153)
3(20 155 511)
3(156 511 155)
3(156 20 511)
3(281 534 208)
3(281 208 207)
3(281 207 534)
3(207 208 534)
3(532 275 366)
3(532 366 234)
3(532 234 275)
3(534 347 346)
3(534 470 347)
3(538 608 42)
3(523 567 197)
3(523 197 507)
3(545 270 575)
3(545 575 557)
3(270 557 575)
3(545 557 270)
3(267 608 582)
3(200 578 339)
3(200 339 134)
3(447 619 324)
3(43 608 44)
3(50 127 575)
3(229 575 127)
3(123 608 42)
3(538 123 42)
3(538 608 123)
3(152 515 17)
3(152 153 515)
3(166 31 554)
3(31 30 554)
3(582 563 178)
3(318 178 563)
3(582 178 318)
3(330 453 552)
3(330 552 454)
3(454 552 453)
3(531 268 359)
3(531 227 268)
3(609 458 459)
3(609 459 335)
3(515 415 416)
3(548 208 281)
3(548 534 208)
3(548 281 534)
3(280 137 518)
3(589 386 249)
3(249 386 511)
3(589 249 511)
3(155 589 511)
3(589 20 155)
3(186 557 575)
3(186 51 557)
3(186 575 51)
3(474 359 614)
3(531 359 474)
3(531 614 359)
3(531 474 614)
3(609 544 532)
3(609 195 544)
3(614 264 226)
3(614 124 264)
3(258 118 596)
3(221 596 118)
3(221 258 596)
3(474 264 614)
3(264 359 614)
3(474 389 614)
3(296 157 549)
3(284 392 613)
3(284 613 393)
3(284 258 613)
3(381 560 391)
3(381 391 611)
3(381 611 560)
3(391 560 611)
3(286 594 612)
3(140 634 139)
3(140 634 75)
3(286 612 355)
3(286 594 355)
3(265 225 623)
3(517 225 265)
3(230 557 362)
3(271 362 557)
3(230 271 557)
3(608 226 123)
3(608 43 226)
3(608 123 43)
3(248 542 251)
3(248 379 542)
3(379 251 542)
3(413 381 560)
3(104 107 106)
3(509 535 255)
3(388 509 255)
3(423 535 424)
3(388 535 423)
3(589 20 19)
3(589 19 155)
3(585 243 611)
3(243 381 611)
3(585 611 381)
3(585 381 243)
3(391 358 611)
3(565 358 391)
3(565 391 611)
3(391 243 611)
3(243 358 611)
3(362 395 557)
3(395 270 557)
3(109 243 611)
3(611 211 243)
3(533 509 377)
3(425 377 509)
3(533 377 425)
3(377 533 255)
3(509 377 255)
3(533 252 377)
3(558 570 413)
3(289 558 413)
3(289 413 570)
3(207 281 138)
3(588 193 192)
3(192 193 624)
3(487 624 588)
3(455 456 624)
3(478 522 349)
3(382 522 478)
3(122 349 564)
3(564 349 224)
3(610 542 394)
3(610 394 421)
3(610 421 542)
3(394 248 542)
3(542 248 610)
3(298 610 299)
3(568 216 610)
3(568 248 216)
3(568 610 248)
3(23 568 610)
3(158 610 568)
3(394 422 610)
3(631 166 306)
3(631 167 166)
3(631 306 167)
3(567 336 197)
3(418 295 511)
3(511 295 156)
3(149 13 510)
3(13 148 510)
3(149 510 148)
3(405 609 459)
3(567 405 459)
3(567 459 609)
3(609 481 544)
3(405 544 481)
3(196 567 544)
3(532 481 544)
3(226 614 608)
3(288 148 510)
3(288 510 583)
3(581 241 138)
3(267 123 608)
3(149 14 510)
3(558 500 413)
3(500 570 413)
3(381 413 558)
3(381 558 500)
3(607 272 632)
3(272 479 632)
3(272 607 129)
3(534 409 475)
3(281 409 534)
3(510 212 556)
3(13 510 556)
3(13 556 212)
3(465 579 341)
3(543 579 629)
3(135 543 629)
3(575 545 606)
3(270 575 606)
3(340 200 547)
3(340 578 200)
3(606 619 520)
3(447 520 619)
3(606 361 270)
3(606 399 361)
3(500 473 570)
3(229 520 606)
3(229 606 575)
3(606 520 575)
3(575 545 619)
3(619 545 606)
3(575 619 606)
3(520 575 185)
3(619 520 185)
3(619 575 520)
3(385 605 398)
3(228 605 360)
3(228 605 125)
3(572 49 184)
3(520 572 184)
3(552 330 555)
3(552 190 555)
3(190 330 555)
3(129 555 632)
3(129 632 552)
3(129 552 555)
3(604 396 269)
3(604 269 561)
3(604 561 396)
3(396 561 269)
3(604 126 269)
3(396 398 604)
3(604 126 561)
3(198 524 63)
3(199 524 198)
3(260 266 539)
3(484 260 539)
3(371 603 491)
3(371 593 603)
3(371 491 593)
3(279 491 603)
3(279 603 562)
3(279 562 491)
3(491 562 603)
3(69 603 204)
3(204 603 68)
3(371 603 279)
3(69 603 618)
3(204 69 618)
3(304 514 602)
3(304 602 427)
3(304 427 514)
3(427 602 514)
3(304 602 164)
3(304 165 602)
3(304 514 164)
3(427 528 602)
3(304 602 528)
3(304 528 427)
3(427 528 29)
3(427 29 602)
3(602 29 528)
3(510 570 149)
3(149 570 288)
3(510 149 288)
3(510 288 570)
3(36 539 222)
3(245 100 556)
3(108 245 556)
3(601 548 499)
3(601 499 409)
3(601 411 499)
3(601 409 411)
3(548 409 601)
3(232 273 516)
3(130 516 232)
3(130 273 516)
3(297 157 600)
3(296 600 157)
3(549 419 387)
3(549 387 600)
3(387 419 600)
3(600 542 420)
3(600 420 379)
3(600 379 542)
3(542 379 420)
3(215 157 549)
3(600 157 215)
3(600 549 157)
3(297 542 420)
3(600 387 379)
3(600 420 387)
3(196 609 544)
3(554 591 166)
3(166 591 528)
3(165 528 166)
3(166 528 305)
3(117 528 259)
3(554 117 259)
3(368 524 488)
3(368 277 524)
3(488 524 277)
3(223 283 173)
3(173 283 566)
3(223 566 283)
3(131 536 274)
3(274 536 366)
3(129 607 555)
3(129 555 54)
3(190 555 189)
3(233 274 536)
3(274 588 536)
3(131 58 536)
3(58 59 536)
3(131 536 233)
3(438 382 590)
3(438 522 382)
3(438 590 522)
3(129 607 632)
3(175 590 564)
3(522 590 175)
3(522 175 564)
3(201 547 200)
3(201 65 547)
3(175 590 174)
3(174 590 564)
3(175 174 564)
3(437 590 438)
3(147 627 141)
3(141 627 83)
3(506 80 83)
3(141 506 83)
3(141 83 80)
3(235 276 507)
3(235 620 276)
3(543 237 135)
3(278 543 135)
3(454 516 455)
3(403 455 516)
3(318 179 563)
3(599 356 551)
3(287 551 356)
3(599 375 356)
3(599 577 375)
3(577 356 375)
3(66 65 547)
3(66 547 201)
3(599 356 144)
3(551 144 356)
3(599 144 551)
3(326 449 545)
3(449 557 545)
3(326 545 557)
3(449 545 325)
3(545 326 325)
3(449 557 395)
3(449 395 545)
3(395 557 545)
3(396 561 446)
3(447 520 572)
3(324 447 572)
3(324 572 520)
3(324 520 447)
3(126 520 561)
3(606 520 126)
3(572 520 561)
3(126 572 561)
3(324 323 572)
3(463 462 578)
3(369 578 407)
3(369 489 578)
3(291 565 152)
3(151 565 152)
3(291 565 151)
3(280 137 519)
3(380 419 549)
3(380 549 511)
3(380 511 419)
3(380 387 549)
3(558 247 212)
3(212 247 585)
3(558 585 247)
3(558 212 585)
3(439 517 440)
3(404 536 366)
3(558 510 212)
3(585 212 109)
3(585 381 558)
3(585 247 381)
3(381 247 558)
3(401 450 598)
3(508 450 401)
3(508 598 450)
3(451 450 598)
3(328 592 526)
3(328 327 598)
3(451 598 327)
3(219 587 254)
3(485 587 376)
3(427 587 485)
3(427 528 587)
3(29 427 587)
3(544 132 234)
3(223 121 173)
3(283 546 174)
3(173 174 546)
3(283 173 546)
3(223 38 173)
3(38 121 173)
3(531 320 584)
3(443 584 320)
3(443 320 531)
3(237 66 547)
3(237 543 66)
3(237 547 543)
3(543 547 66)
3(531 180 584)
3(180 320 584)
3(492 435 546)
3(566 492 546)
3(566 546 435)
3(436 435 546)
3(492 436 546)
3(436 546 312)
3(313 312 546)
3(313 546 436)
3(406 480 630)
3(600 158 157)
3(311 312 576)
3(172 576 312)
3(311 576 172)
3(512 426 303)
3(385 540 398)
3(385 605 540)
3(390 376 512)
3(426 512 376)
3(390 512 426)
3(533 512 425)
3(533 390 512)
3(390 425 512)
3(533 425 390)
3(293 153 529)
3(153 292 529)
3(397 531 444)
3(522 439 478)
3(517 439 522)
3(438 522 439)
3(438 478 522)
3(121 39 564)
3(39 224 564)
3(121 564 224)
3(460 630 480)
3(460 480 507)
3(423 535 300)
3(300 535 424)
3(121 174 39)
3(121 38 174)
3(65 547 237)
3(535 299 423)
3(535 300 299)
3(435 576 566)
3(496 566 576)
3(576 435 312)
3(312 576 566)
3(435 312 566)
3(207 534 518)
3(546 174 494)
3(469 518 346)
3(346 518 534)
3(410 475 518)
3(433 484 525)
3(539 525 484)
3(539 433 525)
3(215 157 21)
3(215 21 549)
3(525 285 260)
3(493 285 525)
3(493 525 260)
3(433 493 525)
3(493 484 525)
3(39 564 174)
3(121 174 564)
3(404 456 597)
3(536 597 456)
3(536 456 404)
3(536 404 597)
3(597 457 532)
3(597 334 457)
3(532 457 334)
3(597 532 334)
3(457 404 597)
3(457 532 404)
3(597 404 532)
3(333 597 334)
3(333 457 597)
3(457 456 597)
3(596 613 118)
3(596 258 613)
3(258 118 613)
3(169 596 525)
3(258 596 482)
3(258 285 596)
3(158 248 542)
3(530 417 529)
3(383 529 417)
3(383 530 529)
3(293 417 530)
3(529 530 293)
3(412 351 583)
3(351 350 583)
3(473 583 351)
3(473 352 583)
3(461 523 338)
3(523 524 338)
3(461 338 524)
3(337 461 523)
3(337 523 338)
3(348 374 521)
3(209 521 374)
3(209 348 521)
3(566 120 261)
3(566 261 266)
3(591 306 631)
3(591 631 166)
3(513 168 613)
3(513 574 168)
3(168 574 613)
3(284 118 574)
3(613 284 574)
3(613 574 118)
3(613 118 284)
3(149 510 558)
3(284 220 574)
3(220 118 574)
3(480 567 620)
3(480 405 567)
3(505 80 96)
3(623 40 41)
3(186 557 545)
3(186 545 575)
3(505 80 95)
3(175 314 590)
3(522 314 175)
3(522 590 314)
3(50 575 185)
3(520 50 185)
3(223 120 566)
3(540 445 385)
3(229 606 361)
3(229 270 606)
3(605 125 47)
3(605 47 228)
3(50 51 575)
3(546 173 313)
3(40 564 522)
3(187 51 508)
3(187 557 51)
3(557 508 51)
3(512 390 257)
3(533 27 218)
3(533 218 115)
3(533 115 27)
3(181 573 321)
3(452 453 555)
3(452 555 329)
3(226 608 44)
3(548 581 281)
3(380 386 511)
3(380 511 249)
3(373 601 409)
3(373 411 601)
3(499 475 534)
3(572 604 126)
3(572 561 604)
3(52 51 508)
3(584 442 474)
3(584 443 442)
3(562 204 343)
3(525 119 260)
3(539 260 222)
3(603 136 371)
3(603 279 136)
3(510 350 354)
3(312 435 546)
3(283 566 546)
3(100 556 101)
3(245 101 556)
3(514 512 303)
3(514 303 164)
3(548 409 373)
3(548 373 601)
3(601 373 521)
3(373 548 281)
3(409 281 548)
3(29 514 622)
3(29 427 514)
3(29 622 427)
3(418 511 380)
3(0 83 506)
3(0 506 99)
3(180 44 531)
3(584 531 44)
3(545 448 449)
3(245 212 556)
3(510 245 556)
3(73 209 581)
3(209 74 581)
3(230 51 508)
3(230 508 52)
3(508 450 483)
3(161 301 509)
3(618 204 541)
3(57 588 233)
3(227 46 531)
3(550 531 46)
3(550 227 531)
3(143 144 635)
3(161 300 509)
3(251 600 387)
3(251 379 600)
3(509 424 425)
3(210 521 594)
3(521 577 594)
3(210 594 577)
3(210 577 521)
3(176 41 623)
3(40 176 623)
3(525 493 482)
3(41 517 176)
3(388 509 377)
3(565 391 414)
3(565 560 391)
3(553 68 238)
3(553 238 67)
3(553 68 603)
3(68 238 603)
3(553 603 238)
3(587 219 116)
3(29 587 116)
3(604 48 572)
3(168 308 633)
3(308 169 633)
3(395 557 483)
3(362 483 557)
3(565 151 290)
3(616 111 242)
3(57 588 130)
3(142 141 627)
3(142 586 141)
3(142 627 586)
3(531 44 45)
3(531 45 124)
3(577 375 287)
3(41 42 517)
3(225 517 42)
3(179 563 319)
3(319 563 318)
3(481 404 532)
3(366 481 532)
3(366 532 404)
3(573 46 181)
3(573 181 182)
3(108 212 556)
3(566 539 576)
3(36 576 539)
3(166 167 554)
3(354 245 510)
3(45 531 227)
3(333 597 194)
3(194 597 334)
3(423 299 615)
3(422 615 299)
3(289 570 288)
3(370 629 135)
3(370 135 543)
3(370 543 629)
3(437 590 314)
3(438 314 590)
3(22 158 113)
3(34 221 596)
3(221 33 596)
3(79 80 586)
3(79 586 143)
3(523 197 62)
3(506 99 595)
3(149 14 558)
3(558 14 510)
3(299 159 610)
3(556 350 103)
3(556 102 350)
3(556 103 102)
3(50 575 186)
3(100 569 12)
3(569 556 100)
3(569 12 556)
3(380 511 246)
3(171 170 539)
3(104 8 569)
3(562 466 467)
3(474 442 614)
3(549 215 112)
3(380 549 246)
3(549 511 246)
3(101 569 556)
3(101 100 569)
3(116 218 622)
3(516 331 454)
3(103 583 350)
3(350 583 556)
3(103 556 583)
3(103 583 351)
3(516 552 191)
3(552 56 191)
3(328 526 452)
3(451 452 526)
3(257 218 622)
3(551 144 635)
3(361 561 399)
3(326 186 545)
3(585 109 14)
3(585 14 15)
3(183 540 47)
3(333 536 597)
3(333 597 456)
3(560 558 150)
3(560 15 558)
3(150 558 15)
3(78 586 79)
3(78 80 586)
3(572 184 323)
3(324 184 572)
3(260 539 525)
3(260 525 484)
3(578 339 340)
3(357 538 225)
3(357 517 538)
3(357 225 517)
3(538 517 225)
3(46 47 605)
3(46 605 125)
3(397 359 531)
3(186 557 326)
3(308 613 168)
3(40 623 522)
3(552 330 516)
3(191 516 330)
3(289 560 558)
3(533 27 512)
3(218 512 27)
3(533 512 218)
3(413 289 560)
3(413 560 558)
3(328 329 555)
3(328 555 189)
3(555 329 189)
3(176 315 522)
3(315 517 522)
3(549 246 387)
3(163 27 512)
3(163 512 533)
3(154 111 529)
3(213 111 154)
3(585 212 14)
3(324 619 520)
3(185 324 520)
3(229 606 126)
3(262 213 515)
3(504 506 595)
3(595 3 504)
3(504 3 76)
3(504 595 99)
3(276 507 133)
3(406 460 630)
3(375 521 594)
3(521 411 594)
3(375 594 411)
3(375 411 521)
3(521 577 375)
3(375 577 594)
3(282 594 355)
3(282 411 594)
3(371 593 136)
3(239 593 519)
3(239 519 541)
3(239 280 519)
3(231 607 592)
3(363 231 592)
3(363 128 592)
3(299 535 615)
3(189 526 328)
3(189 592 526)
3(275 544 481)
3(393 497 591)
3(306 591 429)
3(261 223 566)
3(312 172 566)
3(430 306 513)
3(306 631 513)
3(564 590 263)
3(382 564 263)
3(382 263 590)
3(590 437 546)
3(494 546 437)
3(494 590 546)
3(313 437 590)
3(174 590 263)
3(564 174 263)
3(313 437 546)
3(501 11 91)
3(32 167 574)
3(168 574 167)
3(119 596 34)
3(111 242 589)
3(536 487 588)
3(424 377 509)
3(354 510 556)
3(354 556 350)
3(350 556 510)
3(563 584 614)
3(44 614 584)
3(354 556 101)
3(354 102 556)
3(101 556 102)
3(556 245 354)
3(254 587 116)
3(116 587 622)
3(78 142 586)
3(141 78 586)
3(168 307 613)
3(143 586 142)
3(79 586 142)
3(556 107 569)
3(556 569 102)
3(556 102 107)
3(107 106 569)
3(106 104 569)
3(340 463 578)
3(463 578 339)
3(136 238 603)
3(279 238 603)
3(279 603 553)
3(569 8 580)
3(381 560 585)
3(558 585 560)
3(558 560 381)
3(597 536 194)
3(194 536 532)
3(597 532 536)
3(597 194 532)
3(611 560 585)
3(15 560 585)
3(611 560 15)
3(15 585 558)
3(15 558 14)
3(585 14 558)
3(352 583 288)
3(473 288 583)
3(253 299 216)
3(215 158 251)
3(113 158 215)
3(158 215 600)
3(319 563 584)
3(584 563 442)
3(319 442 563)
3(319 584 442)
3(319 179 584)
3(319 180 584)
3(319 320 584)
3(104 8 580)
3(569 104 580)
3(381 477 558)
3(364 129 552)
3(287 146 551)
3(370 553 135)
3(370 629 553)
3(238 553 135)
3(538 267 608)
3(538 582 267)
3(442 318 563)
3(317 582 318)
3(454 330 516)
3(331 330 516)
3(507 480 567)
3(480 459 567)
3(480 567 460)
3(460 459 567)
3(531 397 474)
3(427 426 512)
3(609 195 196)
3(427 514 303)
3(304 303 514)
3(433 525 310)
3(539 433 310)
3(587 622 29)
3(525 310 309)
3(333 194 536)
3(548 348 471)
3(373 281 581)
3(138 373 581)
3(207 347 534)
3(347 208 534)
3(414 384 565)
3(384 415 565)
3(384 565 391)
3(427 512 303)
3(246 112 549)
3(106 580 10)
3(104 9 580)
3(580 105 104)
3(427 528 485)
3(428 528 485)
3(428 427 528)
3(236 368 524)
3(368 133 524)
3(133 524 630)
3(494 436 546)
3(346 534 207)
3(579 341 547)
3(341 464 547)
3(579 547 464)
3(579 464 341)
3(187 557 186)
3(579 341 201)
3(579 201 547)
3(579 202 201)
3(277 626 578)
3(277 578 134)
3(407 578 277)
3(369 578 277)
3(421 297 610)
3(542 297 421)
3(298 297 610)
3(577 375 490)
3(521 490 375)
3(521 577 490)
3(287 577 594)
3(577 356 490)
3(164 622 29)
3(496 539 576)
3(434 310 576)
3(539 434 576)
3(539 310 434)
3(311 576 171)
3(311 310 576)
3(462 461 524)
3(28 27 512)
3(327 450 598)
3(270 127 575)
3(575 270 229)
3(302 162 533)
3(163 533 302)
3(302 533 512)
3(322 183 540)
3(183 182 540)
3(322 540 182)
3(494 590 263)
3(174 590 494)
3(263 349 564)
3(290 560 151)
3(129 555 55)
3(237 134 547)
3(256 393 574)
3(256 574 554)
3(347 208 548)
3(347 548 534)
3(103 583 104)
3(166 554 631)
3(284 393 574)
3(284 574 256)
3(66 202 579)
3(531 397 443)
3(390 252 512)
3(512 252 257)
3(252 512 533)
3(252 533 390)
3(385 540 573)
3(445 385 573)
3(445 573 540)
3(531 46 573)
3(46 550 573)
3(540 573 605)
3(445 444 573)
3(540 573 182)
3(396 604 446)
3(604 561 446)
3(572 323 527)
3(527 323 446)
3(183 323 572)
3(572 183 527)
3(526 555 452)
3(526 452 479)
3(328 452 555)
3(328 526 555)
3(525 493 432)
3(501 571 4)
3(501 84 571)
3(571 11 501)
3(2 571 501)
3(2 84 571)
3(11 2 571)
3(501 2 11)
3(315 522 175)
3(490 374 521)
3(293 154 529)
3(511 419 418)
3(307 513 168)
3(513 168 167)
3(225 123 538)
3(468 519 344)
3(346 207 518)
3(346 518 206)
3(473 570 413)
3(473 288 570)
3(288 583 570)
3(289 570 473)
3(214 249 511)
3(214 112 511)
3(119 539 260)
3(508 483 557)
3(271 557 483)
3(508 557 271)
3(300 535 509)
3(365 516 130)
3(135 67 553)
3(516 588 130)
3(124 614 359)
3(538 225 42)
3(319 443 584)
3(192 331 516)
3(168 613 118)
3(528 304 428)
3(165 602 528)
3(567 336 459)
3(523 198 62)
3(523 197 198)
3(555 526 189)
3(189 526 607)
3(551 145 356)
3(206 70 518)
3(357 498 517)
3(517 498 265)
3(357 517 265)
3(581 208 209)
3(605 125 550)
3(46 605 550)
3(59 532 60)
3(59 195 532)
3(577 521 374)
3(374 521 210)
3(316 439 517)
3(209 521 74)
3(209 210 521)
3(62 63 523)
3(133 523 63)
3(177 41 517)
3(348 548 347)
3(55 552 56)
3(133 524 523)
3(66 579 201)
3(66 547 579)
3(469 518 345)
3(346 345 518)
3(436 546 437)
3(240 518 71)
3(521 74 581)
3(209 521 581)
3(199 339 134)
3(512 252 218)
3(512 218 257)
3(337 523 198)
3(198 523 338)
3(153 292 515)
3(230 508 557)
3(271 508 230)
3(374 490 577)
3(107 569 11)
3(106 569 11)
3(128 230 508)
3(370 278 543)
3(438 522 315)
3(315 522 439)
3(522 314 315)
3(300 160 535)
3(519 472 410)
3(542 420 421)
3(322 527 540)
3(239 70 541)
3(552 555 55)
3(324 184 520)
3(564 263 224)
3(49 520 50)
3(220 574 256)
3(532 59 234)
3(532 234 131)
3(394 537 378)
3(275 481 532)
3(218 252 533)
3(535 160 161)
3(59 194 532)
3(194 195 532)
3(533 390 377)
3(194 536 59)
3(531 443 444)
3(355 594 411)
3(572 527 48)
3(48 527 604)
3(2 1 571)
3(485 528 497)
3(113 248 568)
3(248 158 568)
3(158 248 610)
3(567 459 335)
3(308 309 633)
3(496 566 261)
3(565 560 611)
3(290 413 560)
3(121 564 263)
3(523 63 198)
3(523 524 63)
3(523 198 524)
3(584 442 614)
3(474 584 614)
3(331 516 191)
3(396 561 361)
3(438 522 314)
3(558 14 150)
3(141 559 634)
3(140 559 634)
3(75 559 140)
3(517 315 439)
3(14 558 212)
3(103 104 556)
3(107 103 556)
3(190 555 329)
3(369 237 547)
3(256 554 117)
3(220 256 554)
3(177 42 517)
3(370 553 400)
3(531 584 614)
3(145 551 287)
3(550 268 227)
3(550 125 268)
3(268 531 550)
3(251 549 387)
3(538 42 517)
3(209 581 348)
3(579 547 543)
3(278 408 543)
3(275 532 544)
3(234 275 544)
3(370 543 408)
3(78 141 80)
3(344 541 204)
3(205 541 344)
3(198 524 338)
3(540 322 573)
3(27 533 26)
3(539 170 35)
3(495 538 267)
3(422 537 394)
3(432 309 633)
3(404 536 532)
3(161 300 535)
3(199 524 134)
3(162 26 533)
3(532 194 334)
3(525 34 596)
3(322 446 527)
3(2 501 84)
3(501 85 84)
3(86 85 502)
3(502 87 86)
3(501 502 85)
3(502 88 87)
3(503 89 88)
3(503 90 89)
3(503 88 502)
3(503 91 90)
3(501 2 91)
3(501 91 503)
3(501 503 502)
3(504 3 92)
3(504 92 93)
3(505 93 94)
3(93 505 504)
3(94 95 505)
3(505 95 96)
3(97 506 96)
3(505 96 506)
3(506 97 98)
3(99 506 98)
3(3 504 99)
3(506 99 504)
3(504 505 506)
3(79 95 94)
3(78 94 93)
3(78 79 94)
3(77 78 93)
3(77 93 92)
3(77 92 76)
3(90 10 89)
3(9 89 10)
3(87 7 86)
3(6 5 85)
3(83 98 82)
3(90 91 10)
3(81 82 97)
3(98 97 82)
3(6 86 7)
3(7 87 8)
3(88 9 8)
3(0 76 3)
3(99 98 83)
3(4 1 84)
3(81 96 80)
3(3 99 0)
3(11 10 91)
3(4 84 85)
3(88 89 9)
3(96 95 80)
3(0 99 83)
3(79 80 95)
3(4 85 5)
3(6 85 86)
3(88 8 87)
3(92 3 76)
3(97 96 81)
3(2 84 1)
3(11 2 1)
3(11 91 2)
3(385 398 360)
3(466 400 465)
3(5 6 101)
3(115 217 255)
3(270 362 127)
3(439 498 478)
3(411 282 373)
3(263 382 349)
3(143 80 79)
3(455 332 456)
3(380 418 419)
3(109 15 14)
3(154 19 155)
3(142 143 79)
3(176 316 315)
3(359 474 397)
3(179 178 43)
3(186 187 326)
3(145 81 144)
3(171 172 311)
3(389 441 442)
3(141 286 142)
3(399 448 395)
3(140 286 141)
3(500 477 412)
3(271 363 128)
3(105 9 10)
3(483 395 449)
3(234 366 275)
3(319 180 320)
3(424 423 300)
3(369 489 278)
3(39 40 175)
3(298 159 299)
3(144 80 143)
3(131 274 366)
3(111 244 242)
3(16 110 17)
3(418 386 417)
3(161 26 162)
3(213 244 111)
3(177 176 41)
3(49 126 229)
3(239 280 137)
3(116 218 257)
3(219 29 116)
3(168 32 33)
3(121 38 223)
3(220 118 32)
3(23 159 158)
3(215 113 22)
3(54 129 55)
3(129 232 55)
3(133 236 63)
3(281 240 372)
3(64 65 200)
3(351 350 103)
3(461 488 406)
3(285 221 258)
3(153 293 292)
3(250 217 114)
3(309 170 310)
3(149 288 148)
3(307 431 430)
3(46 125 47)
3(239 70 69)
3(356 287 145)
3(102 350 354)
3(125 228 47)
3(477 354 350)
3(205 69 70)
3(101 354 245)
3(204 203 68)
3(477 247 354)
3(392 258 284)
3(392 482 258)
3(479 402 272)
3(230 271 128)
3(394 378 253)
3(413 391 381)
3(388 377 255)
3(224 263 349)
3(492 283 261)
3(271 401 363)
3(480 276 367)
3(389 474 264)
3(454 453 330)
3(389 442 474)
3(256 284 220)
3(402 364 272)
3(402 486 364)
3(406 276 480)
3(77 141 78)
3(389 495 441)
3(463 464 489)
3(308 432 431)
3(271 483 401)
3(316 176 177)
3(337 198 338)
3(314 175 315)
3(290 151 291)
3(227 46 45)
3(303 302 163)
3(299 300 423)
3(188 187 52)
3(247 243 109)
3(23 113 216)
3(120 266 261)
3(343 203 204)
3(325 185 186)
3(335 458 334)
3(231 129 54)
3(419 296 420)
3(481 457 458)
3(426 376 390)
3(272 364 129)
3(345 206 346)
3(385 268 397)
3(202 203 342)
3(43 44 179)
3(206 70 71)
3(48 228 126)
3(116 29 28)
3(331 192 332)
3(184 185 324)
3(157 22 158)
3(273 486 403)
3(152 292 291)
3(165 164 29)
3(434 496 484)
3(119 222 35)
3(303 163 164)
3(196 61 197)
3(249 214 242)
3(67 68 203)
3(241 74 73)
3(351 104 352)
3(371 280 239)
3(337 336 197)
3(248 253 216)
3(217 115 26)
3(148 107 12)
3(110 211 358)
3(127 50 229)
3(239 69 136)
3(344 468 467)
3(269 228 360)
3(321 322 445)
3(162 301 161)
3(185 184 49)
3(349 122 224)
3(61 235 62)
3(421 394 379)
3(475 409 281)
3(20 19 214)
3(416 383 476)
3(484 433 434)
3(433 310 434)
3(242 244 383)
3(155 20 156)
3(452 453 402)
3(70 239 137)
3(396 447 399)
3(281 372 475)
3(355 411 375)
3(221 33 118)
3(281 409 373)
3(67 238 68)
3(54 53 231)
3(181 180 45)
3(278 135 237)
3(164 28 29)
3(482 431 432)
3(138 373 241)
3(392 393 430)
3(354 247 245)
3(330 191 331)
3(228 269 126)
3(163 28 164)
3(269 360 398)
3(275 405 367)
3(491 467 472)
3(360 268 385)
3(256 259 497)
3(111 19 18)
3(154 18 19)
3(489 407 463)
3(169 170 309)
3(36 37 172)
3(405 481 458)
3(349 382 478)
3(389 264 267)
3(114 253 250)
3(471 490 499)
3(348 490 471)
3(455 454 331)
3(193 194 333)
3(137 372 240)
3(181 45 46)
3(403 486 454)
3(429 430 393)
3(324 325 448)
3(276 406 368)
3(465 400 408)
3(434 435 496)
3(265 122 349)
3(46 227 125)
3(253 248 394)
3(416 292 293)
3(275 367 132)
3(181 320 180)
3(295 418 294)
3(11 1 107)
3(410 468 469)
3(407 488 462)
3(440 316 317)
3(115 255 252)
3(412 477 350)
3(329 330 453)
3(250 388 255)
3(158 159 298)
3(401 451 479)
3(103 7 8)
3(205 345 344)
3(182 322 321)
3(341 202 342)
3(313 174 314)
3(306 167 307)
3(116 257 254)
3(256 220 117)
3(27 115 218)
3(205 204 69)
3(122 225 41)
3(128 231 53)
3(215 246 251)
3(38 37 223)
3(170 34 35)
3(201 341 340)
3(491 371 279)
3(213 262 244)
3(153 154 293)
3(390 377 425)
3(126 361 229)
3(60 132 61)
3(428 497 485)
3(322 183 323)
3(265 349 478)
3(278 370 135)
3(296 295 156)
3(437 438 382)
3(310 433 309)
3(429 393 497)
3(219 116 254)
3(25 217 26)
3(151 152 291)
3(168 169 308)
3(199 64 200)
3(282 139 241)
3(232 273 130)
3(333 332 193)
3(160 300 299)
3(194 58 59)
3(219 30 29)
3(319 179 180)
3(499 409 475)
3(470 347 471)
3(190 189 54)
3(188 189 328)
3(399 447 448)
3(197 198 337)
3(25 26 161)
3(308 169 309)
3(325 326 449)
3(352 288 473)
3(195 196 335)
3(295 294 155)
3(472 280 371)
3(101 6 102)
3(148 12 13)
3(206 207 346)
3(144 356 145)
3(381 243 247)
3(428 485 427)
3(452 402 479)
3(364 273 232)
3(280 372 137)
3(372 410 475)
3(381 391 243)
3(308 309 432)
3(148 288 353)
3(327 187 188)
3(203 343 342)
3(154 153 18)
3(193 57 58)
3(487 404 274)
3(143 375 144)
3(192 191 56)
3(360 125 268)
3(44 226 124)
3(140 141 77)
3(179 44 180)
3(490 356 375)
3(308 431 307)
3(195 335 334)
3(157 156 21)
3(476 415 416)
3(312 172 173)
3(484 496 266)
3(248 113 251)
3(378 250 253)
3(278 237 369)
3(269 361 126)
3(172 37 173)
3(303 427 426)
3(61 62 197)
3(234 59 131)
3(422 378 394)
3(217 250 255)
3(399 361 396)
3(403 365 273)
3(136 279 371)
3(136 371 239)
3(314 438 437)
3(224 122 40)
3(65 237 66)
3(38 121 39)
3(391 413 414)
3(359 264 474)
3(497 393 256)
3(34 119 35)
3(261 266 496)
3(17 213 18)
3(17 18 153)
3(212 108 245)
3(356 374 287)
3(32 31 220)
3(102 7 103)
3(56 130 57)
3(388 424 377)
3(345 205 206)
3(139 74 241)
3(6 7 102)
3(80 144 81)
3(482 392 431)
3(155 156 295)
3(469 346 470)
3(486 273 364)
3(370 279 238)
3(236 277 134)
3(34 170 169)
3(374 210 287)
3(178 177 42)
3(65 64 134)
3(83 147 0)
3(233 130 365)
3(147 75 0)
3(287 210 147)
3(142 286 355)
3(267 264 226)
3(36 171 35)
3(160 25 161)
3(399 395 270)
3(252 218 115)
3(318 178 179)
3(491 279 400)
3(30 219 117)
3(384 391 414)
3(383 244 476)
3(226 44 43)
3(60 234 132)
3(429 306 430)
3(380 419 387)
3(259 254 485)
3(187 327 326)
3(491 400 466)
3(388 423 424)
3(422 423 378)
3(451 328 452)
3(472 468 410)
3(299 422 298)
3(24 23 216)
3(24 159 23)
3(217 25 114)
3(214 19 111)
3(20 155 19)
3(54 55 190)
3(71 207 206)
3(248 216 113)
3(204 68 69)
3(472 371 491)
3(128 53 52)
3(163 302 162)
3(406 460 461)
3(208 72 73)
3(57 233 58)
3(327 188 328)
3(325 449 448)
3(185 49 50)
3(303 304 427)
3(5 100 4)
3(231 363 272)
3(64 236 134)
3(5 101 100)
3(64 199 63)
3(64 63 236)
3(252 377 390)
3(38 173 37)
3(49 184 48)
3(126 49 48)
3(60 59 234)
3(60 195 59)
3(285 493 260)
3(495 357 498)
3(242 383 386)
3(168 307 167)
3(465 342 466)
3(487 274 365)
3(296 419 295)
3(130 273 365)
3(385 444 445)
3(17 110 213)
3(211 110 16)
3(495 389 267)
3(326 327 450)
3(471 499 470)
3(289 149 150)
3(212 245 247)
3(12 100 108)
3(429 428 305)
3(212 14 13)
3(274 233 365)
3(61 196 60)
3(76 140 77)
3(331 332 455)
3(291 292 415)
3(337 460 336)
3(254 257 376)
3(189 53 54)
3(51 127 230)
3(297 420 296)
3(402 453 486)
3(20 112 21)
3(363 479 272)
3(169 33 34)
3(366 404 481)
3(440 495 498)
3(122 41 40)
3(495 440 441)
3(497 428 429)
3(194 195 334)
3(124 359 227)
3(165 29 30)
3(469 470 475)
3(426 425 302)
3(175 176 315)
3(425 301 302)
3(15 16 151)
3(353 106 107)
3(353 105 106)
3(352 105 353)
3(208 209 348)
3(252 257 218)
3(386 383 417)
3(220 31 117)
3(252 255 377)
3(132 367 235)
3(367 405 480)
3(132 235 61)
3(235 367 276)
3(198 62 63)
3(262 476 244)
3(330 331 454)
3(414 291 415)
3(211 15 109)
3(47 228 48)
3(163 162 27)
3(445 446 398)
3(21 112 215)
3(15 150 14)
3(336 460 459)
3(149 14 150)
3(281 373 138)
3(421 298 422)
3(306 307 430)
3(462 338 339)
3(133 62 235)
3(408 489 464)
3(372 280 410)
3(226 123 267)
3(329 453 452)
3(419 420 387)
3(472 410 280)
3(242 386 249)
3(216 114 24)
3(329 328 189)
3(463 340 464)
3(165 30 166)
3(492 496 435)
3(281 138 240)
3(72 240 138)
3(45 44 124)
3(120 222 266)
3(49 229 50)
3(344 467 343)
3(383 416 417)
3(72 208 207)
3(305 306 429)
3(428 427 304)
3(301 424 300)
3(439 438 315)
3(439 316 440)
3(414 290 291)
3(443 444 397)
3(210 74 75)
3(201 65 66)
3(165 166 305)
3(417 293 294)
3(110 262 213)
3(358 262 110)
3(494 382 263)
3(119 221 285)
3(178 317 177)
3(256 117 259)
3(359 268 227)
3(183 48 184)
3(416 293 417)
3(160 299 159)
3(373 282 241)
3(358 384 262)
3(185 325 324)
3(380 246 249)
3(248 379 394)
3(356 144 375)
3(12 4 100)
3(450 449 326)
3(282 355 286)
3(392 430 431)
3(13 108 212)
3(213 111 18)
3(487 456 404)
3(27 28 163)
3(56 191 55)
3(440 317 441)
3(136 69 68)
3(494 283 492)
3(361 269 396)
3(466 343 467)
3(157 158 297)
3(261 496 492)
3(276 368 133)
3(341 201 202)
3(341 342 465)
3(289 473 288)
3(317 318 441)
3(120 37 36)
3(320 181 321)
3(465 464 341)
3(339 200 340)
3(266 260 484)
3(370 408 400)
3(323 184 324)
3(190 191 330)
3(339 338 199)
3(283 263 121)
3(447 446 323)
3(38 174 173)
3(32 118 33)
3(72 71 240)
3(202 66 67)
3(313 314 437)
3(434 311 435)
3(172 171 36)
3(437 382 494)
3(321 444 320)
3(436 312 313)
3(210 75 147)
3(12 108 13)
3(15 151 150)
3(426 427 376)
3(436 313 437)
3(176 175 40)
3(494 263 283)
3(332 333 456)
3(67 203 202)
3(305 304 165)
3(137 71 70)
3(355 143 142)
3(196 336 335)
3(104 105 352)
3(316 177 317)
3(183 184 323)
3(204 205 344)
3(204 344 343)
3(196 195 60)
3(191 190 55)
3(211 16 15)
3(205 70 206)
3(483 449 450)
3(292 152 153)
3(146 147 83)
3(436 492 435)
3(345 346 469)
3(150 290 289)
3(432 309 433)
3(9 104 8)
3(352 473 351)
3(393 392 284)
3(167 32 168)
3(128 363 231)
3(182 183 322)
3(36 222 120)
3(461 338 462)
3(125 360 228)
3(443 320 444)
3(183 182 47)
3(369 277 407)
3(219 254 259)
3(219 259 117)
3(31 167 166)
3(417 294 418)
3(457 404 456)
3(13 14 149)
3(318 179 319)
3(226 43 123)
3(53 188 52)
3(476 384 415)
3(75 76 0)
3(42 43 178)
3(176 40 41)
3(39 175 174)
3(16 152 151)
3(406 488 368)
3(249 246 112)
3(157 296 156)
3(488 461 462)
3(355 375 143)
3(82 146 83)
3(311 172 312)
3(282 286 139)
3(135 67 66)
3(106 10 11)
3(145 82 81)
3(194 193 58)
3(293 154 294)
3(12 107 1)
3(12 1 4)
3(75 74 139)
3(468 472 467)
3(357 123 225)
3(275 366 481)
3(314 174 175)
3(267 123 357)
3(230 362 271)
3(128 52 230)
3(190 330 329)
3(53 189 188)
3(421 420 297)
3(121 224 39)
3(27 162 26)
3(72 207 71)
3(236 133 368)
3(186 51 187)
3(425 426 390)
3(444 385 397)
3(265 357 225)
3(446 396 398)
3(458 459 405)
3(491 466 467)
3(407 277 488)
3(388 250 378)
3(454 486 453)
3(439 315 316)
3(403 454 455)
3(30 31 166)
3(403 487 365)
3(304 305 428)
3(24 160 159)
3(109 14 212)
3(42 225 123)
3(109 212 247)
3(421 422 394)
3(435 311 312)
3(45 124 227)
3(191 192 331)
3(459 335 336)
3(57 130 233)
3(161 300 160)
3(306 305 166)
3(374 209 210)
3(445 322 446)
3(72 138 73)
3(451 450 327)
3(351 473 412)
3(498 357 265)
3(396 269 398)
3(468 345 469)
3(470 346 347)
3(75 139 140)
3(447 324 448)
3(215 112 246)
3(27 218 28)
3(39 224 40)
3(152 17 153)
3(362 230 127)
3(270 229 361)
3(133 63 62)
3(242 214 111)
3(458 335 459)
3(416 415 292)
3(257 390 376)
3(75 140 76)
3(297 158 298)
3(264 124 226)
3(42 123 43)
3(413 500 473)
3(221 118 258)
3(327 328 451)
3(146 287 147)
3(267 357 495)
3(423 388 378)
3(286 140 139)
3(265 225 122)
3(248 251 379)
3(391 358 243)
3(362 270 395)
3(483 450 401)
3(243 211 109)
3(410 469 475)
3(382 438 478)
3(384 414 415)
3(359 397 268)
3(57 193 192)
3(249 112 214)
3(182 181 46)
3(444 321 445)
3(318 319 442)
3(210 209 74)
3(348 374 490)
3(306 166 167)
3(196 197 336)
3(370 238 135)
3(400 279 370)
3(149 148 13)
3(131 233 274)
3(465 408 464)
3(466 342 343)
3(499 411 409)
3(73 138 241)
3(381 500 413)
3(272 129 231)
3(148 353 107)
3(194 59 195)
3(361 399 270)
3(500 412 473)
3(315 438 314)
3(208 347 207)
3(199 198 63)
3(10 106 105)
3(304 164 165)
3(108 100 245)
3(499 490 411)
3(297 296 157)
3(379 387 420)
3(368 488 277)
3(131 59 58)
3(201 200 65)
3(461 460 337)
3(201 340 200)
3(447 396 446)
3(324 447 323)
3(463 407 462)
3(369 407 489)
3(439 440 498)
3(274 404 366)
3(401 450 451)
3(427 485 376)
3(283 121 223)
3(302 303 426)
3(438 439 478)
3(39 174 38)
3(433 484 493)
3(333 334 457)
3(258 482 285)
3(412 350 351)
3(374 348 209)
3(337 338 461)
3(284 118 220)
3(142 79 78)
3(145 146 82)
3(381 247 477)
3(102 103 350)
3(37 120 223)
3(445 398 385)
3(494 492 436)
3(483 271 362)
3(50 51 186)
3(74 209 73)
3(436 437 494)
3(129 364 232)
3(408 278 489)
3(135 238 67)
3(127 51 50)
3(313 173 174)
3(246 387 251)
3(260 266 222)
3(254 376 485)
3(131 366 234)
3(276 133 235)
3(460 406 480)
3(479 363 401)
3(479 451 452)
3(103 8 104)
3(422 299 423)
3(340 341 464)
3(339 340 463)
3(156 20 21)
3(380 249 386)
3(373 409 411)
3(308 307 168)
3(52 187 51)
3(474 442 443)
3(119 285 260)
3(329 452 328)
3(436 435 312)
3(100 101 245)
3(35 222 36)
3(418 380 386)
3(22 21 215)
3(22 157 21)
3(130 56 232)
3(230 52 51)
3(161 301 300)
3(251 387 379)
3(301 425 424)
3(493 285 482)
3(106 11 107)
3(218 116 28)
3(115 27 26)
3(197 62 198)
3(411 490 375)
3(395 483 362)
3(234 275 132)
3(142 78 141)
3(154 155 294)
3(24 114 25)
3(433 493 432)
3(318 317 178)
3(318 442 441)
3(190 329 189)
3(351 103 104)
3(369 134 277)
3(369 237 134)
3(260 222 119)
3(484 260 493)
3(183 47 48)
3(352 353 288)
3(41 225 42)
3(131 58 233)
3(333 194 334)
3(289 288 149)
3(22 23 158)
3(22 113 23)
3(34 33 221)
3(50 186 185)
3(171 310 170)
3(368 277 236)
3(421 379 420)
3(71 137 240)
3(358 211 243)
3(112 20 214)
3(118 284 258)
3(259 485 497)
3(476 262 384)
3(66 237 135)
3(224 121 263)
3(432 493 482)
3(481 405 275)
3(498 265 478)
3(462 339 463)
3(150 151 290)
3(418 295 419)
3(301 162 302)
3(199 200 339)
3(198 199 338)
3(312 173 313)
3(370 278 408)
3(326 325 186)
3(434 310 311)
3(380 387 246)
3(334 458 457)
3(261 283 223)
3(223 120 261)
3(34 221 119)
3(136 238 279)
3(232 56 55)
3(455 456 487)
3(424 425 377)
3(192 193 332)
3(354 101 102)
3(68 238 136)
3(31 30 117)
3(35 171 170)
3(182 46 47)
3(216 253 114)
3(113 215 251)
3(124 264 359)
3(348 347 208)
3(209 208 73)
3(180 44 45)
3(391 384 358)
3(56 57 192)
3(257 252 390)
3(480 405 459)
3(460 480 459)
3(169 168 33)
3(347 346 207)
3(421 297 298)
3(403 455 487)
3(181 182 321)
3(229 270 127)
3(289 413 473)
3(413 289 290)
3(237 65 134)
3(167 31 32)
3(284 256 393)
3(443 397 474)
3(333 457 456)
3(481 404 457)
3(490 374 356)
3(345 468 344)
3(16 17 152)
3(319 320 443)
3(177 41 42)
3(355 282 411)
3(381 477 500)
3(499 475 470)
3(105 104 9)
3(347 348 471)
3(303 164 304)
3(160 24 25)
3(66 202 201)
3(125 227 268)
3(146 145 287)
3(413 290 414)
3(171 311 310)
3(322 323 446)
3(395 448 449)
3(443 442 319)
)


// ************************************************************************* //
