/*--------------------------------*- C++ -*----------------------------------*\
| =========                 |                                                 |
| \\      /  F ield         | OpenFOAM: The Open Source CFD Toolbox           |
|  \\    /   O peration     | Version:  2512                                  |
|   \\  /    A nd           | Website:  www.openfoam.com                      |
|    \\/     M anipulation  |                                                 |
\*---------------------------------------------------------------------------*/
FoamFile
{
    version     2.0;
    format      ascii;
    arch        "LSB;label=32;scalar=64";
    class       labelList;
    location    "constant/domain5/polyMesh";
    object      faceRegionAddressing;
}
// * * * * * * * * * * * * * * * * * * * * * * * * * * * * * * * * * * * * * //


4161
(
111
112
113
114
264
265
266
267
1277
1278
1279
4394
4395
4396
5308
5309
5310
5725
5726
5727
5728
5746
5748
5749
5750
5751
5756
5757
5758
5759
5772
5773
5774
5801
5802
5803
5804
5816
5817
5818
5819
5852
5854
5855
5867
5868
5869
5877
5878
5879
5880
5896
5897
5898
5899
5917
5918
6001
6002
6003
6004
6012
6013
6014
6016
6017
6808
6809
6810
6811
6820
6821
6822
6840
6841
6842
6850
6851
6852
11529
11530
11531
11532
11573
11574
11575
11576
11685
11686
11687
11706
11707
11708
11709
11798
11799
11800
11801
11868
11869
11918
11919
12434
12580
12581
12640
12641
12642
12816
12817
12818
12846
13138
13139
13150
13151
13153
13168
13169
13170
13171
13246
13248
13249
13415
13416
13417
13418
13661
13663
13664
13837
13838
13839
13921
13922
13923
13960
13961
13962
14251
14253
14254
14724
14725
14726
15011
15012
15013
15041
15042
15043
15048
15050
15051
15578
15579
15580
15589
15590
15592
15593
15594
15596
15648
15649
15650
15651
15931
15932
15933
15945
15947
15948
16011
16012
16013
16014
16023
16024
16025
16034
16035
16036
16037
16114
16115
16118
16119
16120
16158
16159
16160
16222
16223
16224
16511
16512
16513
16514
16788
16789
16790
16833
16834
16993
16994
16995
16996
17141
17142
17226
17227
17228
17229
17393
17394
17395
17497
17498
17499
17500
17528
17529
17531
17558
17560
17561
17592
17594
17595
17607
17608
17609
17610
17811
17812
17858
17860
17861
18392
18394
18395
18417
18419
18420
18619
18620
18621
18783
18784
18785
18786
18791
18792
18793
18794
18818
18819
18820
18947
18948
18949
19183
19185
19186
19428
19429
19430
19431
19635
19636
19637
19721
19723
19798
19799
19801
20130
20131
20132
20133
20142
20143
20144
20145
20162
20163
20164
20165
20175
20176
20177
20178
20222
20223
20245
20246
20248
20257
20258
20259
20301
20302
20303
20308
20309
20310
20394
20395
20396
20397
20469
20470
20471
20476
20477
20599
20600
20601
20602
20610
20611
20612
20613
20618
20619
20620
20621
20622
20623
20706
20707
20708
20709
20744
20745
20746
20747
20752
20753
20754
20764
20766
20799
20800
20801
20852
20853
20854
20855
20881
20882
20883
20905
20906
20907
20912
20913
20938
20939
20940
20941
20960
20962
21021
21022
21023
21030
21031
21032
21045
21046
21047
21048
21052
21054
21133
21134
21135
21136
21166
21167
21168
21169
21183
21184
21185
21190
21191
21200
21201
21202
21222
21223
21224
21273
21462
21463
21464
21523
21524
21525
21587
21588
21589
21590
21593
21594
21595
21596
21613
21614
21630
21631
21650
21651
21679
21680
21681
21690
21691
21721
21722
21723
21724
21743
21744
21745
21746
21763
21764
21765
21766
21767
21768
21783
21784
21823
21824
21825
21826
21827
21828
21829
21848
21849
21850
21851
21868
21869
21918
21919
21920
21929
21931
21953
21954
22024
22025
22053
22054
22055
22134
22135
22136
22137
22141
22142
22143
22144
22150
22216
22217
22218
22219
22220
22221
22226
22227
22250
22251
22252
22286
22287
22288
22289
22290
22291
22292
22300
22301
22302
22303
22304
22305
22306
22307
22321
22322
22337
22338
22339
22347
22348
22349
22350
22369
22370
22371
22372
22373
22374
22375
22382
22384
22385
22386
22437
22438
22440
22441
22442
22443
22444
22495
22496
22497
22502
22503
22504
22534
22535
22536
22603
22604
22609
22610
22611
22612
22617
22618
22619
22656
22657
22689
22691
22702
22703
22792
22794
22806
22807
22808
22825
22826
22827
22828
22829
22830
22831
22832
22833
22834
22835
22860
22861
22862
22873
22874
22882
22883
22884
22889
22890
22891
22892
22918
22919
22920
22955
22956
22967
22968
22969
22970
22997
22998
22999
23009
23010
23011
23012
23015
23016
23017
23021
23022
23023
23024
23032
23033
23034
23035
23036
23037
23038
23045
23046
23047
23048
23049
23050
23051
23057
23058
23084
23155
23156
23157
23158
23177
23178
23179
23180
23202
23203
23204
23249
23250
23251
23263
23264
23289
23290
23328
23329
23330
23363
23365
23366
23374
23375
23376
23397
23398
23399
23400
23421
23423
23424
23429
23430
23437
23438
23440
23487
23488
23489
23490
23495
23496
23497
23584
23585
23729
23730
23758
23759
23760
23824
23825
23826
23891
23892
24531
24532
24533
24559
24560
24561
24654
24656
24657
24681
24682
24683
24889
24891
24892
24896
24897
24898
24899
25243
25244
25246
25267
25268
25269
25356
25357
25358
25545
25546
25547
25548
25984
25985
25986
26034
26035
26036
26037
26038
26039
26040
26136
26219
26220
26221
26222
26476
26477
26852
26853
26855
27288
27289
27290
27291
27292
27293
27764
27765
27766
27767
27768
27769
27770
27898
27899
28220
28222
28473
28474
28475
28476
28707
28708
28709
28710
29094
29095
29096
29399
29400
29401
29402
29403
29404
29405
29447
29448
29449
29450
29451
29452
29461
29462
29463
29511
29512
29513
29540
29541
29542
29558
29559
29560
29573
29574
29576
29655
29656
29863
29864
29886
29887
29888
30180
30181
30182
30197
30345
30346
30943
30944
30945
31038
31039
31129
31130
31131
31132
31153
31154
31642
31643
31644
31645
31784
31785
31786
31787
32128
32130
32369
32370
32372
32411
32413
32414
32433
32434
32435
32490
32491
32492
32493
33108
33109
33110
33276
33277
33278
33293
33294
33529
33531
33532
33755
33756
33757
33767
33768
33769
33770
33785
33786
33787
33788
33816
33817
33818
33834
33836
33838
33839
34235
34236
34237
34238
34317
34318
34319
34335
34336
34337
34338
34508
34509
34510
34511
34695
34696
34697
34862
34863
34864
34865
34928
34929
35125
35126
35127
35448
35449
35450
35701
35702
35887
35916
35917
35918
36023
36024
36025
36184
36185
36212
36214
36262
36599
36600
36601
36603
36634
36635
36636
36637
36638
36639
36809
37126
37127
37315
37316
37384
37385
37386
37465
37466
37467
37468
37503
37504
37689
37690
37968
37969
38003
38004
38005
38159
38160
38161
38167
38168
38169
38206
38207
38208
38209
38210
38353
38354
38355
38362
38364
38365
38596
38597
38599
38813
38814
38815
38870
38871
38984
38985
38986
39064
39065
39066
39067
39232
39233
39234
39608
39609
39610
39611
39718
39719
39720
39721
39923
39924
40049
40051
40052
40297
40298
40299
40425
40426
40427
40428
40474
40475
40603
40604
40724
40725
40726
41150
41152
41155
41156
41217
41218
41300
41301
41302
41738
41739
41740
41790
41791
41792
41793
41801
41802
41841
41842
41843
42328
42329
42331
42335
42336
42338
42349
42350
42351
42374
42375
42376
43373
43410
43412
43413
43572
43893
43894
43895
44602
44603
44605
44626
44628
44629
44667
44668
44669
44670
44675
44677
44678
44848
44885
44886
44887
44888
44917
44918
44950
44951
44952
44953
45158
45159
45235
45236
45279
45280
45281
45293
45294
45295
45313
45315
45344
45345
45346
45463
45464
45465
45466
45473
45474
45597
45598
45599
45733
45735
45822
45823
45824
45825
46014
46015
46016
46017
46056
46058
46064
46070
46082
46083
46084
46085
46086
46087
46093
46094
46095
46096
46097
46098
46099
46110
46111
46112
46113
46121
46122
46123
46124
46140
46141
46189
46190
46246
46247
46248
46249
46253
46277
46278
46351
46352
46353
46354
46358
46359
46360
46361
46364
46387
46388
46389
46395
46396
46399
46400
46401
46521
46522
46523
46524
46531
46532
46533
46534
46551
46552
46553
46554
46555
46556
46557
46578
46595
46596
46597
46625
46626
46642
46643
46663
46664
46665
46693
46711
46712
46713
46714
46744
46751
46752
46753
46755
46756
46764
46786
46787
46788
46790
46791
46792
46803
46805
46806
46807
46808
46816
46817
46824
46825
46827
46828
46832
46833
46857
46858
46875
46876
46965
46966
46967
46974
46994
47056
47057
47066
47067
47068
47069
47070
47085
47086
47088
47089
47090
47100
47101
47102
47117
47137
47138
47141
47142
47175
47176
47177
47203
47214
47222
47223
47224
47251
47260
47261
47269
47270
47281
47282
47283
47284
47293
47294
47295
47296
47335
47336
47337
47353
47355
47356
47382
47383
47384
47450
47451
47452
47453
47462
47463
47464
47494
47496
47500
47603
47604
47606
47607
47620
47622
47623
47628
47629
47630
47631
47704
47705
47746
47747
47748
47749
47750
47751
47752
47753
47754
47755
47769
47770
47773
47774
47783
47785
47786
47817
47818
47819
47835
47836
47846
47857
47880
47884
47885
47892
47893
47894
47898
47899
47909
47910
47911
47918
47919
47920
47941
47942
47946
47947
47948
47949
47965
47966
47967
47969
47973
47974
47975
47976
47995
47996
47997
47998
48021
48023
48024
48073
48074
48075
48076
48078
48079
48081
48082
48083
48085
48087
48088
48089
48091
48196
48197
48198
48205
48206
48207
48212
48220
48221
48222
48261
48263
48266
48267
48269
48271
48272
48295
48296
48297
48298
48346
48347
48348
48357
48358
48359
48362
48364
48367
48368
48369
48373
48374
48392
48393
48394
48397
48399
48400
48433
48434
48524
48525
48526
48527
48528
48543
48544
48545
48546
48603
48604
48605
48606
48607
48608
48644
48645
48646
48650
48651
48652
48678
48679
48686
48750
48751
48784
48785
48786
48821
48822
48824
48825
48871
48872
48873
48874
48875
48933
48934
48950
48951
48965
48966
48967
49000
49001
49002
49018
49019
49020
49021
49022
49025
49026
49027
49046
49047
49048
49049
49116
49117
49119
49120
49143
49147
49148
49149
49169
49170
49171
49183
49184
49207
49208
49209
49212
49213
49214
49229
49230
49231
49235
49239
49240
49245
49246
49247
49272
49273
49275
49280
49281
49282
49283
49321
49323
49327
49328
49348
49380
49381
49414
49415
49416
49421
49448
49449
49476
49477
49478
49479
49488
49489
49490
49491
49519
49520
49521
49525
49581
49582
49586
49616
49617
49618
49625
49626
49627
49628
49633
49634
49635
49665
49666
49676
49677
49735
49736
49737
49738
49739
49770
49771
49772
49773
49795
49796
49797
49817
49818
49863
49864
49865
49874
49875
49884
49885
49886
49887
49888
49889
49930
49952
49953
49954
50027
50028
50029
50030
50053
50054
50086
50087
50088
50089
50090
50091
50092
50094
50095
50112
50113
50114
50147
50148
50149
50162
50163
50164
50165
50179
50180
50181
50182
50236
50237
50238
50258
50259
50260
50261
50262
50294
50295
50296
50297
50492
50493
50495
50510
50512
50582
50672
50673
50782
50783
50859
50860
50861
50864
50865
50866
50894
50895
50898
50899
50900
51007
51175
51176
51177
51231
52015
52016
52054
52055
52056
52145
52146
52503
52504
52515
52516
52533
52534
52535
52621
52622
52623
52906
52907
53113
53114
53124
53125
53152
53153
53154
53155
53190
53191
53192
53439
53440
53813
53814
54017
54018
54153
54155
54161
54162
54163
54250
54252
54381
54382
54395
54396
54513
54514
54722
54723
54850
54851
54852
54866
54867
54923
55000
55001
55084
55106
55107
55108
55115
55116
55131
55132
55162
55163
55164
55172
55173
55179
55221
55222
55947
55948
55949
55976
55977
56286
56307
56308
56309
56407
56408
56409
56410
56433
56434
56435
56444
56470
56513
56514
56522
56523
56524
56525
56550
56551
56552
56553
56563
56565
56566
56668
56669
56670
56714
56715
56723
56724
56725
56790
56792
56865
56893
56894
56895
56916
56917
56918
57093
57094
57095
57096
57136
57137
57138
57139
57220
57221
57222
57325
57357
57358
57359
57360
57449
57450
57516
57517
57546
57547
57548
57549
57550
57729
57756
57757
57758
57764
57765
57841
57847
57848
57849
57850
57992
57993
58162
58163
58164
58165
58246
58248
58249
58275
58488
58489
58536
58537
58538
58765
58766
58778
58779
58780
59002
59071
59072
59073
59095
59096
59259
59260
59261
59766
59767
59779
59780
59835
59866
60031
60033
60066
60067
60068
60134
60152
60153
60160
60339
60340
60401
60402
60429
60430
60431
60439
60468
60519
60520
60685
60816
61347
61348
61360
61361
61362
61363
61364
61366
61385
61386
61393
61394
61525
61526
61527
61528
61529
61537
61539
61761
61762
61763
61812
61813
61814
61941
61942
61970
61971
61972
61973
62022
62023
62072
62073
62356
62357
62358
62388
62389
62390
62409
62410
62416
62417
62418
62514
62516
62533
62534
62535
62536
62577
62579
62580
63036
63037
63081
63082
63144
63145
63146
63147
63155
63156
63157
63404
63405
63406
63409
63410
63428
63429
63509
63654
63655
63656
63757
63758
63759
63809
63810
63811
63830
63831
63845
63967
64022
64023
64065
64097
64103
64104
64117
64118
64134
64151
64152
64153
64184
64185
64186
64202
64203
64230
64231
64232
64234
64235
64474
64475
64476
64709
64710
64832
64833
65096
65097
65098
65102
65103
65260
65261
65262
65369
65471
65472
65473
65474
65515
65516
65517
65518
65550
65551
65747
65748
65784
65785
65803
65804
65823
65824
65825
66073
66074
66080
66081
66082
66144
66145
66146
66147
66409
66410
66411
66744
66745
66760
66830
66831
66905
66906
66907
66908
66922
66988
66989
66999
67020
67022
67023
67189
67190
67191
67279
67280
67296
67297
67298
67299
67300
67392
67393
67394
67584
67585
67647
67649
67722
67777
67778
67779
67791
67792
67793
67794
67811
67821
68046
68047
68048
68058
68059
68060
68061
68090
68091
68096
68098
68112
68114
68115
68119
68120
68121
68149
68182
68183
68189
68243
68244
68245
68246
68368
68370
68377
68380
68389
68446
68447
68449
68450
68451
68452
68453
68454
68462
68464
68465
68477
68478
68496
68497
68530
68531
68535
68536
68539
68540
68541
68542
68548
68549
68550
68552
68554
68558
68560
68563
68574
68596
68597
68598
68601
68602
68603
68636
68637
68638
68667
68744
68745
68750
68751
68760
68761
68766
68767
68786
68787
68788
68795
68796
68808
68810
68811
68812
68824
68825
68828
68877
68878
68879
68880
68921
68943
68948
68950
68951
68994
68995
68996
68997
68998
69006
69011
69021
69022
69023
69030
69063
69070
69071
69072
69092
69093
69094
69095
69098
69105
69106
69169
69170
69171
69253
69268
69269
69278
69279
69327
69328
69365
69366
69385
69387
69405
69409
69410
69411
69416
69417
69418
69431
69432
69433
69469
69492
69507
69521
69522
69532
69540
69541
69601
69602
69603
69611
69612
69613
69614
69636
69638
69640
69644
69645
69649
69650
69657
69658
69659
69666
69667
69668
69669
69675
69676
69685
69696
69697
69727
69728
69729
69730
69737
69739
69744
69755
69756
69757
69770
69771
69772
69778
69779
69780
69781
69834
69866
69867
69869
69870
69871
69872
69884
69890
69896
69897
69929
69931
69945
69946
69947
69949
69950
69951
69952
69976
69977
69978
69981
69987
69988
70000
70013
70014
70022
70023
70024
70025
70034
70035
70036
70037
70038
70039
70044
70045
70053
70054
70077
70093
70094
70099
70101
70131
70161
70162
70163
70164
70178
70179
70180
70183
70184
70189
70190
70191
70192
70196
70197
70212
70213
70214
70215
70216
70231
70232
70244
70245
70264
70266
70267
70282
70283
70284
70286
70287
70293
70294
70295
70325
70326
70327
70355
70356
70363
70364
70365
70367
70386
70387
70388
70389
70392
70393
70396
70397
70403
70413
70420
70422
70423
70442
70443
70483
70504
70505
70506
70527
70528
70529
70530
70531
70533
70535
70541
70551
70554
70555
70556
70557
70558
70559
70561
70575
70586
70587
70645
70679
70680
70684
70685
70696
70705
70708
70709
70710
70711
70712
70716
70717
70718
70721
70722
70723
70724
70773
70774
70777
70778
70779
70791
70792
70820
70821
70822
70823
70826
70838
70839
70840
70846
70848
70849
70850
70851
70852
70867
70868
70869
70870
70888
70889
70892
70893
70894
70904
70905
70908
70909
70910
70945
70946
70954
70955
70960
70962
70965
70982
70983
70996
70997
71011
71015
71016
71053
71060
71073
71074
71089
71094
71095
71096
71097
71098
71122
71123
71124
71127
71128
71129
71130
71151
71152
71153
71154
71156
71157
71158
71159
71160
71161
71162
71164
71166
71175
71220
71221
71222
71224
71229
71230
71242
71249
71250
71251
71266
71308
71339
71341
71351
71352
71368
71369
71370
71388
71389
71412
71413
71414
71443
71444
71446
71447
71460
71461
71462
71475
71476
71477
71478
71502
71509
71510
71606
71607
71727
71728
71729
71730
71767
71829
71830
71831
71935
71936
71942
71952
71975
71976
72036
72037
72175
72177
72251
72460
72461
72462
72626
72802
72803
72804
72827
73020
73021
73029
73089
73172
73173
73202
73203
73302
73446
73447
73489
73508
73509
73614
73891
73929
73947
73948
73982
73987
73998
74011
74012
74025
74026
74281
74282
74312
74321
74322
74335
74336
74337
74355
74371
74372
74376
74377
74443
74510
74511
74556
74557
74577
74578
74765
74822
74960
75017
75130
75131
75132
75160
75178
75299
75300
75355
75392
75393
75394
75395
75402
75403
75605
75644
75689
75727
75728
75729
75730
75732
75733
75734
75771
75772
75830
75833
75834
76047
76048
76082
76090
76146
76299
76300
76301
76513
76514
76779
76899
76900
76974
76975
76991
76992
76993
77024
77025
77028
77070
77071
77079
77095
77239
77282
77283
77376
77377
77392
77397
77398
77399
77423
77424
77579
77622
77623
77675
77676
77733
77819
77943
77944
77956
77962
77963
77964
78071
78135
78141
78142
78181
78212
78362
78382
78460
78481
78516
78517
78542
78543
78686
78850
79056
79057
79058
79080
79233
79234
79295
79296
79313
79349
79391
79479
79557
79558
79640
79641
79642
79678
79679
79680
79792
79793
79801
79802
79862
79863
80029
80030
80031
80032
80033
80051
80052
80127
80187
80214
80227
80260
80261
80343
80372
80373
80374
80378
80379
80507
80508
80509
80553
80554
80577
80653
80654
80697
80698
80802
80853
80854
80855
80864
80943
80947
80948
80949
80983
80984
80985
80986
80987
80988
81006
81007
81014
81028
81031
81038
81039
81051
81053
81054
81075
81077
81080
81081
81102
81105
81108
81115
81120
81121
81122
81135
81136
81137
81140
81141
81142
81159
81165
81166
81175
81176
81178
81179
81181
81187
81230
81244
81271
81272
81273
81316
81317
81320
81321
81322
81324
81329
81330
81353
81354
81355
81358
81364
81419
81420
81421
81426
81427
81439
81453
81456
81465
81467
81468
81485
81486
81487
81493
81494
81495
81496
81507
81530
81531
81536
81537
81538
81542
81543
81563
81570
81572
81574
81581
81582
81583
81584
81588
81590
81596
81624
81625
81626
81638
81669
81681
81682
81686
81699
81700
81717
81718
81719
81763
81776
81777
81782
81785
81802
81803
81816
81833
81834
81835
81836
81847
81848
81855
81856
81865
81866
81891
81892
81900
81901
81904
81912
81931
81950
81951
81958
81959
81961
81962
81973
81974
82002
82005
82014
82015
82016
82017
82018
82032
82033
82034
82035
82049
82050
82070
82076
82098
82099
82106
82118
82119
82120
82123
82131
82165
82166
82167
82168
82169
82196
82200
82201
82231
82243
82244
82250
82265
82324
82327
82341
82342
82343
82358
82359
82367
82413
82444
82452
82463
82464
82468
82469
82483
82491
82495
82497
82498
82500
82520
82521
82522
82523
82534
82535
82536
82538
82539
82541
82544
82545
82563
82564
82565
82566
82567
82575
82576
82577
82591
82601
82603
82604
82605
82615
82618
82619
82620
82621
82629
82631
82645
82647
82653
82661
82676
82678
82683
82684
82689
82690
82691
82701
82711
82713
82714
82723
82724
82725
82743
82786
82787
82804
82898
82904
82933
82996
83030
83035
83036
83146
83197
83198
83237
83238
83409
83458
83482
83483
83484
83493
83513
83514
83558
83559
83640
83641
83814
83955
83956
84000
84001
84002
84003
84013
84014
84116
84117
84153
84154
84205
84208
84253
84254
84311
84321
84322
84443
84444
84445
84595
84596
84606
84718
84722
84723
84760
84761
84762
84763
84777
84785
84955
84958
84987
85182
85190
85258
85265
85393
85405
85406
85421
85422
85453
85481
85709
85710
85763
85764
85809
85834
85840
85841
85876
85889
85919
85920
85921
85922
85926
85931
85938
85943
85948
85952
85953
85954
85957
85958
85979
85984
86000
86012
86013
86016
86019
86026
86027
86068
86069
86098
86106
86140
86161
86168
86196
86201
86252
86277
86278
86282
86311
86319
86326
86341
86348
86430
86431
86468
86476
86503
86504
86522
86549
86553
86562
86581
86639
86678
86679
86703
86742
86765
86779
86825
86886
86923
86924
86925
86926
86927
86928
86929
86930
86931
86932
86933
86934
86935
87027
87028
87029
87030
87031
87032
87033
87034
87035
87036
87037
87038
87039
87231
87233
87238
87239
87244
87247
87320
87324
87380
87413
87414
87419
87507
87666
87702
87716
87773
87804
87814
87819
87827
87828
87890
87902
88161
88183
88234
88301
88356
88437
88454
88460
88522
88620
88622
88649
-254
-305
-649
-697
-865
-1141
1276
-1534
-1549
-1704
-1823
-2045
-2938
-3013
-3222
-3865
-3882
-4061
-4388
-4398
5747
5853
5916
-5990
6015
-6079
-6095
-6153
-6168
-6257
-6374
-6435
-6597
-6984
-7235
-7290
-7568
-7588
-7874
-8145
-8167
-8270
-8340
-8389
-8397
-8562
-8592
-8654
-8739
-8910
-8919
-8956
-8979
-9036
-9109
-9265
-9294
-9501
-9524
-9759
-9780
-9798
-9905
-10241
-10292
-10416
-10454
-10484
-10501
-10537
-10554
-10557
-10568
-10660
-10684
-10692
-10746
-10789
-10878
-10968
-10973
-11031
-11054
-11440
-11895
-11988
-12056
-12106
-12114
-12159
-12162
-12244
12579
-12711
-12983
13152
13247
-13280
-13362
-13403
-13414
-13480
-13538
-13644
13662
-13666
-13725
-13820
13840
-13898
13924
13963
-14088
14252
-14362
-14456
-14529
14723
-14838
-14906
-14954
15014
15040
15049
-15068
-15125
15581
15591
15595
15946
16026
16121
16161
16221
17140
-17517
17530
17559
17593
-17664
17810
17859
-17890
-18100
-18138
-18144
18393
18418
-18425
18618
-18779
-18944
18946
-19028
-19034
-19049
-19091
-19100
-19102
-19110
-19167
19184
-19238
-19265
-19435
-19450
-19669
-19683
19722
19800
-19981
-20113
20200
-20212
20247
-20273
-20336
-20423
-20689
20705
20765
20914
20961
21053
21271
21272
21465
-21497
-21507
21526
-21586
21612
21747
21769
21782
-21798
-21890
21930
21952
22026
22149
22253
22323
22383
22439
22498
22533
22602
22658
22690
22793
22836
22917
22954
23085
23262
23288
23327
23364
23373
-23390
23422
23439
23757
23890
24558
24655
24680
-24731
-24742
-24798
24890
-24946
-25026
-25136
-25231
25245
25266
-25329
-25426
-25429
-25436
-25592
-25602
-25777
26033
-26051
-26191
-26269
-26294
-26319
-26333
-26336
-26364
-26494
-26576
-26606
-26649
-26715
26854
-27091
-27227
-27443
-27524
-27630
-27631
-27719
-27724
-27836
-27884
28221
-28542
-28590
-28804
-28833
29398
29446
29575
29654
-29674
-29694
-29891
-30032
-30131
30179
-30351
-30363
-30560
-30962
31152
-31444
32129
32371
32412
32432
-32917
33275
33292
33530
-33614
-33724
-33765
-33806
33835
33837
-33905
-33951
-34068
-34667
-34756
-34848
-34895
34927
-35041
-35090
-35097
-35168
-35238
-35278
-35283
-35307
-35315
-35338
-35345
-35357
-35424
35447
-35694
35703
-35851
-35858
35886
35888
-35908
-36106
36183
36213
-36286
-36505
-36597
36602
36810
-36815
-36825
-36889
-37123
37317
38158
38166
38205
38363
38598
38869
-38937
38983
-39329
-39337
-39384
39925
40050
-40099
-40205
-40304
-40378
-40452
40476
-40487
-40524
-40565
-40602
-40772
-40801
-40810
-40837
-40854
-40960
-40966
-41017
-41081
-41104
41148
41149
41151
-41213
-41215
41299
-41303
-41565
-41776
-41783
41803
-41849
-41990
-42019
-42037
-42064
-42160
-42163
-42307
-42321
42330
42337
-42339
42567
42568
-42618
-42652
-42754
-42833
-42850
-42870
-42986
43411
-43824
-43838
-43954
-44042
-44088
-44109
-44128
44604
44627
44676
-44855
-45219
45234
45278
45296
45314
45343
45475
45734
46057
46120
46142
46252
46568
46694
46804
46856
46993
47055
47071
47087
-47098
47118
-47173
47213
47250
-47302
47354
47381
47495
47621
-47678
47775
47784
47820
47858
47881
-47927
-47961
47968
48022
-48056
48086
48090
-48096
-48105
-48189
48199
-48234
-48250
-48255
48262
48268
48273
-48278
-48287
-48302
-48306
-48321
-48338
-48361
48363
48366
48372
48398
-48407
-48418
-48437
-48471
-48474
-48488
-48496
-48506
-48560
48602
-48752
-48778
-48940
48949
-48979
49118
-49159
49172
-49192
-49271
49274
-49309
-49317
49322
-49439
-49549
-49583
-49608
-49659
-49765
-49769
-49784
49816
49929
-50078
-50211
50494
50511
50784
51008
-51068
51232
-51305
-51862
-52126
-52279
52505
-52527
-52639
-52793
-52796
-52802
-52824
-52910
-53017
53115
-53175
-53258
-53267
-53377
-53407
53438
-53456
-53459
-53502
-53561
-53704
-53728
-53750
-53756
-53788
53812
-53822
-53836
54016
54154
54251
-54296
-54320
-54427
-54459
-54477
54515
54721
54849
54999
-55024
55105
55178
55223
-55240
-55393
55946
-56064
-56066
-56305
56432
56564
56716
56791
56864
-56925
-56942
-57037
-57203
57324
58247
-58622
-58674
58764
-58773
-58859
-58910
-58964
59070
59258
-59348
-59350
-59352
-59356
-59377
-59499
-59525
-59604
-59615
-59616
-59619
-59635
-59657
-59663
-59670
-59681
-59768
-59794
-59964
-59973
60032
60065
60151
-60179
-60217
-60219
-60267
-60300
60428
-60653
-60683
60684
60817
-60952
61365
61392
61538
62419
62515
62578
62708
62709
-62755
63143
-63210
-63221
-63337
-63342
-63369
-63373
-63389
-63390
-63434
-63483
-63503
63508
-63514
-63528
-63647
-63706
-63715
-63751
-63761
-63771
63829
63844
-63861
-63919
-63992
-64063
64066
-64073
64102
-64128
-64379
-64436
-64449
-64527
-64550
-64567
-64611
-64775
-64873
65259
-65300
65746
65789
-65945
-65981
-66197
-66230
-66583
66743
-66799
66998
-67025
-67064
-67200
67278
-67284
-67352
-67465
-67554
67648
67723
-68031
-68042
-68085
68097
-68102
-68111
68113
-68118
-68134
-68138
-68231
68371
68448
68463
68553
68559
-68562
68573
-68577
-68616
-68632
-68654
-68708
-68755
-68770
-68774
-68785
-68849
-68852
68876
68881
-68889
-68898
68949
-68957
-68964
-68967
-69005
69029
69091
69097
-69301
-69350
69386
69404
-69428
-69616
69643
-69690
69738
69868
69886
69930
69986
70033
70100
70185
-70199
70262
70368
70404
70412
70421
70532
70534
70560
70678
70706
70847
70903
70961
71126
71165
71228
71340
-71345
71387
71508
-71618
-71621
-71785
-71787
71943
71953
-72003
-72022
-72025
-72058
-72090
-72147
-72159
-72162
72174
72176
-72207
-72219
-72238
-72247
-72288
-72289
-72307
-72309
-72331
-72443
-72476
-72480
72491
73174
73204
-73426
73490
73507
73890
-73964
73986
74013
74038
74354
74470
74471
74543
74576
75177
75298
75356
75604
-75617
-75637
-75639
-75656
-75844
76046
-76063
-76071
-76085
-76154
-76194
-76200
-76202
-76216
-76250
-76283
-76288
-76336
-76338
-76581
-76772
76898
77150
77281
77391
77577
77578
77621
78070
78211
-78514
-78577
-78622
-78630
-78643
-78713
-78716
-78733
78735
-78752
-78760
-78814
-78847
-78878
-78889
-78898
-78915
-78954
-78955
-78981
-79294
79480
-79581
80576
81104
81116
81123
-81126
-81148
-81195
81238
81245
81246
81323
81457
-81516
-81546
-81552
-81569
81571
-81577
-81664
-81665
-81667
-81675
-81693
-81697
-81722
81786
81800
82013
82107
82116
-82177
82251
-82432
-82437
82451
82462
82496
82499
-82507
82551
-82574
82677
82715
82932
-83337
-83468
-83490
-83507
-83573
-83644
-83804
-84056
84228
-85269
-85277
-85323
-85332
-85338
-85363
-85383
)


// ************************************************************************* //
