/*--------------------------------*- C++ -*----------------------------------*\
| =========                 |                                                 |
| \\      /  F ield         | OpenFOAM: The Open Source CFD Toolbox           |
|  \\    /   O peration     | Version:  2512                                  |
|   \\  /    A nd           | Website:  www.openfoam.com                      |
|    \\/     M anipulation  |                                                 |
\*---------------------------------------------------------------------------*/
FoamFile
{
    version     2.0;
    format      ascii;
    arch        "LSB;label=32;scalar=64";
    note        "nPoints:636  nCells:1828  nFaces:4161  nInternalFaces:3151";
    class       labelList;
    location    "constant/domain5/polyMesh";
    object      neighbour;
}
// * * * * * * * * * * * * * * * * * * * * * * * * * * * * * * * * * * * * * //


3151
(
1314
1376
1630
1709
3
4
630
822
603
1103
1251
464
671
821
664
1403
1618
6
7
225
441
138
1346
137
785
873
9
186
240
1691
887
1308
1736
12
13
409
821
12
13
1173
1669
264
14
464
270
410
633
356
886
889
1421
17
504
523
1421
356
1747
19
20
876
1679
512
588
1056
588
890
22
471
473
1334
23
24
470
72
272
1681
471
474
1685
36
37
38
379
34
39
379
1668
33
35
379
39
951
1061
1759
32
1176
1212
1759
32
1176
32
33
34
1759
38
85
1241
1242
254
378
1668
1445
380
383
96
573
1795
1185
1408
1558
1743
419
1118
1491
614
642
1114
1253
416
1088
1768
68
275
1311
288
424
796
90
879
939
423
1265
1457
1011
1218
1724
110
902
1139
1193
1362
1579
387
1287
1503
154
555
589
389
973
1817
309
913
1821
130
552
699
1282
426
427
1731
317
526
1744
161
302
1159
1437
680
1101
1489
62
354
753
1314
223
635
97
645
1100
752
861
867
801
1283
1487
221
223
446
1203
209
756
1534
70
1222
621
994
995
1499
882
1136
519
882
1446
1704
871
1162
1370
212
362
466
842
471
1047
1442
256
1254
1257
392
1045
1708
78
248
831
1058
362
466
263
1305
1681
109
895
902
226
1576
1773
897
1587
1611
270
604
633
1513
600
1397
1554
1633
254
390
638
854
1398
1765
667
1400
1571
416
422
1395
1577
574
583
813
411
1259
153
185
1549
658
932
1359
1636
1098
1507
1572
1644
96
99
573
575
96
674
1467
1816
1006
1425
580
813
814
100
674
1592
101
1220
1504
1038
1140
1354
103
104
503
1206
888
967
969
965
1664
592
967
1206
1235
107
297
501
1583
108
439
1007
109
894
895
903
439
499
1827
112
113
490
494
114
669
1059
183
1264
767
867
1638
116
732
737
1255
117
537
735
118
541
1256
533
537
120
121
1724
1725
282
894
122
1453
1812
529
1452
1724
124
445
935
1624
299
1696
128
129
429
900
128
434
878
945
311
429
1689
438
1689
430
898
1415
131
1043
1475
1819
240
971
972
423
866
869
698
739
1571
1772
136
137
811
870
333
785
138
139
1188
1654
343
1085
1289
150
267
143
750
1262
1325
143
341
688
561
145
146
148
348
920
923
1365
1474
235
584
1367
1732
920
1365
1732
482
509
551
552
259
1060
152
456
617
799
1541
1163
1454
155
954
589
1348
1715
158
160
1268
1269
158
580
1272
1441
597
160
161
1439
1441
1266
1443
308
1604
523
605
787
164
457
458
1472
167
1382
1385
168
458
1109
1472
491
1003
1015
1717
618
1003
393
718
1015
170
173
521
885
172
1333
1706
172
885
1146
1757
619
884
1341
1704
626
1020
1744
177
179
855
1790
397
824
852
222
632
857
1122
1522
1721
632
1595
181
182
797
1553
184
497
1396
595
1010
490
1751
651
1818
532
999
478
508
1737
190
191
482
484
253
802
862
863
191
253
862
192
862
1106
684
711
482
800
802
195
511
686
1567
673
731
1560
1026
1555
197
702
1172
1299
1148
1300
1760
199
201
746
1340
462
703
1173
245
702
703
1205
245
305
545
204
205
505
506
205
206
971
1393
206
1412
1794
339
1803
744
222
856
1789
1790
598
1237
1303
1325
210
762
1728
211
436
1529
762
984
843
1598
588
590
1096
898
1080
1688
688
745
830
218
258
421
987
218
1602
1606
564
986
304
354
1186
341
750
1601
1609
635
1469
1560
1303
1324
306
710
1201
1481
1772
793
1346
1347
1615
1774
248
1119
1806
519
883
1391
683
1151
1276
1357
1479
1756
698
1120
1766
476
1313
1656
1705
321
364
1780
955
1390
1736
603
1368
1545
237
289
1076
1189
431
1190
1375
1461
1569
1825
627
1158
1271
1622
1308
527
676
918
1158
489
567
643
648
1364
269
829
1379
1709
542
748
636
823
1133
1153
405
1204
1294
249
1798
1058
1601
650
770
1239
1752
712
884
1194
1739
413
812
1189
684
382
697
294
337
935
1703
735
1256
340
696
1175
1303
417
772
1606
265
366
1376
306
710
1338
394
649
1091
268
310
1307
639
1162
819
1670
613
1314
1377
312
924
1337
700
306
1629
472
1378
1379
409
820
305
706
746
1300
871
1334
343
624
1289
1330
708
1222
1311
1313
520
1142
300
776
1819
280
1092
1121
980
1252
1284
338
553
1145
1475
384
644
728
1200
1528
1659
896
1725
335
808
1085
321
681
1518
347
1261
1562
1768
761
1186
1306
1684
419
1261
1763
425
1359
812
1028
973
1131
1490
1752
872
1115
1545
367
844
1056
1166
305
606
706
1123
792
933
1141
296
937
1067
1322
1572
1622
498
1826
1827
828
1135
1648
1266
1439
691
1043
1344
1815
303
487
1701
1437
1694
310
761
748
342
326
804
1545
1441
1526
1756
914
1406
1430
342
1339
1464
315
589
394
608
1524
316
629
897
968
429
430
1236
1713
1027
1782
1337
1582
1714
1315
1342
1705
722
1384
1802
1814
353
461
905
1802
448
1735
1805
408
1404
1525
577
781
1728
1248
1513
1531
692
714
373
1147
1516
330
1092
1497
1528
847
848
1503
414
817
1075
1680
399
944
946
1274
870
874
1101
1558
1784
1150
1500
1711
370
443
1505
1699
1448
1483
496
1232
505
786
1392
1237
1058
354
489
759
788
940
1434
1687
374
950
1149
411
939
940
1511
566
694
923
1103
1627
433
879
1258
353
692
1802
1113
1497
1528
375
993
1638
567
437
1532
1785
1748
724
851
1074
690
691
1239
1117
1199
1752
625
929
1328
1727
441
785
1787
831
450
835
1117
1645
680
1824
601
1193
1550
1764
1378
1530
1224
1678
981
1112
1160
639
919
1183
444
1267
875
881
1769
758
858
1169
1632
486
941
382
1227
1669
665
867
924
1113
1200
1714
538
845
1082
1366
381
1671
380
1241
1668
1670
383
1668
390
1149
643
847
1512
643
648
717
849
387
388
1196
1503
849
848
1285
1401
546
797
1177
1241
392
393
1045
1508
1109
783
1352
397
398
823
1674
399
852
853
1221
853
400
853
1012
850
1429
1133
1229
1683
403
405
1294
1295
406
407
1105
1373
406
991
1515
405
406
1077
1764
1356
601
1100
1406
622
1557
818
819
1227
1669
1672
611
413
976
1189
1547
427
415
609
1492
817
1577
817
419
421
1261
837
989
1417
428
989
1559
422
985
562
1768
424
868
425
1265
807
1810
926
930
927
1726
805
1071
1417
1339
1715
1076
1746
433
434
772
1606
878
1462
1511
1171
1354
1814
437
979
1532
440
1415
1462
895
1779
442
984
1787
442
765
444
445
1822
1269
933
1266
1182
1629
448
449
1804
1805
920
922
1086
1612
689
1199
1647
795
1500
1597
1141
1448
1821
454
456
880
1023
455
1025
1026
540
1804
1574
1382
1412
1049
1537
1006
1424
1808
623
965
969
1662
1383
1719
464
693
1340
464
630
633
467
646
841
1128
1776
1806
1422
1424
637
1131
1199
470
472
829
474
1681
659
473
659
829
1684
476
1656
1658
477
1333
1142
1187
1311
479
1691
1692
707
1738
726
1690
1691
1693
484
551
1041
483
684
802
1344
711
486
749
848
1516
1284
1700
1703
696
1179
1554
1338
492
1638
493
952
1350
610
1781
494
1781
1059
497
1238
1240
497
530
1238
651
1459
1619
1662
1209
1779
1231
1423
1807
771
1068
1209
1569
1625
1827
504
888
1421
787
722
1801
620
1777
716
782
1245
1146
1738
550
801
1282
511
799
1574
975
1723
513
981
1336
1096
1160
689
838
1208
1320
1000
1020
1643
517
990
1295
518
1380
1624
742
990
1483
520
521
882
615
883
524
605
672
524
1110
1207
1419
526
527
1407
1641
906
528
1052
918
1094
531
1011
1455
691
776
1553
532
631
1617
1079
1454
536
1657
1658
535
537
732
1767
536
733
1090
1187
734
773
872
1521
704
773
845
780
1025
907
1114
1657
544
545
1514
544
606
748
727
1123
1716
596
973
1463
1126
1128
1494
549
1135
1431
1648
596
1144
551
554
1820
1043
1344
554
651
1820
1145
749
1495
559
560
1435
1438
558
559
1789
1791
560
607
1595
1165
561
1262
745
565
987
1395
657
993
1607
1749
987
988
1202
763
1263
1259
1260
1413
720
1280
1591
1694
570
571
1093
1824
674
1039
1132
1281
1610
575
815
1592
574
1220
1298
813
577
578
984
1498
762
781
873
1345
830
832
1433
1494
581
583
1054
1441
1575
686
1201
1519
1730
1357
1478
585
1365
1734
1082
1535
1733
720
1354
1504
1605
588
590
591
1623
924
1046
1370
890
1048
1485
904
1661
1156
1456
1517
1812
1170
1460
1625
1044
1818
1371
1268
1272
750
751
1111
1327
1761
602
930
1004
645
1579
1040
1328
1762
804
630
818
1248
1234
608
727
1262
1324
1789
668
1091
682
962
741
1638
763
1259
1778
1482
1544
1551
753
1060
909
1310
1142
1333
997
1089
1447
1707
846
1023
1544
1385
1717
1706
1757
1788
1801
725
1650
957
958
1152
970
1459
1108
1331
1374
1729
1021
1411
1410
1558
949
1275
1652
1139
1170
1404
1079
1576
1324
979
1012
1674
1279
1630
824
1062
640
1431
1647
670
1242
1775
1211
1432
1073
1473
1683
738
1254
1287
941
1121
1161
1414
1119
1422
1806
934
1505
1506
1210
1107
747
1117
656
693
703
1205
679
961
1124
1718
667
1541
1551
752
782
1174
671
705
665
807
1523
861
1637
1379
1270
1642
1643
673
1468
1620
1185
1361
1518
1780
679
693
957
1718
671
679
705
1358
731
1182
1305
1560
975
1519
1061
1524
865
866
932
1177
1243
693
893
1181
1419
1469
1631
1038
885
1146
1737
1754
1067
1622
789
891
1066
1713
721
1536
1687
1152
1585
1780
1038
1639
1816
1409
1492
1072
1278
1740
1815
1224
1432
1665
1481
1555
1363
1603
1816
831
839
1490
1752
791
1546
763
1768
1240
1396
1463
858
1227
1671
1581
1125
1283
715
1279
1184
1375
1488
748
1299
740
846
1124
1091
953
1692
911
1090
1657
723
818
1250
1203
1042
1446
1704
1203
1468
726
947
1436
1376
1630
718
1174
1533
1252
1285
1512
1537
1717
775
942
1594
1614
899
1223
1392
1794
804
1248
1251
852
1062
1221
1024
1427
786
887
1123
1364
1792
1456
1517
1573
1779
1042
1621
1815
1771
1772
1090
1771
1567
1767
1257
1723
1024
1386
1642
738
1114
1120
1255
1581
1201
1519
1544
767
782
952
992
1138
1448
1073
1074
1428
1393
1794
1435
950
770
1527
1401
1566
1237
1609
767
783
1413
838
982
1319
1040
1326
1632
1229
1673
856
859
1399
1175
1634
760
873
956
774
788
1304
1695
1480
1589
1785
984
1347
1053
1267
1699
1350
1043
1475
1621
1820
803
1125
1487
1746
1240
1463
1773
1826
1258
1778
781
1343
938
1616
1796
1232
1476
803
863
1076
798
845
1023
1369
1596
1616
1749
1387
1805
790
1045
1174
886
1063
1417
1748
1345
1215
1546
1590
1081
1071
1418
1343
1501
1589
1490
1817
1159
1703
873
956
1498
898
1348
1715
1218
1722
869
1636
1396
1082
1440
1612
975
801
1083
1487
803
833
1063
1389
1745
810
1355
1500
1707
868
1358
870
1712
1037
1605
1610
811
1712
1188
1726
815
1575
1800
828
840
1318
1646
822
820
1672
822
1250
824
1742
989
1493
1556
874
1081
1343
1040
1398
1762
1666
1306
831
1134
1016
1435
1125
1344
838
840
1318
1319
836
1527
1646
840
1645
1143
1748
839
1645
842
1286
1809
843
1134
1613
876
1226
1676
846
1092
1287
1512
1285
853
1578
852
1586
855
859
1397
1398
1633
1179
1175
1634
1635
1175
1635
1790
1053
1604
1756
1045
1547
1189
875
1162
1195
869
1351
1636
868
1264
932
1750
1085
1195
1623
1368
1589
1178
877
1484
1666
1679
1464
1689
1464
1086
1612
1112
1162
1775
1754
885
1167
892
1420
955
1215
1580
1590
1069
1206
1484
1236
1420
1580
1419
1421
1580
1066
1234
1580
1007
896
1070
1170
1584
899
1687
1688
945
1339
1582
903
904
1458
1661
904
1583
1087
1651
1788
1094
1214
910
1253
1256
910
1313
1656
1657
911
1222
1095
1114
1120
914
915
1360
1430
914
1506
1753
916
1506
1823
992
1430
1821
1056
1166
1195
1623
1101
1099
1157
922
922
923
1084
1102
925
1113
1495
1004
1726
977
1727
1731
930
931
1762
1765
1028
1327
1726
1568
1127
1731
1358
1443
1699
1141
1699
1483
1696
1382
1384
1794
994
1098
1270
943
980
945
1434
1686
943
1284
1161
1792
1161
949
1578
1697
1464
948
1065
1073
955
959
1151
1277
1428
1168
1173
1300
1091
1149
1300
1245
1781
1194
1563
1196
1401
1154
960
1720
961
1152
1405
1018
1538
961
1514
1718
963
964
1219
1110
1207
1409
1747
1748
1458
969
970
1584
1590
968
1236
969
1087
1213
1803
1394
1691
974
1131
1144
1400
977
1191
1477
1230
981
982
983
1677
1529
1796
1769
1233
1316
1319
1336
986
1118
1577
1416
1263
1395
1416
1296
1295
1380
1380
1515
1751
996
1024
1072
1098
1322
1499
999
1502
1617
1018
1194
1692
1739
1108
1332
1001
1642
1644
1097
1386
1097
1507
1741
1246
1327
1021
1271
1410
1510
1068
1453
1077
1356
1808
1424
1450
1808
1809
1476
1553
1813
1013
1675
1564
1578
1031
1074
1649
1246
1352
1019
1494
1031
1499
1436
1438
1566
1022
1407
1022
1271
1644
1570
1740
1539
1570
1574
1030
1214
1361
1111
1190
1093
1132
1783
1603
1783
1428
1650
1036
1210
1252
1797
1034
1035
1265
1811
1036
1457
1797
1164
1793
1793
1504
1592
1800
1814
1592
1610
1633
1044
1818
1820
1044
1621
1048
1198
1048
1323
1050
1770
1777
1109
1552
1474
1640
1734
1273
1641
1268
1443
1478
1526
1591
1057
1575
1591
1800
1178
1593
1694
1350
1351
1064
1130
1219
1419
1176
1151
1565
1697
1181
1587
1273
1451
1235
1420
1217
1779
1745
1507
1221
1088
1389
1559
1449
1225
1598
1776
1615
1415
1465
1085
1367
1106
1184
1102
1103
1804
1139
1662
1116
1653
1710
1311
1585
1489
1253
1312
1288
1644
1642
1192
1291
1373
1753
1104
1732
1732
1367
1612
1406
1430
1515
1477
1149
1177
1549
1711
1747
1157
1292
1521
1543
1559
1562
1492
1126
1771
1147
1163
1452
1722
1205
1798
1727
1762
1286
1248
1249
1404
1525
1133
1683
1467
1534
1433
1372
1646
1137
1496
1222
1310
1315
1296
1362
1619
1220
1639
1409
1493
1431
1282
1497
1173
1297
1299
1549
1597
1403
1702
1786
1330
1655
1457
1596
1796
1454
1615
1775
1407
1558
1604
1292
1597
1600
1811
1438
1789
1486
1341
1563
1757
1276
1697
1761
1281
1605
1212
1301
1509
1244
1678
1769
1303
1197
1293
1695
1745
1183
1192
1305
1191
1784
1335
1658
1653
1374
1230
1375
1307
1629
1204
1349
1198
1370
1685
1442
1223
1536
1466
1602
1764
1718
1664
1219
1233
1321
1573
1600
1793
1224
1588
1667
1302
1760
1460
1584
1585
1783
1309
1480
1532
1742
1786
1517
1522
1355
1680
1298
1683
1348
1660
1226
1231
1550
1599
1665
1666
1465
1626
1686
1473
1675
1729
1414
1425
1475
1819
1677
1590
1611
1236
1239
1244
1243
1445
1244
1717
1472
1249
1251
1618
1627
1402
1403
1698
1698
1254
1257
1571
1400
1259
1260
1261
1438
1626
1778
1750
1269
1268
1273
1572
1357
1756
1277
1429
1652
1278
1540
1740
1278
1427
1650
1741
1755
1437
1526
1824
1283
1512
1433
1292
1293
1370
1654
1711
1291
1293
1307
1292
1296
1362
1302
1760
1478
1301
1302
1305
1307
1695
1561
1709
1309
1803
1312
1315
1315
1335
1318
1588
1666
1600
1614
1797
1811
1320
1588
1647
1588
1667
1677
1334
1485
1325
1328
1761
1328
1330
1654
1655
1710
1331
1332
1502
1377
1709
1679
1339
1716
1342
1706
1496
1589
1787
1655
1498
1349
1660
1352
1353
1353
1508
1447
1510
1359
1373
1753
1363
1782
1515
1518
1600
1735
1367
1368
1387
1440
1372
1463
1527
1510
1375
1378
1530
1530
1381
1822
1823
1384
1385
1537
1540
1570
1390
1736
1737
1754
1680
1391
1538
1542
1393
1690
1394
1690
1399
1568
1554
1405
1627
1628
1404
1557
1579
1744
1411
1744
1782
1743
1743
1777
1550
1577
1418
1420
1423
1425
1425
1569
1573
1774
1652
1740
1586
1432
1582
1693
1444
1701
1535
1805
1685
1604
1575
1593
1542
1813
1450
1548
1599
1613
1453
1455
1773
1454
1812
1456
1576
1774
1583
1662
1461
1825
1461
1625
1466
1602
1466
1626
1603
1469
1470
1471
1471
1620
1631
1755
1565
1628
1621
1547
1479
1526
1501
1767
1570
1730
1676
1486
1623
1676
1488
1746
1585
1492
1493
1556
1798
1516
1704
1516
1712
1786
1710
1659
1591
1823
1821
1637
1682
1708
1626
1778
1720
1551
1532
1674
1742
1733
1725
1812
1607
1608
1628
1640
1673
1543
1640
1682
1719
1702
1735
1714
1719
1542
1739
1555
1730
1741
1544
1545
1734
1801
1599
1764
1708
1770
1817
1559
1763
1628
1561
1630
1763
1758
1663
1675
1663
1799
1723
1765
1826
1581
1687
1611
1649
1713
1701
1607
1616
1791
1750
1599
1799
1614
1810
1809
1792
1813
1698
1625
1827
1631
1822
1634
1635
1635
1637
1795
1643
1647
1665
1650
1682
1719
1770
1654
1707
1660
1664
1697
1678
1670
1672
1672
1675
1769
1685
1695
1688
1693
1700
1701
1728
1706
1711
1720
1722
1725
1724
1729
1786
1734
1739
1758
1750
1751
1758
1760
1771
1772
1788
1774
1807
1784
1787
1791
1816
1797
1799
1802
1807
1811
1824
1826
)


// ************************************************************************* //
