/*--------------------------------*- C++ -*----------------------------------*\
| =========                 |                                                 |
| \\      /  F ield         | OpenFOAM: The Open Source CFD Toolbox           |
|  \\    /   O peration     | Version:  2512                                  |
|   \\  /    A nd           | Website:  www.openfoam.com                      |
|    \\/     M anipulation  |                                                 |
\*---------------------------------------------------------------------------*/
FoamFile
{
    version     2.0;
    format      ascii;
    arch        "LSB;label=32;scalar=64";
    note        "nPoints:636  nCells:1828  nFaces:4161  nInternalFaces:3151";
    class       labelList;
    location    "constant/domain5/polyMesh";
    object      owner;
}
// * * * * * * * * * * * * * * * * * * * * * * * * * * * * * * * * * * * * * //


4161
(
0
0
0
0
1
1
1
1
2
2
2
3
3
3
4
4
4
5
5
5
5
6
6
7
7
7
8
8
8
8
9
9
9
10
10
10
10
11
11
11
11
12
13
13
14
14
14
15
15
15
15
16
16
16
16
17
17
18
18
18
18
19
19
19
20
20
21
21
21
21
22
22
22
23
23
23
24
24
24
25
25
25
25
26
26
26
26
27
27
27
28
28
28
28
29
29
29
29
30
30
31
31
33
34
35
36
36
36
37
37
37
38
39
39
40
40
40
41
41
41
41
42
42
42
43
43
43
43
44
44
44
45
45
45
46
46
46
47
47
47
48
48
48
49
49
49
50
50
50
51
51
51
52
52
52
53
53
53
54
54
54
55
55
55
56
56
56
56
57
57
57
58
58
58
59
59
59
59
60
60
60
61
61
61
61
62
62
63
63
63
64
64
64
65
65
65
66
66
66
66
67
67
67
68
68
69
69
69
69
70
70
71
71
71
71
72
72
72
73
73
73
73
74
74
74
75
75
75
76
76
76
77
77
77
77
78
78
79
79
79
80
80
80
81
81
81
82
82
82
83
83
83
83
84
84
84
84
85
85
85
86
86
86
87
87
87
88
88
88
88
89
89
89
90
90
91
91
91
92
92
92
92
93
93
93
93
94
94
94
94
95
95
95
95
97
97
98
98
98
99
99
99
100
100
100
101
101
101
102
102
102
102
103
103
103
104
104
105
105
105
105
106
106
106
106
107
107
107
108
108
108
109
110
110
110
111
111
111
111
112
112
112
113
113
114
114
114
115
115
115
115
116
116
116
117
117
117
118
118
119
119
119
119
120
120
121
121
121
122
122
122
123
123
123
123
124
124
125
125
125
125
126
126
126
126
127
127
127
128
128
129
129
129
130
130
130
131
132
132
132
133
133
133
134
134
134
134
135
135
135
135
136
136
137
137
138
138
139
139
139
140
140
141
141
141
141
142
142
142
143
144
144
144
144
145
145
146
146
147
147
147
147
148
148
148
149
149
149
149
150
150
151
151
151
152
152
153
153
154
154
155
155
155
156
156
156
156
157
157
157
157
158
159
159
159
159
160
160
161
161
162
162
162
163
163
163
163
164
164
164
165
165
165
165
166
166
166
166
167
167
168
168
168
169
169
169
169
170
170
170
171
171
171
171
172
173
173
173
174
174
174
175
175
175
175
176
176
176
177
177
177
178
178
178
179
179
180
180
180
180
181
181
181
182
182
183
183
184
184
185
185
186
186
186
187
187
187
187
188
188
188
188
189
189
189
190
190
190
191
191
192
192
192
193
193
193
193
194
194
194
195
195
196
196
196
196
197
197
197
198
198
198
198
199
199
199
200
200
200
200
201
201
201
202
202
202
202
203
203
203
203
204
204
204
205
205
206
207
207
207
207
208
208
208
208
209
209
209
210
210
210
211
211
212
212
213
213
213
214
214
214
215
215
215
216
216
216
216
217
217
217
218
218
219
219
219
220
220
220
220
221
221
221
222
222
223
223
224
224
224
225
225
225
226
226
227
227
227
228
228
228
229
229
229
230
230
230
231
231
231
232
232
232
232
233
233
233
234
234
234
235
235
235
236
236
236
236
237
237
237
238
238
238
239
239
239
239
240
241
241
241
241
242
242
243
243
243
244
244
244
244
245
245
246
246
246
246
247
247
247
248
248
249
249
250
250
250
250
251
251
251
251
252
252
252
253
254
254
255
255
255
255
256
256
257
257
257
257
258
258
258
259
259
259
260
260
260
261
261
261
262
262
262
263
263
264
264
265
265
265
266
266
266
267
268
268
269
269
269
270
270
271
271
271
271
272
272
273
273
273
273
274
274
274
274
275
275
276
276
276
277
277
277
278
278
278
279
279
279
279
280
280
280
281
281
281
282
282
283
283
283
284
284
284
285
285
285
285
286
286
286
286
287
287
287
288
288
289
289
290
290
290
290
291
291
291
292
292
292
292
293
293
293
293
294
294
294
295
295
295
295
296
296
297
297
297
298
298
298
299
299
300
301
301
301
302
302
302
303
303
304
304
305
306
307
307
307
308
308
308
309
309
309
310
311
311
312
312
313
313
313
314
314
314
314
315
315
316
316
317
317
318
318
318
319
319
319
320
320
320
321
322
322
322
322
323
323
323
324
324
324
325
325
325
326
326
326
327
327
328
328
328
329
329
329
329
330
330
330
331
331
331
331
332
332
332
332
333
333
334
334
334
335
335
335
336
336
336
336
337
337
338
338
339
339
339
340
341
342
342
343
343
344
344
344
345
345
345
346
346
346
346
347
347
348
348
348
349
349
349
350
350
350
351
351
351
352
352
352
354
355
355
355
356
357
357
357
358
358
358
359
359
359
360
360
360
360
361
361
361
362
363
363
363
363
364
364
365
365
365
365
366
366
367
367
368
368
368
369
369
369
370
370
371
371
371
372
372
372
372
373
373
374
374
374
375
375
376
376
376
376
377
377
377
377
378
378
379
380
381
381
382
382
383
383
384
384
384
385
385
385
385
386
386
386
386
387
388
388
388
389
389
390
390
391
391
391
391
392
393
393
395
395
395
395
396
396
396
396
397
398
398
398
399
399
400
400
400
401
401
401
401
402
402
402
402
403
403
403
404
404
404
404
406
407
407
407
408
408
409
409
410
410
410
411
412
412
412
412
413
414
414
414
415
415
416
417
417
417
418
418
418
420
420
420
421
421
422
422
423
423
424
424
425
425
426
426
427
427
428
428
428
429
430
431
431
432
432
432
432
433
434
434
435
435
435
436
436
436
437
438
438
439
439
440
440
440
441
442
443
443
443
444
445
445
446
446
447
447
447
447
448
449
449
449
450
450
450
451
451
451
452
452
452
453
453
453
453
454
454
454
455
455
456
457
457
458
458
459
459
459
460
460
460
460
461
461
462
462
462
463
463
463
465
465
465
465
466
466
467
467
468
468
468
469
469
469
470
470
471
472
473
474
474
475
475
475
476
476
477
477
477
478
478
478
479
479
480
480
480
480
481
481
481
482
483
483
483
484
485
485
485
485
486
487
487
488
488
488
489
490
490
491
491
491
492
492
493
493
494
495
495
495
496
496
496
497
498
498
498
499
499
500
500
500
501
501
502
502
502
502
503
503
503
504
505
505
506
506
507
507
507
508
508
509
509
509
510
510
510
511
511
512
512
512
513
513
514
514
514
514
515
515
515
516
516
516
517
517
517
518
518
518
519
519
520
521
521
522
522
522
523
523
524
524
525
525
525
525
526
527
527
528
528
529
529
529
530
530
530
531
531
531
532
532
533
533
533
534
534
534
534
535
535
536
536
537
538
538
538
539
539
539
540
540
541
541
541
542
542
542
543
543
543
544
545
545
546
546
546
547
547
547
548
548
548
548
549
549
550
550
551
552
552
553
553
553
554
555
555
556
556
556
556
557
557
557
557
558
558
558
559
560
560
561
562
562
562
563
563
563
563
564
564
564
565
565
566
566
567
568
568
568
568
569
569
569
569
570
570
570
571
571
572
572
572
573
573
574
575
576
576
576
576
577
578
578
578
579
579
579
579
580
580
581
581
581
582
582
582
582
583
583
584
584
584
585
585
585
586
586
586
586
587
587
587
587
589
590
590
591
591
591
592
592
593
593
593
593
594
594
594
595
595
596
597
597
598
598
599
599
599
600
600
600
601
601
602
602
602
603
604
604
604
605
606
606
607
607
607
608
608
609
609
610
610
611
611
611
612
612
612
613
613
614
614
615
615
616
616
616
616
617
617
617
618
618
619
619
620
620
621
621
622
622
622
623
623
624
624
625
625
626
626
627
627
628
628
628
629
629
630
631
631
632
634
634
634
635
635
636
636
637
637
637
638
638
639
640
640
641
641
641
642
642
643
644
644
644
645
646
646
646
647
647
647
648
649
650
650
652
652
652
652
653
653
653
653
654
654
654
655
655
655
656
656
657
657
657
658
658
659
660
660
660
661
661
661
662
662
662
662
663
663
663
663
664
664
664
665
666
666
666
666
667
667
668
668
669
669
669
670
670
671
672
672
672
673
673
674
675
675
675
675
676
676
677
677
677
677
678
678
678
679
680
680
681
681
681
682
682
683
683
683
684
685
685
685
686
686
687
687
687
688
689
690
690
691
692
694
694
695
695
695
696
697
697
698
699
699
700
700
701
701
701
702
703
704
704
705
706
707
707
708
708
708
709
709
709
710
711
712
712
713
713
714
714
714
715
715
716
716
716
717
717
717
718
718
719
719
719
719
721
721
722
722
723
723
723
724
724
724
725
725
726
726
727
728
728
729
729
729
729
730
730
730
732
732
733
733
734
734
735
735
736
736
736
737
737
737
738
738
739
739
740
741
741
741
742
742
742
743
743
743
744
744
745
746
747
747
749
750
751
751
752
752
753
754
754
754
755
755
755
756
756
757
757
757
758
758
759
759
759
760
760
761
761
764
764
764
765
765
766
766
766
767
768
768
768
768
769
769
769
769
770
770
771
771
772
772
774
774
775
775
775
776
776
777
777
777
778
778
778
778
779
779
779
780
780
781
783
783
784
784
784
784
785
786
786
787
788
789
789
790
790
790
791
791
792
792
793
793
793
794
794
794
795
795
796
796
797
798
798
798
799
800
800
800
802
803
805
805
805
806
806
806
806
807
807
808
808
809
809
809
810
810
811
812
814
814
815
816
816
816
816
818
819
820
821
822
823
823
825
825
825
826
826
826
827
827
827
828
829
830
830
832
832
833
833
834
834
834
834
835
835
835
836
836
837
837
838
839
841
841
841
842
842
843
844
844
844
845
847
847
848
849
850
850
851
851
854
854
854
855
855
856
857
857
857
858
858
859
860
860
860
861
862
863
864
864
864
865
865
865
866
866
867
868
870
871
871
872
874
875
876
876
877
877
878
878
879
880
880
881
881
881
883
884
884
886
886
887
887
888
888
889
889
890
891
891
891
892
892
892
893
893
893
894
895
896
897
897
898
899
899
900
900
900
901
901
901
901
902
903
904
905
905
906
906
907
907
907
908
908
908
908
909
909
910
911
911
912
912
912
912
913
913
914
915
915
915
916
916
916
917
917
917
917
918
919
919
920
921
921
921
922
924
925
925
926
926
927
927
927
928
928
928
928
929
929
929
930
931
931
932
933
933
934
934
935
935
936
936
936
937
937
937
938
938
939
939
940
941
941
942
942
943
944
944
944
945
946
946
946
947
947
948
948
948
949
950
950
951
951
951
952
952
953
953
954
954
956
957
957
958
958
958
959
959
960
960
960
962
962
962
963
963
964
964
964
965
966
966
966
966
967
967
968
968
970
971
972
972
973
974
974
975
976
976
976
977
978
978
978
978
979
980
981
982
983
983
983
985
985
985
986
987
988
988
990
991
991
992
992
993
994
995
995
995
996
996
997
997
997
998
998
998
998
999
999
1000
1000
1000
1001
1001
1002
1002
1002
1003
1004
1005
1005
1005
1006
1007
1007
1008
1008
1008
1009
1009
1009
1009
1010
1010
1011
1012
1012
1013
1013
1014
1014
1014
1015
1015
1016
1016
1017
1017
1018
1019
1019
1020
1020
1021
1022
1022
1023
1024
1025
1025
1026
1027
1027
1027
1028
1028
1029
1029
1029
1030
1030
1031
1031
1032
1032
1032
1032
1033
1033
1033
1033
1034
1034
1034
1035
1035
1036
1037
1037
1037
1038
1039
1039
1040
1041
1041
1041
1042
1044
1046
1046
1047
1047
1049
1049
1049
1050
1050
1051
1051
1051
1052
1052
1053
1053
1054
1054
1054
1055
1055
1055
1055
1056
1057
1057
1059
1059
1061
1062
1063
1063
1064
1065
1065
1065
1066
1066
1067
1068
1069
1069
1070
1070
1071
1072
1073
1075
1075
1075
1077
1078
1078
1078
1079
1080
1080
1081
1082
1083
1083
1084
1084
1086
1087
1087
1088
1089
1089
1090
1093
1094
1095
1095
1096
1097
1098
1099
1099
1100
1100
1102
1102
1103
1104
1104
1105
1105
1105
1106
1107
1107
1108
1108
1110
1112
1112
1115
1115
1116
1116
1118
1119
1120
1121
1122
1122
1122
1124
1126
1127
1127
1128
1129
1129
1129
1129
1130
1130
1132
1133
1134
1135
1135
1136
1136
1137
1137
1137
1138
1138
1139
1140
1140
1143
1143
1144
1145
1147
1148
1148
1148
1150
1150
1152
1153
1153
1154
1154
1155
1155
1155
1156
1156
1157
1158
1158
1159
1160
1163
1164
1164
1165
1165
1166
1167
1167
1167
1168
1168
1169
1171
1171
1172
1172
1174
1177
1178
1178
1179
1180
1180
1180
1181
1182
1183
1183
1184
1185
1186
1187
1188
1190
1191
1191
1192
1192
1193
1196
1197
1197
1197
1198
1200
1200
1202
1202
1204
1205
1206
1207
1208
1208
1209
1210
1210
1211
1211
1211
1212
1212
1213
1213
1214
1214
1215
1216
1216
1216
1216
1217
1217
1218
1219
1220
1221
1223
1223
1224
1225
1225
1225
1226
1226
1228
1228
1228
1229
1229
1230
1231
1231
1232
1232
1233
1234
1234
1235
1238
1241
1242
1242
1243
1245
1246
1247
1247
1247
1247
1249
1249
1250
1251
1253
1255
1255
1257
1258
1258
1260
1262
1263
1263
1264
1266
1267
1270
1271
1272
1272
1274
1274
1274
1275
1275
1275
1276
1277
1277
1278
1279
1280
1280
1281
1282
1284
1286
1288
1288
1288
1289
1289
1290
1290
1290
1291
1294
1294
1297
1297
1298
1299
1301
1304
1304
1304
1306
1306
1308
1309
1310
1312
1313
1314
1316
1316
1316
1317
1317
1317
1317
1318
1320
1320
1321
1321
1321
1323
1323
1324
1326
1326
1327
1329
1329
1329
1329
1330
1331
1332
1335
1335
1336
1337
1340
1341
1341
1342
1345
1345
1346
1347
1348
1349
1350
1351
1352
1353
1355
1356
1358
1360
1360
1361
1361
1362
1363
1364
1365
1366
1366
1369
1369
1371
1371
1372
1373
1374
1376
1377
1379
1380
1381
1381
1383
1383
1385
1386
1387
1388
1388
1388
1388
1389
1390
1390
1391
1392
1392
1393
1394
1397
1397
1399
1402
1402
1402
1403
1405
1406
1407
1408
1408
1408
1410
1411
1412
1414
1416
1417
1418
1422
1423
1424
1426
1426
1426
1427
1427
1429
1431
1434
1436
1439
1439
1440
1440
1442
1443
1444
1444
1446
1447
1449
1449
1450
1450
1451
1451
1451
1452
1452
1453
1455
1456
1458
1458
1459
1459
1460
1461
1462
1462
1465
1466
1467
1468
1468
1469
1470
1470
1471
1471
1473
1474
1476
1477
1478
1479
1480
1481
1482
1482
1484
1485
1485
1486
1487
1488
1489
1491
1491
1491
1494
1495
1496
1497
1500
1501
1502
1503
1504
1505
1506
1508
1509
1509
1511
1511
1514
1519
1520
1520
1520
1521
1522
1522
1523
1523
1525
1525
1529
1531
1531
1533
1533
1534
1535
1536
1537
1538
1538
1539
1539
1540
1541
1543
1543
1546
1548
1548
1552
1552
1553
1556
1556
1557
1560
1561
1562
1563
1564
1564
1565
1566
1567
1568
1569
1571
1582
1584
1586
1587
1593
1594
1594
1595
1596
1598
1601
1608
1608
1613
1614
1617
1618
1619
1619
1620
1624
1632
1632
1633
1636
1639
1641
1646
1648
1649
1651
1651
1651
1653
1653
1659
1661
1663
1667
1669
1670
1671
1673
1677
1684
1684
1686
1692
1696
1700
1702
1705
1707
1716
1721
1721
1722
1727
1728
1733
1737
1738
1749
1749
1757
1759
1766
1766
1770
1773
1776
1780
1785
1790
1795
1796
1798
1801
1806
1810
1814
1825
1470
713
1338
242
710
1413
1060
140
753
267
1755
1279
62
1445
35
31
27
30
1064
1524
1061
394
649
1243
1244
380
30
31
32
33
35
38
140
150
242
260
261
267
313
394
489
567
613
638
649
661
668
670
700
713
1060
1064
1107
1176
1203
1338
1413
1445
1524
1620
1631
1755
894
1333
268
362
418
634
2
1429
1172
849
1477
1208
301
1301
756
1355
760
1680
544
1410
6
12
17
264
20
287
366
1409
779
1332
1016
479
743
1179
702
938
1145
690
484
227
338
1534
316
1400
1204
1138
720
996
1694
696
1761
1434
318
461
151
327
1198
457
1610
1010
142
1518
1195
89
1217
1581
1720
1293
1070
1096
698
1291
68
513
815
572
1689
1763
1595
828
1134
1586
660
419
493
811
794
1188
1593
127
315
1003
34
441
240
40
42
67
1552
1565
1144
1163
97
1019
44
754
758
1052
45
522
46
47
57
48
1008
311
1730
49
520
788
1551
50
51
52
1611
599
53
54
55
58
60
63
64
65
70
291
74
75
76
632
78
79
1117
789
642
1767
80
81
1119
82
851
782
86
880
1125
184
317
1782
554
777
1415
87
104
456
1618
1605
1104
1136
90
91
953
1579
96
1368
98
1160
1660
902
645
109
113
118
120
124
131
131
132
284
1622
133
850
136
143
145
146
1196
1364
152
153
154
158
162
167
172
174
176
178
179
182
183
185
189
194
195
206
211
212
213
214
215
488
217
219
224
226
228
229
230
247
1700
1078
231
636
566
625
1322
233
234
910
1238
1476
1809
1235
352
1822
238
397
1563
252
949
1363
1269
1296
1058
974
1140
692
804
925
243
1566
1792
1448
1331
1086
323
940
565
504
1708
249
1639
963
1323
1359
253
256
262
263
1482
1514
1319
1381
438
266
799
1574
840
1795
272
416
275
276
277
278
1124
281
282
283
381
624
1405
574
288
289
1396
1572
526
755
561
707
592
296
1510
655
1594
1791
688
1664
555
1095
1254
1168
357
1018
1017
298
810
299
364
1641
300
300
1157
408
303
304
351
1433
1201
307
310
543
575
863
540
312
319
320
321
324
325
327
345
328
1227
463
821
333
334
1601
356
1598
956
1656
337
1372
651
1081
993
597
977
516
817
475
832
559
1202
1567
856
340
340
341
699
833
344
612
1634
909
1256
347
1423
1472
773
1121
1395
1110
1587
1360
446
349
350
1629
353
353
1613
1322
1170
629
1607
1523
1029
355
550
1479
615
486
413
1495
1455
358
359
361
415
448
367
368
369
370
371
373
375
378
387
389
392
405
411
420
426
430
431
433
435
1155
437
1062
442
444
1810
451
452
455
459
1473
467
468
469
472
473
1733
1548
481
487
843
492
494
610
1781
1682
495
1349
596
689
499
500
501
1190
1667
1508
1678
1366
757
1357
506
507
508
510
874
1080
1731
1723
801
1237
1228
1308
1141
515
846
704
1150
528
1713
535
1818
539
1267
1823
547
1564
1529
549
1813
1513
959
934
1042
1239
650
1652
571
577
1696
795
594
595
598
603
747
605
1184
1398
961
1182
609
1250
813
1775
1819
1252
1414
1536
765
614
736
1661
1187
1004
1643
618
1391
883
1486
1347
676
1079
1754
1215
906
619
1213
721
620
621
623
1499
720
740
1446
1276
626
627
628
631
1002
633
639
640
1356
1741
641
725
648
882
647
654
656
658
659
762
1460
1766
733
665
678
1199
739
682
1817
746
1001
1539
685
687
1377
1047
814
1280
1260
1426
918
1777
896
1617
1573
1394
990
1483
1159
711
1036
875
1154
826
694
695
697
774
1130
1428
1131
1382
701
812
1412
705
706
1005
709
712
715
727
728
730
731
731
1513
734
1480
1596
1151
764
825
1562
1688
763
1568
1014
1807
740
1383
1389
1808
1011
1742
1583
869
1658
744
745
1715
1673
954
792
749
1505
751
1233
1501
982
859
1021
1597
1659
1637
1147
1799
766
1640
771
773
1416
1048
1520
903
1555
780
820
787
1374
1550
1074
791
989
1069
1533
1283
796
797
1077
1671
1554
808
1343
1484
809
988
1340
1785
1435
819
824
827
836
837
1118
839
1026
1578
1371
1218
1092
1488
1156
1576
1655
1531
1474
860
861
1342
1705
864
943
1146
1142
921
872
877
879
1681
1608
889
890
1663
1369
905
1378
913
919
923
926
931
936
942
947
1109
955
965
970
971
972
979
980
986
991
994
1006
1013
1017
1030
1035
1039
1046
1051
1050
1057
1302
1123
1336
1180
1067
1068
1386
1493
1745
1115
1540
1337
1738
1496
1071
1072
1729
1094
1295
1616
1245
1246
1606
1602
1186
1165
1736
1309
1076
1083
1084
1298
1088
1089
1093
1465
1097
1099
1101
1106
1111
1111
1113
1116
1126
1127
1128
1132
1561
1193
1776
1509
1627
1143
1751
1297
1815
1609
1603
1498
1346
1686
1442
1690
1693
1489
1783
1209
1334
1153
1161
1164
1166
1169
1169
1171
1181
1185
1384
1765
1541
1645
1746
1800
1624
1240
1194
1649
1467
1264
1674
1803
1432
1547
1422
1546
1788
1507
1758
1207
1411
1230
1265
1270
1273
1281
1312
1714
1285
1286
1287
1290
1310
1703
1784
1517
1325
1326
1712
1535
1521
1549
1527
1528
1449
1351
1353
1354
1387
1399
1401
1615
1418
1676
1665
1436
1437
1444
1447
1793
1457
1557
1481
1490
1502
1702
1698
1679
1804
1530
1735
1753
1609
1542
1721
1716
1648
1743
1825
1747
1710
)


// ************************************************************************* //
