/*--------------------------------*- C++ -*----------------------------------*\
| =========                 |                                                 |
| \\      /  F ield         | OpenFOAM: The Open Source CFD Toolbox           |
|  \\    /   O peration     | Version:  2512                                  |
|   \\  /    A nd           | Website:  www.openfoam.com                      |
|    \\/     M anipulation  |                                                 |
\*---------------------------------------------------------------------------*/
FoamFile
{
    version     2.0;
    format      ascii;
    arch        "LSB;label=32;scalar=64";
    class       vectorField;
    location    "constant/domain5/polyMesh";
    object      points;
}
// * * * * * * * * * * * * * * * * * * * * * * * * * * * * * * * * * * * * * //


636
(
(495 30 -7.5)
(5 30 -7.5)
(8.32667e-16 30 -7.5)
(500 30 -7.5)
(5 34.8209 -5.74533)
(5 37.3861 -1.30236)
(5 36.4952 3.75)
(5 32.5652 7.04769)
(5 27.4348 7.04769)
(5 23.5048 3.75)
(5 22.6139 -1.30236)
(5 25.1791 -5.74533)
(12.0598 30 -7.5)
(19.6095 30 -7.5)
(27.1593 30 -7.5)
(34.7091 30 -7.5)
(42.2588 30 -7.5)
(49.8086 30 -7.5)
(57.3584 30 -7.5)
(64.9082 30 -7.5)
(72.4579 30 -7.5)
(80.0077 30 -7.5)
(87.5575 30 -7.5)
(95.1072 30 -7.5)
(102.657 30 -7.5)
(110.207 30 -7.5)
(117.757 30 -7.5)
(125.306 30 -7.5)
(132.856 30 -7.5)
(140.406 30 -7.5)
(147.956 30 -7.5)
(155.505 30 -7.5)
(163.055 30 -7.5)
(170.605 30 -7.5)
(178.155 30 -7.5)
(185.704 30 -7.5)
(193.254 30 -7.5)
(200.804 30 -7.5)
(208.354 30 -7.5)
(215.904 30 -7.5)
(223.453 30 -7.5)
(231.003 30 -7.5)
(238.553 30 -7.5)
(246.103 30 -7.5)
(253.652 30 -7.5)
(261.202 30 -7.5)
(268.752 30 -7.5)
(276.302 30 -7.5)
(283.851 30 -7.5)
(291.401 30 -7.5)
(298.951 30 -7.5)
(306.501 30 -7.5)
(314.051 30 -7.5)
(321.6 30 -7.5)
(329.15 30 -7.5)
(336.7 30 -7.5)
(344.25 30 -7.5)
(351.799 30 -7.5)
(359.349 30 -7.5)
(366.899 30 -7.5)
(374.449 30 -7.5)
(381.998 30 -7.5)
(389.548 30 -7.5)
(397.098 30 -7.5)
(404.648 30 -7.5)
(412.198 30 -7.5)
(419.747 30 -7.5)
(427.297 30 -7.5)
(434.847 30 -7.5)
(442.397 30 -7.5)
(449.946 30 -7.5)
(457.496 30 -7.5)
(465.046 30 -7.5)
(472.596 30 -7.5)
(480.145 30 -7.5)
(487.695 30 -7.5)
(495 34.8209 -5.74533)
(495 37.3861 -1.30236)
(495 36.4952 3.75)
(495 32.5652 7.04769)
(495 27.4348 7.04769)
(495 23.5048 3.75)
(495 22.6139 -1.30236)
(495 25.1791 -5.74533)
(6.3786e-16 34.8209 -5.74533)
(1.44591e-16 37.3861 -1.30236)
(-4.16334e-16 36.4952 3.75)
(-7.82451e-16 32.5652 7.04769)
(-7.82451e-16 27.4348 7.04769)
(-4.16334e-16 23.5048 3.75)
(1.44591e-16 22.6139 -1.30236)
(6.3786e-16 25.1791 -5.74533)
(500 34.8209 -5.74533)
(500 37.3861 -1.30236)
(500 36.4952 3.75)
(500 32.5652 7.04769)
(500 27.4348 7.04769)
(500 23.5048 3.75)
(500 22.6139 -1.30236)
(500 25.1791 -5.74533)
(11.1345 36.0841 -4.38564)
(11.25 37.438 0.962568)
(11.0481 34.9218 5.65913)
(10.8035 29.9132 7.4995)
(10.5808 25.0474 5.63225)
(10.1084 22.6182 1.32656)
(9.10197 23.2241 -3.21507)
(10.6434 25.9227 -6.29492)
(16.5551 34.2288 -6.19416)
(30.3945 35.6948 -4.88052)
(45.7284 35.9619 -4.55031)
(60.8822 36.0325 -4.45635)
(76.0055 36.0464 -4.4374)
(91.1111 36.0474 -4.43616)
(106.21 36.047 -4.43664)
(121.307 36.0464 -4.43749)
(136.41 36.0472 -4.43635)
(151.517 36.0494 -4.43341)
(166.605 36.0443 -4.44026)
(181.712 36.0441 -4.44062)
(196.804 36.0336 -4.45484)
(211.905 36.0329 -4.45581)
(227 36.0341 -4.45422)
(242.116 36.0406 -4.44541)
(257.208 36.0404 -4.44558)
(272.311 36.0345 -4.45361)
(287.403 36.0018 -4.49765)
(302.51 35.9812 -4.525)
(317.603 35.9725 -4.53642)
(332.709 35.9779 -4.52936)
(347.82 35.9963 -4.50494)
(362.903 35.9986 -4.5019)
(377.996 35.9834 -4.52199)
(393.103 35.9775 -4.52979)
(408.214 35.9856 -4.51919)
(423.327 36.0122 -4.48366)
(438.472 36.0383 -4.44854)
(453.67 36.0559 -4.42446)
(468.639 35.7632 -4.79954)
(482.788 35.6812 -4.89631)
(489.208 36.2854 -4.09194)
(490.65 37.4386 0.957917)
(489.46 35.3333 5.27314)
(488.919 30.5579 7.47922)
(489.072 25.4252 5.94316)
(489.79 22.6663 1.5704)
(490.87 23.1835 -3.12825)
(489.295 25.8881 -6.27231)
(17.1467 25.4857 -5.98922)
(24.1642 24.9225 -5.51984)
(31.5569 24.4941 -5.09266)
(39.1362 24.305 -4.88031)
(46.7773 24.2804 -4.85147)
(54.4065 24.2987 -4.87285)
(62.0059 24.3183 -4.89577)
(69.5802 24.3305 -4.90986)
(77.1386 24.3344 -4.91439)
(84.69 24.3344 -4.91433)
(92.2409 24.3348 -4.91487)
(99.7906 24.3347 -4.91467)
(107.341 24.3356 -4.9158)
(114.891 24.3357 -4.91581)
(122.441 24.3356 -4.91575)
(129.99 24.3328 -4.91255)
(137.539 24.3326 -4.91232)
(145.092 24.3355 -4.91568)
(152.642 24.336 -4.91619)
(160.189 24.333 -4.91278)
(167.738 24.3317 -4.91126)
(175.289 24.3324 -4.91209)
(182.84 24.3302 -4.90954)
(190.388 24.3265 -4.90524)
(197.938 24.3265 -4.90522)
(205.488 24.3262 -4.90491)
(213.036 24.325 -4.90347)
(220.585 24.325 -4.90355)
(228.134 24.3236 -4.90192)
(235.685 24.3257 -4.90433)
(243.238 24.329 -4.90817)
(250.79 24.3299 -4.90917)
(258.34 24.3274 -4.90631)
(265.893 24.3244 -4.9028)
(273.448 24.3181 -4.89548)
(281.003 24.3095 -4.88546)
(288.557 24.2984 -4.87251)
(296.11 24.2904 -4.86318)
(303.661 24.2848 -4.85654)
(311.21 24.2818 -4.85307)
(318.758 24.2813 -4.85242)
(326.306 24.2826 -4.854)
(333.854 24.2858 -4.85779)
(341.402 24.291 -4.86388)
(348.95 24.297 -4.87095)
(356.5 24.301 -4.87557)
(364.051 24.2995 -4.87388)
(371.602 24.294 -4.86744)
(379.155 24.2894 -4.86203)
(386.706 24.2856 -4.85752)
(394.255 24.2843 -4.85604)
(401.802 24.2867 -4.85881)
(409.349 24.2926 -4.86575)
(416.897 24.3008 -4.87537)
(424.447 24.3093 -4.88531)
(431.997 24.3176 -4.89487)
(439.542 24.3328 -4.91247)
(447.062 24.3765 -4.96243)
(454.506 24.4942 -5.09281)
(461.833 24.742 -5.34821)
(469.125 24.967 -5.5605)
(476.21 25.1202 -5.69538)
(482.92 25.4565 -5.96714)
(38.1009 35.844 -4.70083)
(23.0036 35.1808 -5.42307)
(53.3149 36.0123 -4.4835)
(68.4566 36.0466 -4.43717)
(83.5667 36.0507 -4.43158)
(98.6706 36.052 -4.42987)
(113.766 36.0512 -4.43089)
(128.866 36.0496 -4.43303)
(143.965 36.0498 -4.43286)
(159.067 36.0477 -4.43562)
(174.159 36.0464 -4.43749)
(189.252 36.0359 -4.45177)
(204.352 36.0302 -4.45939)
(219.459 36.0357 -4.45199)
(234.559 36.0382 -4.44864)
(249.656 36.0385 -4.44822)
(264.758 36.0383 -4.44852)
(279.846 36.0143 -4.48092)
(294.946 35.9857 -4.51901)
(310.059 35.9768 -4.53077)
(325.164 35.9763 -4.53148)
(340.274 35.9871 -4.51715)
(355.375 36.0057 -4.49244)
(370.457 35.9949 -4.50679)
(385.557 35.9813 -4.52488)
(400.669 35.9821 -4.52381)
(415.779 36.0024 -4.49681)
(430.897 36.0265 -4.46443)
(446.066 36.0534 -4.42793)
(461.178 35.9235 -4.60018)
(475.891 35.6878 -4.88864)
(64.4082 37.1634 2.22158)
(33.8304 37.3828 1.32087)
(56.8255 37.1761 2.18038)
(17.5662 37.2624 -1.87274)
(79.5454 37.1549 2.2488)
(25.2083 37.4546 0.823869)
(94.6533 37.1548 2.24908)
(71.9855 37.157 2.24208)
(109.741 37.156 2.24551)
(87.0976 37.1559 2.24575)
(124.841 37.1574 2.24089)
(102.21 37.1532 2.25412)
(139.955 37.1539 2.252)
(117.296 37.1541 2.25154)
(155.06 37.1548 2.2493)
(132.396 37.1566 2.24337)
(170.143 37.1562 2.24465)
(147.508 37.1543 2.25089)
(185.237 37.1645 2.21797)
(200.334 37.1711 2.19656)
(49.2058 37.206 2.07948)
(215.441 37.1686 2.20475)
(253.197 37.162 2.22607)
(230.534 37.1672 2.20937)
(192.792 37.1682 2.20611)
(245.65 37.1646 2.21769)
(268.286 37.1673 2.20911)
(283.369 37.1967 2.11144)
(298.472 37.2191 2.03324)
(313.604 37.2237 2.01699)
(328.695 37.2234 2.01817)
(343.814 37.2119 2.05886)
(358.91 37.1943 2.1196)
(373.988 37.2109 2.06218)
(389.086 37.2216 2.02433)
(404.214 37.2176 2.03855)
(419.335 37.1931 2.12354)
(434.47 37.1765 2.17888)
(449.785 37.1427 2.28722)
(464.992 37.3447 1.51839)
(479.114 37.3903 1.27814)
(207.868 37.1756 2.18181)
(162.584 37.1604 2.23144)
(177.693 37.1584 2.23771)
(485.322 37.4455 0.902728)
(485.702 22.8309 -2.20332)
(20.683 22.589 -1.15205)
(27.9894 22.5047 0.265568)
(35.7684 22.583 1.11267)
(43.6245 22.6028 1.23734)
(51.3813 22.5943 1.1858)
(59.047 22.5849 1.12557)
(66.6523 22.5788 1.08433)
(74.2208 22.5765 1.06839)
(81.7709 22.5771 1.07284)
(89.3252 22.5764 1.06778)
(96.8729 22.5771 1.07271)
(104.427 22.5761 1.06577)
(111.974 22.5766 1.06908)
(119.528 22.5757 1.06274)
(127.071 22.5774 1.07472)
(134.619 22.5783 1.08075)
(142.178 22.5765 1.06851)
(149.733 22.5755 1.0618)
(157.273 22.5772 1.07351)
(164.817 22.5784 1.0815)
(172.372 22.5774 1.07488)
(179.925 22.5777 1.07663)
(187.469 22.5805 1.09621)
(195.022 22.5804 1.09542)
(202.575 22.58 1.09247)
(210.117 22.5814 1.10227)
(217.667 22.5804 1.09523)
(225.211 22.5819 1.10557)
(232.765 22.5813 1.10106)
(240.323 22.5795 1.0891)
(247.878 22.5781 1.07967)
(255.424 22.5796 1.08991)
(262.98 22.5799 1.09214)
(270.534 22.5827 1.11088)
(278.096 22.5856 1.13022)
(285.649 22.5918 1.17012)
(293.21 22.596 1.19587)
(300.766 22.5994 1.21675)
(308.316 22.6014 1.22904)
(315.865 22.602 1.23288)
(323.413 22.6017 1.23079)
(330.96 22.6005 1.22364)
(338.507 22.5982 1.20987)
(346.054 22.595 1.18974)
(353.603 22.592 1.17114)
(361.15 22.5915 1.16815)
(368.697 22.5946 1.18756)
(376.255 22.5967 1.20078)
(383.811 22.5992 1.21574)
(391.362 22.6006 1.22439)
(398.909 22.6002 1.22194)
(406.454 22.5978 1.20725)
(414.001 22.5938 1.18243)
(421.551 22.5894 1.15431)
(429.105 22.5858 1.13125)
(436.662 22.5825 1.10943)
(444.228 22.5726 1.04098)
(451.743 22.55 0.864859)
(459.064 22.5091 0.369098)
(466.064 22.521 -0.560488)
(473.106 22.5478 -0.845652)
(222.972 37.1702 2.19971)
(16.557 32.4064 7.10348)
(16.2962 26.7571 6.76267)
(16.05 23.0834 2.90007)
(14.3256 22.8944 -2.39997)
(17.5074 36.5927 3.57585)
(483.312 34.392 6.07952)
(483.736 23.3366 3.44224)
(238.101 37.1659 2.21342)
(41.5051 37.2692 1.84626)
(260.741 37.1633 2.22183)
(275.85 37.1737 2.18823)
(290.936 37.208 2.07254)
(306.04 37.2225 2.02128)
(321.133 37.2262 2.00784)
(336.253 37.2197 2.03115)
(351.384 37.1973 2.10908)
(366.426 37.2053 2.08159)
(381.52 37.2196 2.03173)
(396.648 37.2222 2.02222)
(411.752 37.2116 2.05993)
(426.88 37.1849 2.15106)
(442.095 37.1625 2.22452)
(457.558 37.1367 2.30606)
(472.355 37.4066 1.17996)
(479.626 22.5802 -1.09412)
(482.657 28.1846 7.27698)
(135.865 32.4821 7.07737)
(120.763 32.4731 7.08051)
(105.653 32.4866 7.07578)
(90.5516 32.4921 7.07385)
(75.4447 32.4905 7.07442)
(30.0757 34.1917 6.21928)
(218.903 32.5217 7.06336)
(60.3152 32.5224 7.0631)
(44.8805 32.82 6.94965)
(271.786 32.5151 7.06572)
(67.9166 32.4692 7.08187)
(83.0268 32.4633 7.08394)
(113.231 32.4554 7.08668)
(249.125 32.5003 7.07095)
(128.289 32.5019 7.07041)
(37.2089 33.055 6.84961)
(166.042 32.4976 7.0719)
(158.509 32.4889 7.07498)
(98.1315 32.4635 7.08386)
(301.941 32.7822 6.96485)
(286.815 32.714 6.99174)
(264.199 32.5207 7.06372)
(279.313 32.59 7.0386)
(294.382 32.7512 6.97718)
(430.36 32.5846 7.04058)
(317.05 32.7992 6.95806)
(332.152 32.7871 6.96289)
(347.271 32.7248 6.98752)
(362.375 32.6419 7.01928)
(377.432 32.7559 6.97531)
(392.546 32.7903 6.96164)
(407.657 32.7614 6.97313)
(422.816 32.5979 7.03568)
(469.09 34.5207 5.98443)
(453.528 32.3479 7.12302)
(476.193 32.8558 6.93502)
(21.1069 29.2208 7.45941)
(32.0008 26.102 6.40749)
(40.296 26.2857 6.51566)
(48.2149 26.1916 6.46111)
(55.9421 26.1151 6.4154)
(63.5807 26.0576 6.38023)
(71.1764 26.0224 6.35834)
(78.6921 26.0486 6.37466)
(86.2802 26.0218 6.35801)
(93.7958 26.0491 6.37501)
(101.382 26.0202 6.357)
(108.898 26.0445 6.37214)
(116.487 26.0137 6.35292)
(124.009 26.0377 6.36791)
(131.533 26.0598 6.38161)
(139.118 26.0354 6.36647)
(146.699 26.0129 6.35238)
(154.217 26.0359 6.36677)
(161.734 26.0578 6.38039)
(169.307 26.0419 6.37049)
(176.883 26.0258 6.36051)
(184.386 26.0715 6.38882)
(191.955 26.0743 6.39053)
(199.539 26.0434 6.37147)
(207.042 26.0899 6.40006)
(214.627 26.0498 6.37543)
(222.129 26.0845 6.39678)
(229.694 26.0763 6.39174)
(237.263 26.0677 6.3865)
(244.845 26.0294 6.36273)
(252.352 26.064 6.38419)
(259.932 26.0461 6.37314)
(267.453 26.0822 6.3954)
(275.049 26.0809 6.39456)
(282.567 26.1489 6.43578)
(290.151 26.1748 6.45117)
(297.716 26.2056 6.46934)
(305.272 26.2263 6.48143)
(312.823 26.2342 6.48604)
(320.372 26.2338 6.48579)
(327.921 26.2283 6.48259)
(335.47 26.2155 6.47515)
(343.018 26.1915 6.46105)
(350.566 26.1605 6.44269)
(358.12 26.1405 6.43075)
(365.623 26.178 6.4531)
(373.199 26.1839 6.4566)
(380.763 26.2057 6.46943)
(388.318 26.2228 6.4794)
(395.87 26.2266 6.48164)
(403.418 26.2147 6.47466)
(410.965 26.186 6.45783)
(418.514 26.1475 6.4349)
(426.077 26.1106 6.41269)
(433.61 26.1099 6.41226)
(441.238 26.0507 6.37595)
(448.906 25.9506 6.31284)
(456.539 25.7107 6.15241)
(463.828 24.7949 5.39972)
(470.021 23.6372 3.97042)
(445.667 32.4642 7.08362)
(23.117 24.2819 4.8532)
(256.665 32.4984 7.07165)
(462.11 31.9604 7.23925)
(52.6584 32.6138 7.0298)
(22.9935 34.2676 6.16747)
(226.428 32.5382 7.05745)
(324.599 32.7981 6.95851)
(384.988 32.7802 6.96568)
(369.869 32.7347 6.98364)
(173.629 32.4641 7.08366)
(309.499 32.7962 6.95925)
(188.681 32.5358 7.0583)
(143.445 32.4558 7.08654)
(339.708 32.766 6.97131)
(354.862 32.6207 7.02721)
(400.103 32.7857 6.96347)
(415.218 32.7153 6.99122)
(476.619 24.718 5.32451)
(437.937 32.6052 7.03297)
(203.804 32.5342 7.05887)
(181.155 32.5002 7.07101)
(211.315 32.5821 7.04151)
(241.548 32.5474 7.05413)
(196.235 32.5606 7.04936)
(150.977 32.4743 7.08012)
(233.999 32.525 7.06217)
(469.845 28.522 7.35293)
(26.4979 29.3702 7.47351)
(3.32488e-16 31.1171 -2.99478)
(-2.69437e-16 31.8778 2.42687)
(-5.34771e-17 27.0529 0.481679)
(500 31.1171 -2.99478)
(500 31.8778 2.42688)
(500 27.0529 0.481684)
(387.129 31.3365 -1.11888)
(313.743 30.0841 -0.587774)
(117.608 29.3919 0.38041)
(21.0932 31.1528 -0.231)
(74.0483 30.4816 0.139525)
(131.195 28.9636 0.399819)
(162.186 26.8168 0.781749)
(137.434 25.3289 -0.223873)
(49.649 29.809 0.234502)
(346.238 30.1629 0.287647)
(232.025 29.2837 0.486529)
(456.218 30.0359 0.210364)
(448.621 29.1675 0.519991)
(292.712 29.0959 -2.16428)
(476.464 29.3066 0.0951366)
(223.681 28.1702 1.17701)
(391.439 27.5192 -0.68338)
(398.957 30.0338 0.610172)
(180.914 29.8437 0.531689)
(323.826 28.9538 2.88269)
(282.041 26.8058 -0.131671)
(146.853 29.3673 0.0535443)
(57.2636 29.0184 1.0893)
(64.9612 27.3683 1.41905)
(262.721 30.5484 -0.0166458)
(367.945 30.3661 -0.168964)
(123.945 29.8413 -0.275772)
(463.297 28.6325 2.09313)
(110.839 30.346 0.380197)
(359.814 29.8452 -0.450596)
(100.033 31.1085 3.7259)
(239.256 30.1604 -0.00158177)
(189.562 30.7765 -0.186745)
(277.737 28.412 -0.240484)
(445.193 28.3681 -3.16237)
(91.6628 29.2675 2.99028)
(419.897 32.2144 1.25243)
(376.217 31.8325 -1.06836)
(301.077 29.2755 2.34423)
(207.094 27.6646 2.36063)
(415.421 29.2236 -0.95437)
(469.357 28.6948 1.45565)
(80.1398 30.173 0.278411)
(268.965 32.4939 -1.13978)
(488.16 24.9471 2.42149)
(338.008 30.4232 0.168092)
(430.805 29.4061 -0.869047)
(154.12 31.306 -1.03009)
(330.889 28.2372 0.378493)
(15.5773 31.2011 -1.34346)
(306.566 31.0049 0.407002)
(27.5721 29.8377 -0.0585479)
(491.92 34.5578 -4.36824)
(34.2113 28.7462 0.69662)
(288.252 31.8573 2.0544)
(435.812 28.8744 2.46746)
(250.182 27.5529 0.805336)
(219.792 31.4956 -1.75152)
(41.6488 29.9371 -0.0192919)
(199.659 30.8961 -0.217368)
(382.315 27.8764 0.676605)
(95.3629 32.9991 -3.31142)
(6.23041 32.1514 -0.887482)
(24.2186 27.3571 2.23041)
(1.79126 30.9721 -5.55254)
(286.957 27.8675 -1.20569)
(270.495 27.5455 0.391196)
(160.987 31.3761 -1.52485)
(299.66 30.8806 -2.61392)
(194.869 27.1536 0.437609)
(480.283 24.926 2.15714)
(410.761 29.672 2.5723)
(423.099 27.9182 -1.13118)
(7.66337 23.5854 1.5417)
(472.875 30.6529 -2.93116)
(243.945 28.5554 2.25471)
(17.5619 27.2472 2.16489)
(256.496 27.4305 0.38902)
(30.1721 33.3105 -1.26443)
(491.499 32.2211 5.69968)
(141.673 32.6282 0.613705)
(353.467 31.376 -1.72132)
(67.8786 31.7172 -1.04122)
(216.38 26.9758 2.48911)
(151.819 27.3184 2.2416)
(320.582 30.2976 -1.95164)
(443.448 32.6783 -0.123847)
(480.759 31.588 0.657301)
(497.939 30.1949 -5.10644)
(173.641 31.5626 -1.50863)
(363.571 27.119 1.86011)
(318.268 27.2826 1.95496)
(485.38 25.2211 4.07365)
(85.488 28.6093 1.58103)
(472.941 30.1033 4.0573)
(142.379 25.8184 -2.0309)
(437.58 32.0716 -1.43368)
(282.179 32.3568 0.929059)
(274.357 32.6615 -0.739318)
(294.329 32.6805 0.874286)
(326.546 32.0877 -1.42033)
(246.798 31.4331 -1.84608)
(375.007 27.7254 1.60772)
(97.223 27.7416 0.722676)
(35.773 33.2339 -0.35339)
(485.267 31.5755 -2.07107)
(167.041 29.7729 1.80644)
(254.222 32.2498 0.471934)
(105.711 28.8949 4.42985)
(62.5169 32.0505 0.466039)
(491.037 24.4739 2.89879)
(441.402 28.2432 0.871267)
(296.606 27.1593 1.02028)
(382.482 32.9712 -0.146375)
(13.0717 23.6859 1.05825)
(135.361 31.8931 -1.1394)
(227.426 32.0312 -1.50746)
(352.498 27.4145 1.09701)
(496.05 33.7331 -2.40163)
(404.513 30.7023 2.7018)
(491.639 28.8246 1.69308)
(69.9834 27.1629 1.07124)
(425.866 31.5469 2.1605)
(391.657 31.694 2.16285)
(157.252 27.3869 1.31421)
(331.368 33.358 1.37931)
(174.045 27.4422 1.30865)
(487.303 34.1499 -2.71215)
(485.994 29.199 5.06847)
)


// ************************************************************************* //
