/*--------------------------------*- C++ -*----------------------------------*\
| =========                 |                                                 |
| \\      /  F ield         | OpenFOAM: The Open Source CFD Toolbox           |
|  \\    /   O peration     | Version:  2512                                  |
|   \\  /    A nd           | Website:  www.openfoam.com                      |
|    \\/     M anipulation  |                                                 |
\*---------------------------------------------------------------------------*/
FoamFile
{
    version     2.0;
    format      ascii;
    arch        "LSB;label=32;scalar=64";
    class       labelList;
    location    "constant/domain7/polyMesh";
    object      cellRegionAddressing;
}
// * * * * * * * * * * * * * * * * * * * * * * * * * * * * * * * * * * * * * //


1893
(
42
43
46
48
49
50
68
81
84
117
130
138
172
253
256
264
267
275
284
285
286
287
290
291
296
307
313
315
333
335
357
362
391
410
414
452
456
457
461
483
490
499
521
536
591
635
642
643
644
645
654
659
697
702
716
721
742
757
772
788
805
816
823
833
834
934
958
963
964
987
1022
1100
1112
1238
1256
1282
1284
1290
1295
1298
1300
1310
1317
1319
1320
1323
1337
1345
1353
1371
1374
1381
1385
1389
1390
1396
1398
1400
1416
1422
1430
1431
1436
1443
1453
1462
1464
1465
1480
1481
1482
1483
1492
1494
1500
1505
1509
1510
1518
1519
1522
1523
1527
1529
1536
1554
1560
1571
1614
1622
1627
1660
1664
1671
1708
1710
1722
1766
1801
1832
1855
1860
1861
1867
1872
1882
1891
1977
1986
2006
2020
2033
2042
2049
2055
2074
2082
2182
2189
2191
2198
2205
2233
2240
2243
2251
2255
2258
2277
2303
2308
2315
2316
2319
2335
2397
2403
2434
2509
2687
2750
2762
2766
2777
2821
2823
2929
3051
3055
3056
3063
3141
3156
3177
3669
4087
4371
4541
4631
4842
4844
4852
4854
4857
4880
4893
4894
4895
4906
4907
4908
4919
4921
4923
4927
4938
4939
4946
4954
4958
4973
4981
4985
4995
5000
5027
5033
5053
5060
5064
5066
5068
5074
5077
5080
5083
5115
5121
5125
5131
5136
5141
5143
5155
5160
5166
5170
5171
5177
5179
5187
5207
5214
5224
5238
5249
5251
5254
5256
5258
5264
5271
5283
5297
5301
5311
5314
5322
5329
5335
5337
5341
5343
5352
5355
5362
5396
5404
5408
5410
5424
5429
5457
5462
5465
5467
5481
5487
5504
5521
5526
5527
5528
5531
5534
5549
5556
5560
5565
5571
5578
5601
5613
5632
5639
5666
5680
5697
5702
5710
5717
5718
5727
5728
5733
5738
5739
5744
5751
5763
6158
6166
6185
6189
6412
6468
6501
6587
6950
7405
7431
7578
7631
7635
8193
8671
8706
9379
9459
9828
9994
10041
10122
10136
10137
10211
10259
10547
10569
10716
10817
11149
11560
11873
11904
11937
11976
12260
12427
12666
12730
12811
13112
13130
13131
13142
13164
13166
13172
13173
13181
13202
13203
13215
13216
13221
13232
13234
13238
13263
13278
13282
13332
13334
13336
13344
13354
13359
13364
13372
13379
13388
13393
13394
13400
13403
13407
13417
13427
13429
13430
13452
13465
13492
13502
13513
13534
13547
13551
13579
13586
13603
13604
13606
13610
13621
13622
13633
13646
13667
13668
13671
13683
13685
13729
13735
13740
13751
13787
13800
13801
13803
13820
13843
13858
13859
13864
13866
13870
13874
13896
13914
13918
13920
13931
13935
13938
13941
13945
13946
13951
13960
13964
13970
13985
13999
14006
14012
14015
14020
14021
14024
14025
14026
14037
14040
14042
14057
14062
14067
14071
14078
14080
14087
14119
14123
14143
14151
14153
14172
14184
14221
14227
14232
14233
14234
14237
14241
14242
14243
14244
14246
14248
14252
14259
14262
14268
14271
14294
14295
14297
14309
14311
14317
14320
14339
14342
14346
14347
14352
14361
14362
14364
14367
14379
14391
14393
14400
14434
14446
14449
14452
14456
14460
14461
14462
14470
14489
14495
14515
14517
14519
14527
14534
14549
14550
14553
14560
14561
14565
14567
14574
14586
14589
14599
14606
14608
14616
14620
14624
14629
14647
14649
14663
14671
14680
14700
14822
14983
15404
15421
15477
15507
15519
15748
15810
15860
15966
16059
16145
16344
16434
16631
16666
16808
16817
16846
16947
17008
17203
17325
17448
17462
17628
17680
17696
17740
17899
17909
18100
18117
18145
18206
18426
18489
18536
18662
19092
19103
19202
19273
19415
19419
19444
19550
19593
19629
19735
19755
19757
19760
19928
19998
20036
20102
20113
20132
20214
20227
20323
20332
20484
20586
20620
20624
20668
20686
20747
20815
20976
21069
21187
21252
21346
21410
21485
21818
21833
22018
22133
22280
22285
22314
22389
22500
22502
22680
22875
23010
23153
23179
23269
23273
23275
23279
23282
23314
23318
23321
23323
23430
23478
23499
23511
23523
23545
23547
23550
23551
23600
23603
23607
23611
23613
23616
23620
23626
23645
23646
23647
23665
23716
23717
23741
23743
23746
23777
23779
23784
23791
23793
23804
23809
23810
23824
23833
23834
23835
23849
23850
23859
23864
23868
23870
23873
23898
23901
23902
23909
23919
23921
23954
23959
23969
23972
24018
24026
24042
24045
24059
24065
24071
24076
24091
24113
24116
24117
24135
24137
24146
24153
24160
24161
24162
24163
24165
24169
24174
24191
24193
24210
24211
24221
24228
24230
24255
24259
24260
24270
24272
24288
24292
24293
24295
24312
24316
24348
24377
24382
24392
24397
24398
24399
24401
24430
24443
24496
24498
24504
24507
24517
24518
24521
24527
24535
24557
24563
24564
24593
24594
24599
24626
24628
24630
24638
24639
24646
24650
24654
24656
24660
24674
24675
24686
24695
24696
24699
24710
24720
24726
24733
24734
24742
24752
24761
24763
24775
24777
24781
24785
24786
24787
24807
24811
24814
24815
24840
24843
24845
24846
24849
24859
24872
24877
24887
24891
24893
24896
24897
24899
24913
24927
24928
24948
24950
24954
24955
24957
24962
24964
24975
24985
24987
24988
24991
24992
24994
25005
25006
25007
25008
25012
25017
25021
25050
25058
25076
25139
25217
25247
25369
25681
25751
25877
26095
26475
26490
26521
26590
26815
26857
26912
27021
27159
27194
27266
27287
27401
27592
27869
27916
28049
28058
28260
28318
28757
28860
28871
29377
29386
29478
29598
29655
29909
30012
30164
30183
30257
30488
30568
30714
30777
31054
31083
31228
31470
31568
31824
31859
31973
31983
32085
32108
32123
32126
32131
32173
32180
32235
32562
32565
32646
32665
32667
32671
32677
32758
32987
33005
33010
33016
33057
33071
33080
33088
33099
33107
33109
33110
33111
33261
33323
33330
33373
33383
33393
33401
33410
33411
33412
33415
33416
33423
33428
33436
33437
33478
33481
33490
33492
33493
33495
33505
33509
33510
33517
33526
33529
33554
33569
33585
33596
33599
33600
33605
33607
33609
33614
33620
33629
33633
33657
33663
33668
33674
33675
33678
33686
33690
33692
33702
33706
33750
33762
33769
33773
33792
33830
33844
33859
33887
33896
33917
33922
33933
33945
33965
33967
33969
33970
33976
33979
33984
33985
33986
34002
34006
34010
34011
34026
34034
34037
34042
34045
34052
34074
34094
34119
34132
34137
34138
34139
34140
34146
34147
34164
34188
34192
34194
34214
34235
34241
34242
34245
34252
34255
34258
34259
34260
34269
34270
34272
34282
34288
34289
34294
34302
34307
34308
34309
34310
34312
34313
34314
34317
34321
34326
34334
34345
34355
34362
34369
34384
34389
34400
34403
34405
34406
34414
34428
34431
34432
34440
34452
34464
34466
34469
34481
34491
34492
34493
34495
34508
34510
34512
34522
34531
34533
34536
34537
34549
34553
34571
34572
34587
34592
34598
34600
34601
34602
34609
34610
34618
34626
34628
34632
34637
34649
34651
34664
34672
34682
34684
34686
34690
34694
34696
34702
34708
34716
34717
34723
34731
34732
34733
34738
34741
34743
34745
34771
34772
34775
34776
34783
34787
34791
34800
34803
34823
34832
34833
34837
34841
34842
34847
34848
34851
34853
34863
34867
34871
34872
34873
34875
34892
34965
34970
35096
35175
35200
35280
35680
35752
35816
35899
35990
36147
36212
36235
36258
36516
36685
36886
36916
37025
37184
37232
37241
37244
37381
37467
37473
37537
37544
37569
37612
37632
37731
37732
37761
37817
37821
37838
37894
37905
37909
37918
37921
37928
37934
37939
37940
37945
37963
37988
38001
38016
38021
38026
38032
38087
38123
38142
38152
38158
38173
38194
38250
38256
38260
38283
38286
38376
38401
38414
38440
38447
38450
38485
38519
38533
38538
38543
38576
38584
38601
38606
38607
38610
38614
38630
38660
38676
38726
38736
38833
38868
38872
38873
38879
38883
38895
38909
38916
38932
38958
38971
39022
39029
39047
39081
39090
39134
39135
39139
39166
39186
39192
39200
39211
39235
39289
39301
39309
39315
39330
39357
39396
39397
39402
39413
39478
39491
39504
39506
39507
39513
39517
39518
39525
39542
39547
39553
39603
39611
39612
39624
39629
39657
39679
39757
39762
39787
39796
39803
39823
39831
39833
39842
39862
39874
39878
39881
39886
39909
39911
39919
39921
39931
39949
39989
39998
40002
40021
40026
40045
40071
40076
40077
40079
40100
40109
40128
40146
40148
40167
40175
40192
40201
40202
40204
40205
40207
40210
40214
40219
40222
40224
40225
40230
40232
40233
40234
40235
40238
40240
40241
40242
40246
40258
40260
40265
40266
40268
40269
40271
40277
40281
40285
40286
40287
40293
40299
40314
40328
40349
40350
40358
40369
40370
40371
40373
40382
40383
40404
40405
40440
40445
40448
40449
40451
40453
40461
40472
40474
40476
40477
40481
40482
40491
40504
40508
40514
40515
40516
40525
40535
40537
40549
40550
40554
40563
40567
40573
40574
40580
40587
40590
40599
40605
40606
40616
40620
40627
40630
40631
40632
40634
40666
40672
40678
40679
40684
40690
40691
40695
40701
40707
40714
40718
40740
40744
40747
40748
40753
40768
40772
40773
40776
40780
40786
40787
40790
40793
40805
40809
40824
40832
40837
40841
40853
40870
40877
40879
40881
40894
40905
40908
40918
40926
40933
40935
40941
40943
40949
40950
40953
40968
40997
41000
41005
41006
41008
41015
41031
41037
41044
41048
41055
41057
41064
41069
41073
41092
41096
41098
41103
41110
41111
41118
41125
41127
41128
41140
41147
41164
41168
41177
41183
41184
41185
41190
41195
41196
41198
41203
41206
41214
41225
41227
41228
41229
41243
41249
41276
41288
41289
41291
41292
41299
41301
41308
41320
41334
41337
41353
41361
41409
41420
41426
41441
41444
41449
41451
41452
41467
41469
41475
41479
41483
41484
41500
41502
41506
41540
41541
41544
41545
41546
41549
41551
41552
41561
41569
41573
41581
41582
41585
41587
41591
41593
41603
41604
41611
41614
41621
41631
41632
41634
41636
41640
41642
41648
41656
41657
41663
41668
41686
41687
41690
41701
41705
41715
41717
41721
41729
41745
41752
41761
41767
41777
41791
41793
41800
41802
41814
41830
41831
41833
41838
41841
41856
41858
41865
41877
41879
41880
41898
41901
41908
41915
41916
41921
41936
41937
41940
41948
41957
41965
41967
41968
41974
41975
41979
41980
41988
41995
42001
42002
42010
42011
42012
42014
42018
42029
42048
42058
42060
42069
42075
42079
42083
42085
42099
42111
42124
42142
42147
42152
42159
42161
42166
42170
42177
42178
42192
42218
42220
42225
42226
42240
42259
42310
42358
42368
42377
42378
42387
42405
42416
42420
42464
42468
42513
42528
42533
42534
42536
42538
42563
42574
42583
42584
42598
42600
42601
42607
42629
42637
42647
42649
42653
42655
42657
42658
42659
42703
42704
42713
42718
42734
42737
42759
42765
42772
42774
42776
42779
42782
42784
42801
42804
42807
42812
42813
42820
42828
42832
42847
42863
42875
42878
42890
42896
42918
42927
42935
42941
42950
42951
42961
42965
42972
42995
43010
43028
43031
43034
43035
43037
43044
43049
43053
43057
43060
43076
43079
43088
43094
43096
43104
43111
43115
43133
43140
43143
43150
43161
43168
43173
43177
43187
43193
43199
43205
43212
43225
43251
43269
43272
43280
43283
43286
43291
43293
43305
43319
43322
43326
43330
43339
43344
43348
43349
43355
43361
43362
43377
43379
43385
43401
43408
43412
43413
43414
43421
43424
43432
43435
43442
43444
43447
43452
43485
43488
43490
43491
43493
43496
43501
43505
43514
43515
43523
43524
43551
43560
43564
43572
43573
43578
43579
43590
43602
43607
43608
43612
43616
43620
43623
43630
43643
43650
43652
43654
43672
43673
43686
43689
43699
43700
43701
43704
43708
43711
43713
43719
43720
43724
43727
43728
43730
43738
43740
43752
43768
43769
43799
43804
43813
43815
43820
43825
43831
43832
43835
43837
43854
43857
43860
43866
43873
43883
)


// ************************************************************************* //
