/*--------------------------------*- C++ -*----------------------------------*\
| =========                 |                                                 |
| \\      /  F ield         | OpenFOAM: The Open Source CFD Toolbox           |
|  \\    /   O peration     | Version:  2512                                  |
|   \\  /    A nd           | Website:  www.openfoam.com                      |
|    \\/     M anipulation  |                                                 |
\*---------------------------------------------------------------------------*/
FoamFile
{
    version     2.0;
    format      ascii;
    arch        "LSB;label=32;scalar=64";
    class       faceList;
    location    "constant/domain7/polyMesh";
    object      faces;
}
// * * * * * * * * * * * * * * * * * * * * * * * * * * * * * * * * * * * * * //


4289
(
3(196 631 61)
3(584 196 61)
3(584 631 196)
3(584 61 631)
3(473 608 351)
3(474 351 608)
3(474 608 473)
3(343 467 541)
3(343 515 467)
3(515 541 467)
3(343 541 515)
3(338 198 532)
3(621 532 198)
3(621 338 532)
3(621 198 338)
3(547 265 225)
3(547 225 357)
3(547 357 265)
3(506 302 425)
3(506 426 302)
3(506 425 426)
3(110 569 525)
3(525 569 638)
3(110 638 569)
3(110 525 638)
3(646 103 570)
3(8 570 103)
3(8 646 570)
3(8 103 646)
3(642 352 527)
3(642 353 352)
3(642 527 353)
3(352 353 527)
3(115 536 27)
3(26 27 536)
3(115 26 536)
3(50 186 588)
3(505 50 588)
3(505 588 186)
3(505 186 50)
3(538 184 323)
3(324 184 538)
3(324 538 323)
3(299 422 546)
3(423 299 546)
3(423 546 422)
3(559 585 144)
3(145 144 585)
3(559 145 585)
3(559 144 145)
3(224 39 572)
3(40 572 39)
3(40 224 572)
3(107 647 570)
3(647 11 570)
3(107 11 647)
3(107 570 11)
3(107 647 514)
3(647 570 514)
3(107 514 570)
3(647 514 4)
3(107 647 4)
3(107 4 514)
3(100 647 4)
3(5 4 647)
3(100 5 647)
3(647 514 100)
3(100 514 4)
3(355 359 634)
3(560 355 634)
3(560 359 355)
3(560 634 359)
3(355 143 634)
3(143 359 634)
3(634 140 560)
3(648 634 560)
3(648 560 140)
3(648 140 634)
3(102 103 570)
3(646 103 102)
3(646 102 570)
3(570 103 104)
3(570 104 8)
3(618 514 570)
3(618 527 514)
3(514 527 570)
3(618 570 527)
3(602 561 554)
3(282 561 602)
3(282 602 554)
3(282 554 561)
3(602 375 554)
3(375 561 554)
3(602 561 375)
3(381 601 643)
3(601 413 643)
3(381 413 601)
3(381 643 413)
3(102 570 618)
3(514 102 618)
3(514 570 102)
3(584 275 132)
3(368 584 132)
3(368 275 584)
3(25 586 217)
3(25 507 586)
3(25 217 507)
3(507 217 586)
3(110 16 569)
3(17 569 16)
3(110 569 17)
3(491 433 594)
3(432 594 433)
3(432 491 594)
3(525 16 110)
3(525 110 211)
3(525 211 16)
3(483 402 641)
3(402 364 641)
3(483 641 364)
3(590 634 144)
3(590 144 141)
3(590 141 634)
3(634 141 144)
3(590 634 143)
3(144 143 634)
3(144 590 143)
3(80 141 590)
3(80 590 144)
3(80 144 141)
3(164 582 163)
3(164 28 582)
3(28 163 582)
3(150 151 523)
3(15 523 151)
3(150 523 15)
3(325 588 324)
3(185 324 588)
3(185 588 325)
3(29 30 544)
3(219 544 30)
3(219 29 544)
3(318 526 317)
3(178 317 526)
3(318 178 526)
3(419 295 539)
3(419 539 418)
3(295 418 539)
3(32 220 542)
3(167 32 542)
3(167 542 220)
3(167 220 32)
3(192 530 331)
3(331 530 191)
3(192 191 530)
3(414 290 601)
3(413 414 601)
3(413 601 290)
3(320 607 443)
3(320 443 552)
3(607 552 443)
3(320 552 607)
3(523 290 601)
3(523 414 290)
3(523 601 414)
3(16 525 569)
3(525 151 569)
3(16 151 525)
3(16 569 151)
3(521 61 609)
3(235 521 609)
3(235 609 61)
3(235 61 521)
3(504 82 97)
3(98 82 504)
3(570 501 11)
3(647 11 501)
3(570 647 501)
3(262 110 638)
3(213 638 110)
3(213 262 638)
3(238 644 279)
3(279 644 136)
3(238 136 644)
3(152 291 569)
3(292 569 291)
3(152 569 292)
3(17 569 152)
3(152 569 16)
3(468 540 345)
3(469 345 540)
3(469 540 468)
3(67 644 68)
3(203 68 644)
3(67 203 644)
3(238 644 68)
3(238 67 644)
3(580 540 345)
3(206 540 580)
3(206 345 540)
3(206 580 345)
3(553 538 184)
3(553 184 323)
3(553 323 538)
3(113 537 251)
3(579 251 537)
3(113 251 579)
3(113 579 537)
3(150 523 290)
3(601 523 150)
3(601 150 290)
3(173 606 513)
3(223 173 513)
3(223 606 173)
3(223 513 606)
3(546 537 159)
3(23 546 159)
3(23 159 537)
3(23 537 546)
3(535 260 222)
3(260 578 222)
3(535 222 578)
3(535 578 260)
3(255 536 377)
3(255 252 536)
3(377 536 252)
3(537 158 297)
3(298 158 537)
3(298 537 297)
3(85 5 500)
3(85 500 6)
3(6 500 5)
3(514 626 100)
3(12 100 626)
3(12 514 100)
3(12 626 514)
3(441 318 526)
3(441 526 317)
3(561 282 139)
3(561 286 282)
3(561 139 286)
3(580 469 645)
3(346 580 645)
3(346 469 580)
3(346 645 469)
3(347 470 645)
3(522 645 470)
3(347 645 522)
3(347 522 470)
3(347 346 645)
3(645 346 470)
3(580 411 645)
3(469 411 580)
3(469 645 411)
3(567 636 645)
3(412 645 636)
3(412 567 645)
3(412 636 567)
3(240 636 645)
3(567 636 240)
3(567 240 645)
3(645 522 240)
3(72 645 240)
3(72 240 522)
3(72 522 645)
3(470 636 412)
3(645 636 470)
3(645 470 412)
3(388 255 536)
3(388 536 377)
3(76 75 599)
3(0 599 75)
3(0 76 599)
3(481 433 578)
3(535 481 578)
3(535 433 481)
3(535 578 433)
3(529 584 458)
3(486 529 458)
3(486 458 584)
3(486 584 529)
3(335 584 458)
3(529 584 335)
3(529 335 458)
3(263 495 551)
3(283 551 495)
3(283 263 551)
3(495 551 545)
3(263 495 545)
3(263 545 551)
3(545 596 551)
3(495 596 545)
3(495 551 596)
3(174 596 551)
3(545 596 174)
3(545 174 551)
3(394 541 644)
3(541 581 644)
3(394 581 541)
3(394 644 581)
3(371 533 644)
3(519 533 371)
3(519 644 533)
3(519 371 644)
3(644 279 394)
3(644 394 371)
3(644 371 279)
3(279 541 644)
3(279 394 541)
3(477 608 643)
3(608 517 643)
3(477 517 608)
3(477 643 517)
3(643 477 473)
3(473 477 608)
3(643 473 608)
3(381 477 643)
3(247 643 477)
3(381 643 247)
3(517 630 608)
3(517 643 630)
3(608 630 643)
3(473 643 381)
3(531 311 171)
3(531 310 311)
3(531 171 310)
3(366 233 534)
3(274 534 233)
3(274 366 534)
3(66 201 518)
3(201 202 518)
3(66 518 202)
3(311 172 531)
3(172 171 531)
3(310 434 531)
3(434 311 531)
3(570 106 642)
3(107 570 642)
3(107 642 106)
3(107 106 570)
3(104 527 642)
3(104 352 527)
3(104 642 352)
3(514 626 642)
3(527 626 514)
3(527 642 626)
3(527 514 642)
3(642 353 105)
3(642 105 352)
3(570 105 642)
3(105 106 642)
3(570 106 105)
3(107 626 642)
3(514 107 642)
3(514 626 107)
3(245 514 527)
3(245 626 514)
3(245 527 626)
3(402 450 641)
3(595 450 402)
3(595 402 641)
3(595 641 450)
3(402 451 641)
3(451 450 641)
3(451 328 641)
3(451 641 327)
3(328 327 641)
3(548 451 641)
3(483 641 451)
3(483 451 548)
3(483 548 641)
3(548 451 328)
3(548 328 641)
3(189 328 628)
3(510 189 628)
3(510 628 328)
3(510 328 189)
3(187 520 327)
3(327 520 613)
3(187 327 613)
3(187 613 520)
3(327 520 188)
3(327 595 520)
3(520 595 188)
3(327 188 595)
3(520 188 128)
3(52 128 188)
3(520 52 188)
3(520 128 52)
3(188 187 520)
3(327 595 613)
3(520 613 595)
3(46 511 125)
3(125 511 47)
3(46 47 511)
3(190 329 516)
3(329 330 516)
3(190 516 330)
3(338 199 532)
3(198 532 199)
3(380 386 605)
3(249 380 605)
3(249 605 386)
3(172 531 604)
3(311 604 531)
3(172 604 311)
3(110 569 213)
3(17 213 569)
3(517 527 630)
3(527 626 630)
3(517 630 626)
3(517 626 527)
3(66 518 65)
3(237 65 518)
3(66 237 518)
3(528 57 192)
3(57 577 192)
3(528 577 57)
3(528 192 577)
3(501 9 89)
3(501 88 9)
3(335 195 529)
3(529 195 334)
3(335 529 334)
3(130 528 56)
3(528 232 56)
3(130 232 528)
3(501 10 570)
3(10 11 570)
3(501 11 10)
3(351 527 630)
3(630 527 608)
3(351 630 608)
3(351 608 527)
3(112 20 539)
3(21 539 20)
3(21 112 539)
3(499 501 598)
3(91 499 598)
3(91 598 501)
3(226 264 558)
3(226 558 526)
3(226 526 264)
3(558 264 526)
3(576 268 360)
3(576 360 227)
3(576 227 268)
3(598 1 91)
3(598 11 1)
3(598 91 11)
3(148 353 630)
3(288 630 353)
3(148 630 288)
3(340 341 518)
3(340 518 201)
3(201 518 341)
3(108 13 626)
3(517 13 108)
3(517 626 13)
3(517 108 626)
3(227 46 511)
3(227 511 125)
3(190 129 54)
3(190 55 129)
3(262 358 638)
3(110 638 358)
3(575 244 213)
3(575 213 508)
3(575 508 244)
3(244 508 213)
3(574 604 606)
3(513 606 604)
3(574 513 604)
3(574 606 513)
3(518 464 573)
3(518 401 464)
3(401 573 464)
3(518 573 401)
3(450 480 595)
3(402 595 480)
3(150 14 524)
3(150 524 149)
3(524 14 149)
3(523 243 211)
3(523 211 358)
3(523 358 243)
3(281 636 138)
3(240 138 636)
3(240 636 281)
3(138 374 636)
3(281 636 374)
3(636 522 240)
3(645 522 636)
3(138 522 636)
3(554 636 522)
3(554 522 138)
3(554 138 636)
3(144 560 629)
3(629 560 585)
3(144 585 560)
3(144 629 585)
3(522 72 207)
3(522 207 208)
3(522 208 72)
3(521 584 368)
3(521 368 487)
3(368 584 487)
3(521 487 584)
3(202 67 519)
3(67 66 519)
3(202 519 66)
3(521 235 368)
3(368 235 584)
3(521 584 235)
3(278 518 401)
3(410 401 518)
3(278 410 518)
3(512 19 154)
3(155 512 154)
3(155 19 512)
3(62 198 133)
3(133 198 63)
3(518 278 627)
3(237 278 518)
3(237 518 627)
3(237 627 278)
3(505 520 51)
3(505 187 520)
3(505 51 187)
3(187 51 520)
3(418 512 386)
3(386 512 417)
3(418 417 512)
3(517 149 13)
3(517 13 148)
3(517 148 149)
3(516 232 129)
3(55 516 129)
3(55 232 516)
3(201 65 518)
3(201 518 573)
3(201 573 65)
3(573 518 65)
3(372 515 489)
3(372 475 515)
3(475 489 515)
3(13 517 14)
3(149 14 517)
3(504 80 97)
3(81 504 97)
3(81 80 504)
3(50 185 588)
3(185 186 588)
3(172 513 622)
3(37 513 172)
3(37 172 622)
3(37 622 513)
3(572 176 40)
3(572 175 176)
3(572 40 175)
3(45 181 511)
3(46 511 181)
3(45 511 46)
3(510 329 452)
3(510 453 329)
3(510 452 453)
3(505 396 363)
3(505 363 480)
3(505 480 396)
3(315 566 176)
3(315 176 509)
3(315 509 566)
3(566 509 176)
3(181 511 632)
3(632 511 45)
3(181 632 45)
3(5 647 499)
3(5 499 500)
3(500 499 647)
3(5 500 647)
3(303 163 582)
3(506 303 582)
3(506 582 163)
3(506 163 303)
3(26 536 162)
3(571 162 536)
3(26 162 571)
3(26 571 536)
3(512 508 154)
3(508 19 154)
3(512 19 508)
3(26 507 161)
3(26 25 507)
3(161 507 25)
3(257 506 623)
3(582 257 623)
3(582 506 257)
3(582 623 506)
3(124 180 45)
3(44 180 124)
3(520 51 230)
3(51 505 230)
3(520 230 505)
3(4 499 5)
3(4 647 499)
3(459 584 458)
3(335 584 459)
3(473 608 350)
3(350 608 351)
3(458 615 457)
3(457 615 334)
3(458 334 615)
3(551 606 174)
3(551 223 606)
3(174 606 223)
3(551 174 223)
3(296 297 603)
3(296 603 157)
3(157 603 297)
3(567 412 640)
3(373 567 640)
3(373 640 412)
3(373 412 567)
3(280 411 640)
3(411 540 640)
3(280 640 540)
3(280 540 411)
3(373 411 640)
3(373 640 280)
3(567 645 640)
3(412 640 645)
3(411 580 640)
3(411 540 580)
3(580 540 640)
3(593 429 393)
3(430 593 393)
3(430 429 593)
3(456 577 639)
3(577 534 639)
3(456 534 577)
3(456 639 534)
3(556 639 333)
3(556 333 565)
3(565 333 639)
3(556 565 639)
3(332 639 456)
3(332 577 639)
3(332 456 577)
3(233 534 639)
3(577 534 233)
3(577 233 639)
3(333 639 456)
3(333 332 639)
3(639 534 131)
3(556 534 639)
3(556 131 534)
3(556 639 131)
3(638 415 476)
3(638 575 415)
3(638 476 575)
3(476 415 575)
3(638 384 415)
3(638 415 525)
3(384 525 415)
3(638 525 384)
3(476 638 384)
3(638 569 415)
3(415 569 575)
3(638 575 569)
3(525 569 415)
3(415 569 292)
3(415 292 575)
3(292 569 575)
3(610 484 453)
3(610 516 484)
3(453 484 516)
3(610 453 516)
3(454 610 484)
3(453 610 454)
3(610 516 273)
3(484 610 273)
3(484 273 516)
3(345 540 637)
3(587 637 540)
3(587 345 637)
3(587 540 345)
3(637 468 345)
3(344 637 345)
3(344 468 637)
3(468 540 637)
3(515 637 467)
3(515 475 637)
3(515 467 475)
3(475 467 637)
3(561 560 356)
3(359 356 560)
3(561 359 560)
3(561 356 359)
3(356 560 375)
3(287 560 356)
3(287 375 560)
3(561 560 375)
3(356 561 375)
3(621 407 532)
3(461 407 621)
3(461 621 532)
3(461 532 407)
3(532 488 462)
3(461 488 532)
3(461 532 462)
3(198 407 532)
3(621 407 198)
3(239 280 515)
3(372 515 280)
3(372 239 515)
3(409 636 470)
3(636 554 470)
3(409 470 554)
3(409 554 636)
3(636 412 409)
3(138 522 240)
3(470 522 636)
3(470 522 554)
3(478 591 594)
3(591 564 594)
3(478 564 591)
3(478 594 564)
3(594 478 431)
3(478 591 431)
3(594 431 591)
3(169 564 594)
3(591 169 594)
3(591 564 169)
3(432 594 478)
3(431 594 432)
3(392 563 635)
3(392 635 431)
3(392 431 563)
3(563 431 635)
3(392 635 593)
3(392 430 635)
3(430 593 635)
3(392 593 430)
3(635 542 563)
3(392 542 635)
3(392 563 542)
3(168 542 563)
3(635 542 168)
3(635 168 563)
3(392 542 593)
3(635 593 542)
3(635 431 430)
3(392 542 284)
3(284 542 593)
3(392 284 593)
3(314 437 596)
3(545 596 437)
3(314 596 545)
3(314 545 437)
3(596 313 437)
3(596 314 313)
3(437 545 495)
3(437 495 596)
3(414 290 525)
3(414 525 523)
3(525 290 523)
3(291 525 414)
3(291 290 525)
3(394 533 466)
3(581 466 533)
3(581 394 466)
3(581 533 394)
3(394 533 644)
3(371 533 394)
3(541 581 203)
3(203 581 644)
3(541 203 644)
3(394 533 465)
3(465 533 466)
3(142 355 634)
3(142 634 286)
3(634 355 286)
3(142 141 634)
3(142 634 590)
3(142 590 141)
3(142 143 634)
3(141 634 286)
3(590 142 143)
3(364 483 628)
3(364 628 548)
3(364 548 483)
3(483 548 628)
3(483 628 272)
3(364 272 628)
3(498 562 429)
3(557 562 498)
3(557 498 429)
3(557 429 562)
3(428 562 429)
3(498 562 428)
3(119 222 535)
3(260 119 535)
3(498 589 562)
3(498 557 589)
3(562 589 557)
3(633 376 427)
3(633 427 623)
3(623 427 376)
3(633 623 376)
3(544 597 304)
3(633 597 544)
3(633 304 597)
3(633 544 304)
3(428 597 304)
3(544 597 428)
3(544 428 304)
3(633 303 427)
3(304 633 427)
3(304 303 633)
3(376 597 633)
3(427 633 597)
3(427 597 376)
3(633 303 623)
3(303 427 623)
3(266 120 578)
3(266 622 120)
3(120 622 578)
3(266 578 622)
3(37 622 36)
3(120 622 37)
3(120 36 622)
3(578 222 120)
3(578 266 222)
3(245 517 477)
3(245 247 517)
3(477 517 247)
3(517 149 643)
3(524 643 149)
3(524 517 643)
3(524 149 517)
3(396 555 448)
3(448 555 505)
3(396 505 555)
3(396 448 505)
3(555 400 396)
3(555 448 400)
3(588 448 555)
3(588 505 448)
3(588 555 505)
3(102 103 618)
3(618 103 570)
3(107 626 353)
3(353 626 642)
3(107 353 642)
3(354 514 245)
3(354 101 514)
3(514 101 245)
3(354 527 245)
3(514 527 354)
3(517 608 245)
3(477 245 608)
3(527 608 245)
3(517 608 527)
3(517 527 245)
3(108 12 626)
3(12 13 626)
3(527 608 354)
3(354 608 245)
3(514 245 100)
3(245 626 100)
3(632 552 320)
3(632 320 180)
3(180 320 552)
3(632 180 552)
3(632 511 320)
3(632 552 511)
3(320 511 552)
3(552 607 576)
3(576 607 511)
3(552 576 511)
3(552 511 607)
3(181 320 632)
3(181 511 320)
3(181 180 632)
3(529 631 275)
3(631 614 275)
3(529 275 614)
3(529 614 631)
3(275 584 631)
3(529 584 275)
3(529 631 584)
3(631 275 234)
3(631 132 275)
3(631 234 132)
3(234 631 614)
3(275 234 614)
3(132 584 631)
3(486 614 529)
3(275 486 529)
3(275 614 486)
3(506 257 390)
3(252 257 506)
3(252 506 390)
3(182 183 583)
3(183 47 583)
3(182 583 47)
3(539 419 387)
3(420 539 387)
3(420 419 539)
3(351 352 630)
3(630 352 527)
3(351 527 352)
3(630 351 474)
3(630 474 352)
3(630 608 474)
3(215 251 568)
3(215 568 246)
3(251 246 568)
3(549 553 269)
3(549 269 126)
3(269 553 126)
3(549 126 553)
3(553 399 549)
3(269 549 399)
3(269 399 553)
3(126 549 228)
3(269 228 549)
3(322 583 445)
3(322 321 583)
3(445 583 321)
3(450 595 613)
3(327 450 613)
3(327 595 450)
3(364 641 595)
3(364 595 402)
3(520 271 595)
3(520 480 271)
3(520 595 480)
3(271 480 595)
3(327 450 641)
3(521 336 611)
3(521 611 459)
3(336 459 611)
3(521 459 336)
3(611 197 336)
3(336 197 521)
3(611 521 197)
3(197 196 611)
3(336 611 196)
3(200 65 550)
3(64 550 65)
3(64 200 550)
3(560 210 147)
3(75 560 147)
3(75 210 560)
3(35 222 535)
3(119 35 535)
3(223 37 173)
3(223 173 38)
3(372 541 136)
3(372 279 541)
3(541 279 136)
3(490 283 551)
3(490 551 495)
3(169 563 594)
3(308 169 594)
3(308 563 169)
3(308 594 563)
3(622 261 266)
3(120 261 622)
3(173 606 312)
3(312 606 513)
3(173 312 513)
3(108 212 517)
3(245 517 212)
3(108 517 245)
3(197 61 611)
3(611 61 196)
3(124 45 552)
3(124 552 227)
3(227 552 45)
3(499 84 4)
3(499 5 84)
3(124 180 552)
3(552 180 45)
3(372 541 515)
3(372 515 136)
3(541 136 515)
3(281 240 567)
3(281 567 636)
3(173 513 37)
3(223 37 513)
3(609 133 235)
3(62 609 235)
3(62 133 609)
3(593 557 600)
3(593 498 557)
3(600 557 498)
3(593 600 498)
3(321 583 511)
3(321 182 583)
3(583 182 511)
3(321 511 182)
3(574 283 261)
3(223 574 261)
3(223 283 574)
3(474 288 643)
3(288 630 643)
3(474 643 630)
3(474 630 288)
3(58 194 565)
3(58 565 59)
3(194 59 565)
3(23 22 537)
3(23 537 158)
3(158 537 22)
3(504 0 617)
3(504 617 77)
3(504 77 0)
3(0 77 617)
3(167 557 31)
3(600 557 167)
3(600 167 31)
3(600 31 557)
3(617 504 99)
3(0 99 504)
3(0 617 99)
3(166 557 31)
3(167 557 166)
3(551 596 606)
3(436 551 606)
3(436 596 551)
3(436 606 596)
3(4 11 647)
3(4 107 11)
3(30 589 166)
3(30 166 544)
3(544 166 589)
3(30 544 589)
3(177 543 547)
3(543 42 547)
3(177 42 543)
3(177 547 42)
3(561 602 139)
3(282 139 602)
3(581 343 541)
3(203 541 343)
3(581 203 343)
3(586 253 114)
3(586 250 253)
3(586 114 250)
3(285 491 564)
3(285 564 478)
3(491 478 564)
3(399 361 583)
3(399 583 549)
3(399 549 361)
3(549 583 361)
3(521 197 609)
3(197 61 609)
3(521 61 197)
3(147 287 585)
3(147 585 146)
3(146 585 287)
3(422 546 395)
3(422 421 546)
3(395 546 421)
3(374 382 554)
3(409 554 382)
3(409 374 554)
3(373 240 567)
3(373 567 281)
3(526 442 558)
3(442 318 558)
3(526 558 318)
3(526 318 442)
3(442 558 389)
3(526 442 389)
3(526 389 558)
3(472 558 389)
3(472 442 558)
3(319 318 558)
3(442 319 558)
3(508 292 416)
3(293 292 508)
3(293 508 416)
3(416 508 575)
3(416 575 292)
3(292 575 508)
3(569 291 525)
3(291 415 525)
3(569 415 291)
3(291 151 569)
3(525 151 291)
3(152 151 569)
3(414 415 525)
3(629 356 560)
3(144 560 356)
3(144 356 629)
3(629 287 560)
3(629 356 287)
3(629 287 585)
3(287 560 585)
3(145 629 287)
3(145 585 629)
3(145 287 585)
3(560 359 144)
3(145 629 356)
3(209 602 375)
3(209 375 554)
3(209 554 602)
3(287 560 147)
3(147 560 585)
3(13 212 517)
3(505 396 270)
3(505 270 363)
3(628 272 510)
3(628 510 483)
3(483 510 272)
3(272 516 628)
3(510 628 516)
3(510 516 272)
3(272 129 628)
3(129 516 628)
3(272 516 129)
3(628 272 231)
3(628 231 129)
3(568 379 537)
3(420 537 379)
3(420 568 537)
3(420 379 568)
3(568 251 537)
3(251 379 537)
3(568 379 251)
3(421 537 379)
3(421 420 537)
3(475 540 637)
3(468 540 475)
3(468 475 637)
3(475 587 637)
3(475 540 587)
3(408 401 550)
3(463 550 401)
3(463 408 550)
3(526 543 178)
3(526 178 43)
3(526 43 543)
3(43 178 543)
3(468 540 411)
3(475 411 540)
3(456 405 534)
3(556 456 534)
3(556 534 405)
3(556 405 456)
3(456 485 534)
3(485 405 534)
3(233 534 131)
3(639 233 131)
3(401 278 627)
3(518 401 627)
3(401 370 627)
3(370 278 627)
3(370 627 134)
3(370 550 627)
3(370 134 550)
3(134 627 550)
3(237 370 627)
3(237 627 134)
3(370 550 401)
3(627 401 550)
3(546 298 422)
3(546 299 298)
3(148 626 353)
3(148 107 626)
3(353 626 527)
3(353 626 630)
3(527 353 630)
3(148 626 630)
3(346 206 645)
3(580 645 206)
3(580 206 346)
3(346 207 645)
3(207 206 645)
3(240 640 567)
3(240 645 640)
3(307 431 563)
3(563 431 308)
3(307 563 308)
3(392 591 563)
3(431 591 392)
3(431 563 591)
3(635 307 431)
3(635 563 307)
3(542 392 591)
3(542 591 563)
3(113 251 625)
3(625 251 215)
3(113 625 215)
3(625 537 251)
3(625 113 537)
3(625 251 568)
3(625 568 215)
3(568 625 537)
3(634 560 286)
3(355 286 560)
3(560 286 140)
3(140 286 634)
3(560 561 355)
3(359 355 561)
3(286 561 355)
3(560 561 286)
3(593 635 306)
3(430 306 635)
3(430 593 306)
3(167 635 306)
3(593 167 306)
3(593 635 167)
3(624 114 253)
3(624 253 216)
3(624 216 114)
3(253 624 586)
3(114 586 624)
3(216 624 546)
3(253 546 624)
3(253 216 546)
3(114 24 624)
3(24 25 624)
3(114 624 25)
3(174 606 313)
3(313 606 173)
3(174 173 606)
3(174 596 606)
3(313 596 606)
3(174 596 313)
3(260 564 491)
3(260 491 535)
3(491 564 535)
3(260 535 564)
3(260 564 285)
3(169 564 535)
3(535 564 594)
3(169 535 594)
3(506 390 623)
3(426 390 506)
3(426 506 623)
3(426 623 390)
3(633 616 623)
3(582 623 616)
3(582 616 633)
3(582 633 623)
3(623 427 426)
3(623 426 376)
3(376 616 623)
3(633 616 376)
3(257 616 623)
3(376 616 257)
3(376 257 623)
3(257 390 623)
3(543 496 357)
3(543 267 496)
3(543 357 267)
3(167 593 557)
3(167 600 593)
3(498 429 593)
3(429 557 593)
3(593 498 393)
3(375 554 492)
3(348 492 554)
3(375 348 554)
3(492 561 554)
3(375 561 492)
3(622 574 497)
3(261 622 497)
3(261 574 622)
3(261 497 574)
3(497 604 622)
3(604 531 622)
3(497 531 604)
3(497 622 531)
3(497 604 574)
3(574 604 622)
3(604 172 622)
3(172 531 622)
3(622 497 266)
3(581 466 342)
3(581 342 533)
3(533 342 466)
3(343 342 581)
3(343 581 466)
3(581 489 466)
3(581 394 489)
3(529 486 615)
3(529 615 614)
3(486 614 615)
3(486 615 458)
3(458 615 529)
3(615 614 195)
3(615 195 529)
3(195 614 529)
3(457 486 615)
3(407 460 621)
3(521 621 460)
3(521 407 621)
3(521 460 407)
3(461 338 621)
3(337 621 338)
3(337 461 621)
3(461 460 621)
3(461 338 532)
3(369 532 407)
3(488 407 532)
3(369 488 532)
3(404 454 530)
3(610 454 404)
3(610 404 530)
3(610 530 454)
3(331 330 610)
3(454 610 330)
3(454 331 610)
3(404 455 530)
3(455 454 530)
3(566 572 545)
3(572 315 545)
3(566 545 315)
3(566 315 572)
3(315 545 438)
3(545 314 438)
3(315 314 545)
3(521 584 611)
3(521 611 61)
3(611 584 61)
3(521 61 584)
3(620 423 546)
3(586 546 423)
3(586 423 620)
3(586 620 546)
3(300 423 620)
3(507 620 423)
3(507 300 620)
3(507 423 300)
3(620 299 423)
3(300 299 620)
3(620 299 546)
3(378 423 586)
3(546 378 586)
3(546 423 378)
3(408 370 550)
3(232 191 56)
3(232 55 191)
3(467 541 581)
3(467 581 343)
3(344 515 467)
3(344 343 515)
3(408 532 462)
3(462 532 550)
3(408 550 532)
3(408 462 550)
3(532 488 408)
3(462 339 550)
3(550 339 532)
3(462 532 339)
3(295 294 512)
3(295 512 418)
3(512 294 418)
3(507 536 388)
3(507 388 619)
3(619 388 536)
3(507 619 536)
3(536 424 507)
3(424 388 507)
3(536 388 424)
3(388 586 619)
3(388 619 250)
3(388 250 586)
3(250 619 586)
3(507 388 586)
3(507 586 619)
3(255 388 619)
3(255 619 250)
3(536 619 255)
3(574 490 551)
3(574 551 436)
3(574 436 490)
3(436 551 490)
3(574 490 283)
3(574 283 551)
3(574 490 261)
3(444 511 583)
3(583 511 385)
3(444 583 385)
3(444 385 511)
3(511 444 320)
3(607 320 444)
3(607 444 511)
3(607 511 320)
3(321 511 444)
3(321 320 511)
3(444 321 583)
3(517 288 643)
3(288 149 643)
3(517 149 288)
3(474 289 643)
3(288 643 289)
3(528 404 366)
3(528 366 577)
3(366 404 577)
3(528 577 404)
3(56 528 57)
3(56 192 528)
3(273 366 528)
3(273 528 404)
3(406 584 486)
3(406 458 584)
3(275 584 486)
3(275 406 584)
3(122 349 572)
3(572 349 224)
3(122 572 224)
3(176 572 122)
3(349 176 122)
3(349 572 176)
3(566 572 349)
3(545 566 349)
3(545 349 572)
3(188 231 364)
3(188 364 128)
3(188 128 231)
3(231 628 188)
3(364 628 231)
3(364 188 628)
3(425 506 536)
3(302 425 536)
3(302 536 506)
3(425 506 377)
3(536 425 377)
3(536 377 506)
3(425 536 301)
3(302 301 536)
3(148 517 626)
3(148 626 13)
3(265 547 592)
3(592 547 494)
3(265 592 494)
3(265 494 547)
3(265 225 592)
3(547 592 225)
3(122 225 592)
3(265 122 592)
3(539 296 295)
3(539 419 296)
3(443 444 607)
3(128 595 188)
3(520 595 128)
3(271 520 128)
3(230 128 520)
3(230 520 271)
3(269 538 397)
3(269 362 538)
3(362 397 538)
3(538 397 553)
3(538 553 269)
3(269 553 397)
3(527 354 618)
3(354 514 618)
3(350 354 618)
3(350 527 354)
3(350 618 527)
3(618 354 102)
3(514 102 354)
3(514 642 570)
3(642 527 570)
3(102 618 350)
3(102 101 514)
3(543 317 547)
3(440 543 547)
3(440 547 317)
3(440 317 543)
3(177 317 547)
3(543 317 177)
3(179 318 558)
3(319 179 558)
3(543 317 526)
3(178 317 543)
3(318 179 526)
3(179 178 526)
3(443 558 552)
3(443 552 472)
3(443 472 558)
3(472 552 558)
3(443 552 319)
3(320 319 552)
3(247 517 212)
3(558 552 319)
3(443 558 319)
3(508 242 512)
3(508 512 383)
3(508 383 242)
3(242 383 512)
3(111 242 512)
3(111 512 508)
3(111 508 242)
3(214 242 512)
3(111 214 512)
3(555 588 538)
3(588 448 538)
3(555 538 448)
3(447 538 448)
3(447 400 538)
3(448 538 400)
3(399 583 385)
3(583 445 385)
3(399 445 583)
3(368 276 521)
3(487 521 276)
3(521 487 460)
3(521 459 487)
3(521 460 459)
3(112 539 512)
3(112 512 249)
3(112 249 539)
3(512 539 249)
3(5 647 101)
3(101 647 100)
3(481 434 578)
3(434 433 578)
3(310 531 578)
3(310 578 171)
3(531 171 578)
3(531 578 434)
3(310 434 578)
3(112 512 20)
3(112 214 512)
3(20 512 214)
3(531 481 434)
3(531 578 481)
3(545 224 263)
3(545 263 121)
3(545 121 224)
3(414 601 391)
3(413 391 601)
3(523 601 391)
3(523 391 414)
3(243 523 601)
3(391 243 601)
3(391 523 243)
3(340 518 464)
3(340 573 518)
3(340 464 573)
3(518 341 464)
3(518 464 533)
3(533 464 341)
3(518 533 341)
3(413 601 289)
3(289 601 290)
3(104 642 570)
3(104 570 105)
3(104 105 642)
3(2 4 499)
3(384 391 525)
3(384 525 358)
3(525 391 358)
3(516 232 610)
3(273 232 516)
3(273 610 232)
3(322 553 183)
3(183 553 323)
3(322 323 553)
3(28 582 218)
3(116 218 582)
3(116 582 28)
3(288 630 517)
3(30 31 589)
3(117 30 589)
3(117 589 31)
3(34 564 535)
3(169 564 34)
3(169 34 535)
3(137 239 587)
3(137 587 70)
3(587 239 70)
3(71 137 206)
3(137 70 206)
3(24 546 624)
3(160 624 546)
3(160 546 24)
3(160 24 624)
3(166 31 589)
3(113 537 23)
3(22 537 113)
3(313 606 312)
3(197 521 337)
3(337 521 336)
3(276 521 235)
3(536 217 255)
3(536 619 217)
3(619 255 217)
3(9 501 10)
3(9 570 501)
3(9 10 570)
3(648 141 144)
3(634 648 144)
3(634 141 648)
3(94 503 78)
3(95 78 503)
3(53 128 188)
3(303 506 426)
3(303 302 506)
3(410 533 465)
3(410 394 533)
3(362 538 126)
3(269 126 538)
3(645 240 71)
3(645 71 72)
3(31 600 220)
3(220 600 167)
3(31 220 167)
3(436 437 596)
3(313 436 596)
3(504 80 96)
3(166 557 589)
3(589 557 31)
3(284 593 600)
3(593 393 600)
3(284 393 593)
3(284 600 393)
3(206 587 205)
3(205 587 70)
3(206 70 587)
3(561 382 492)
3(554 492 382)
3(561 554 382)
3(155 294 512)
3(295 155 512)
3(206 640 137)
3(137 640 71)
3(206 71 640)
3(194 615 333)
3(333 615 565)
3(194 333 565)
3(194 565 615)
3(144 147 648)
3(560 144 648)
3(560 147 144)
3(560 648 147)
3(550 463 339)
3(550 462 463)
3(569 152 153)
3(569 153 17)
3(147 648 141)
3(147 141 144)
3(280 206 587)
3(280 587 540)
3(206 540 587)
3(280 540 206)
3(543 496 547)
3(357 543 547)
3(357 547 496)
3(544 165 166)
3(544 30 165)
3(85 499 5)
3(144 634 560)
3(64 550 236)
3(134 236 550)
3(134 550 64)
3(127 505 50)
3(505 229 50)
3(127 229 505)
3(520 52 187)
3(259 254 597)
3(219 597 254)
3(259 597 219)
3(234 59 614)
3(614 59 631)
3(234 631 59)
3(236 199 550)
3(236 64 199)
3(64 550 199)
3(29 544 165)
3(544 164 165)
3(29 164 544)
3(362 229 555)
3(270 555 229)
3(270 362 555)
3(633 616 544)
3(633 597 616)
3(597 544 616)
3(427 597 304)
3(428 597 427)
3(452 483 510)
3(403 510 483)
3(403 452 510)
3(507 300 571)
3(161 571 300)
3(161 507 571)
3(161 300 507)
3(82 83 559)
3(146 82 559)
3(146 559 83)
3(113 579 216)
3(23 216 579)
3(113 23 579)
3(395 546 378)
3(395 253 546)
3(546 253 378)
3(260 481 535)
3(491 535 481)
3(311 531 435)
3(435 531 434)
3(364 595 188)
3(128 595 364)
3(549 228 48)
3(549 48 126)
3(616 254 257)
3(116 254 616)
3(116 616 257)
3(549 269 361)
3(549 361 228)
3(366 528 130)
3(273 130 528)
3(459 584 406)
3(325 448 505)
3(449 325 505)
3(449 505 448)
3(355 282 561)
3(195 59 615)
3(195 615 194)
3(194 615 59)
3(554 522 73)
3(138 554 73)
3(138 73 522)
3(553 538 48)
3(184 553 48)
3(184 48 538)
3(506 115 536)
3(506 536 27)
3(506 27 115)
3(543 225 42)
3(543 123 225)
3(543 42 123)
3(271 595 128)
3(582 218 506)
3(218 28 506)
3(582 506 28)
3(591 285 258)
3(591 258 221)
3(591 221 285)
3(183 549 47)
3(48 549 183)
3(48 47 549)
3(587 280 515)
3(239 280 587)
3(239 587 515)
3(141 80 504)
3(141 504 559)
3(141 559 80)
3(80 559 504)
3(361 583 385)
3(36 120 578)
3(36 578 222)
3(284 542 258)
3(542 118 258)
3(284 118 542)
3(163 506 162)
3(506 27 162)
3(163 27 506)
3(435 604 606)
3(435 606 574)
3(435 574 604)
3(230 52 520)
3(554 208 73)
3(554 522 208)
3(208 522 73)
3(527 618 351)
3(527 104 618)
3(527 351 104)
3(104 351 618)
3(312 604 606)
3(312 435 604)
3(312 606 435)
3(29 633 616)
3(29 616 544)
3(29 544 633)
3(589 600 498)
3(256 589 498)
3(256 498 600)
3(256 600 589)
3(498 589 259)
3(259 589 562)
3(498 259 562)
3(557 589 600)
3(562 544 557)
3(589 557 544)
3(589 544 562)
3(589 259 256)
3(3 502 617)
3(3 617 92)
3(502 92 617)
3(617 99 502)
3(617 3 99)
3(502 504 617)
3(502 77 504)
3(502 617 77)
3(616 582 29)
3(616 116 582)
3(616 29 116)
3(116 29 582)
3(508 293 154)
3(508 153 293)
3(508 154 153)
3(78 590 141)
3(78 142 590)
3(141 504 78)
3(141 77 504)
3(504 77 78)
3(78 80 141)
3(78 590 80)
3(78 80 504)
3(344 515 637)
3(467 344 637)
3(344 205 515)
3(344 515 204)
3(205 204 515)
3(344 205 637)
3(205 515 637)
3(465 533 341)
3(342 341 533)
3(342 533 465)
3(543 267 526)
3(267 496 526)
3(543 526 496)
3(267 526 123)
3(543 267 123)
3(543 123 526)
3(267 526 226)
3(226 526 123)
3(167 557 306)
3(306 557 166)
3(429 306 593)
3(306 557 593)
3(429 557 306)
3(226 44 179)
3(226 180 44)
3(226 179 180)
3(603 420 537)
3(603 297 420)
3(603 537 297)
3(537 420 297)
3(420 568 603)
3(537 603 568)
3(420 539 603)
3(420 568 539)
3(539 568 603)
3(22 568 537)
3(603 22 537)
3(603 568 22)
3(296 420 603)
3(373 240 640)
3(373 137 640)
3(137 240 640)
3(411 645 640)
3(645 580 640)
3(491 535 594)
3(535 433 594)
3(491 433 535)
3(491 564 594)
3(309 433 594)
3(535 433 309)
3(535 309 594)
3(204 203 541)
3(204 541 343)
3(616 597 376)
3(254 616 376)
3(254 597 616)
3(254 376 597)
3(257 616 582)
3(29 633 582)
3(303 623 582)
3(303 582 633)
3(274 556 405)
3(274 367 556)
3(556 367 405)
3(507 424 571)
3(424 300 571)
3(507 300 424)
3(571 536 424)
3(571 507 536)
3(472 264 552)
3(360 552 264)
3(360 472 552)
3(301 300 571)
3(424 301 571)
3(515 541 489)
3(489 541 467)
3(515 489 467)
3(372 541 489)
3(489 279 541)
3(76 92 617)
3(77 617 92)
3(77 76 617)
3(8 646 647)
3(570 8 647)
3(570 647 646)
3(353 106 642)
3(620 507 586)
3(160 586 507)
3(160 620 586)
3(160 507 620)
3(423 388 586)
3(423 586 507)
3(423 507 388)
3(388 586 378)
3(440 496 547)
3(543 496 440)
3(440 479 547)
3(479 496 547)
3(562 544 305)
3(305 544 557)
3(562 305 557)
3(305 166 544)
3(305 544 165)
3(562 428 305)
3(562 544 428)
3(305 428 544)
3(166 544 557)
3(305 166 557)
3(422 546 378)
3(591 478 285)
3(591 285 564)
3(478 258 591)
3(591 563 594)
3(169 563 591)
3(515 475 587)
3(515 587 637)
3(475 280 515)
3(587 280 475)
3(564 285 119)
3(260 564 119)
3(258 542 392)
3(258 591 542)
3(258 392 591)
3(33 542 563)
3(168 33 563)
3(168 542 33)
3(591 33 542)
3(591 563 33)
3(550 463 573)
3(463 339 573)
3(550 573 339)
3(401 573 550)
3(401 463 573)
3(340 339 573)
3(463 340 573)
3(591 392 478)
3(309 594 308)
3(309 169 594)
3(366 577 485)
3(366 534 577)
3(534 485 577)
3(366 485 534)
3(130 366 577)
3(130 577 528)
3(404 577 485)
3(284 542 600)
3(593 600 542)
3(366 577 233)
3(233 577 130)
3(615 457 333)
3(615 556 457)
3(615 333 556)
3(457 556 333)
3(333 615 334)
3(556 486 615)
3(457 486 556)
3(362 538 400)
3(362 555 538)
3(362 400 555)
3(555 400 538)
3(362 538 229)
3(229 538 126)
3(400 397 538)
3(229 555 538)
3(127 505 51)
3(50 51 505)
3(348 471 554)
3(492 554 471)
3(282 554 374)
3(282 382 554)
3(486 556 614)
3(486 614 367)
3(614 556 367)
3(486 367 556)
3(556 614 615)
3(614 367 275)
3(614 59 615)
3(614 195 59)
3(505 613 480)
3(505 520 613)
3(505 480 520)
3(520 480 613)
3(218 257 506)
3(252 218 506)
3(310 535 171)
3(171 535 578)
3(310 578 535)
3(326 449 505)
3(505 449 613)
3(326 505 613)
3(326 613 449)
3(480 595 613)
3(450 480 613)
3(326 613 327)
3(450 613 326)
3(566 439 494)
3(566 494 509)
3(566 509 439)
3(494 439 509)
3(566 439 438)
3(566 438 494)
3(494 592 566)
3(509 592 494)
3(509 566 592)
3(494 592 349)
3(349 592 566)
3(494 349 566)
3(205 587 345)
3(637 205 345)
3(637 587 205)
3(411 640 412)
3(206 587 345)
3(361 511 385)
3(361 583 511)
3(511 385 268)
3(511 268 361)
3(224 545 572)
3(545 39 572)
3(224 39 545)
3(597 482 562)
3(428 482 597)
3(428 562 482)
3(428 597 562)
3(259 482 597)
3(597 482 254)
3(562 597 259)
3(562 259 482)
3(471 554 409)
3(471 470 554)
3(162 27 536)
3(199 339 532)
3(550 199 532)
3(550 339 199)
3(338 339 532)
3(236 199 532)
3(550 236 532)
3(258 118 591)
3(221 591 118)
3(497 434 531)
3(497 531 481)
3(231 189 188)
3(189 628 188)
3(231 628 189)
3(179 526 558)
3(514 101 100)
3(108 626 100)
3(245 626 108)
3(380 539 419)
3(380 387 539)
3(547 316 612)
3(612 316 509)
3(547 509 316)
3(547 612 509)
3(177 612 316)
3(316 612 176)
3(177 176 612)
3(547 177 612)
3(547 316 177)
3(509 612 176)
3(316 509 176)
3(439 316 547)
3(509 316 439)
3(509 439 547)
3(611 584 459)
3(611 459 335)
3(611 335 584)
3(459 521 584)
3(336 335 611)
3(455 530 577)
3(455 577 404)
3(530 404 577)
3(485 577 456)
3(577 455 485)
3(456 455 577)
3(397 553 447)
3(397 447 538)
3(447 553 538)
3(553 538 126)
3(553 126 48)
3(126 538 48)
3(446 397 553)
3(447 446 553)
3(395 253 579)
3(546 579 253)
3(546 395 579)
3(248 253 579)
3(395 248 579)
3(248 579 216)
3(248 113 579)
3(583 549 553)
3(583 553 399)
3(183 553 583)
3(549 183 583)
3(549 553 183)
3(610 484 404)
3(609 198 276)
3(609 276 133)
3(609 133 198)
3(133 276 198)
3(276 521 609)
3(276 609 235)
3(521 609 198)
3(521 198 276)
3(198 521 197)
3(198 197 609)
3(325 448 588)
3(505 325 588)
3(229 505 588)
3(555 229 588)
3(555 505 229)
3(229 50 588)
3(588 324 448)
3(132 235 584)
3(350 608 354)
3(527 608 350)
3(247 643 517)
3(350 477 608)
3(608 474 643)
3(474 643 473)
3(162 506 302)
3(162 302 536)
3(162 536 506)
3(501 598 647)
3(499 501 647)
3(499 647 598)
3(390 506 425)
3(493 545 495)
3(493 437 545)
3(322 183 583)
3(322 583 182)
3(391 414 525)
3(391 525 523)
3(384 414 525)
3(303 164 582)
3(398 576 607)
3(398 607 444)
3(607 576 444)
3(398 444 576)
3(398 552 607)
3(398 576 552)
3(443 398 607)
3(398 552 443)
3(213 638 569)
3(574 551 606)
3(574 606 436)
3(313 606 436)
3(436 606 312)
3(551 223 574)
3(223 606 574)
3(574 435 436)
3(436 435 606)
3(151 523 290)
3(171 170 535)
3(310 535 170)
3(418 605 539)
3(418 380 605)
3(380 539 605)
3(418 539 380)
3(512 418 605)
3(512 539 418)
3(512 605 539)
3(605 386 418)
3(605 512 386)
3(562 429 305)
3(604 497 435)
3(604 435 531)
3(531 435 497)
3(513 312 604)
3(435 574 497)
3(604 311 435)
3(604 312 311)
3(604 622 513)
3(574 513 622)
3(383 508 417)
3(512 417 508)
3(383 417 512)
3(383 244 508)
3(244 242 508)
3(464 410 518)
3(464 533 410)
3(518 410 533)
3(326 325 505)
3(171 35 535)
3(535 35 170)
3(59 614 565)
3(131 614 59)
3(131 59 565)
3(131 565 614)
3(498 600 393)
3(256 393 600)
3(58 639 57)
3(233 57 639)
3(58 233 639)
3(190 516 628)
3(129 190 628)
3(129 516 190)
3(53 188 231)
3(53 231 189)
3(83 504 0)
3(99 504 83)
3(364 628 328)
3(548 328 628)
3(364 328 548)
3(7 6 500)
3(7 647 6)
3(7 500 647)
3(6 647 500)
3(6 500 86)
3(7 86 500)
3(172 578 171)
3(36 171 578)
3(36 578 172)
3(389 526 496)
3(389 441 526)
3(441 496 526)
3(565 193 194)
3(565 58 193)
3(180 558 319)
3(180 179 558)
3(130 528 57)
3(502 93 77)
3(502 77 92)
3(176 40 122)
3(40 572 122)
3(76 3 617)
3(63 236 199)
3(236 198 199)
3(63 198 236)
3(364 641 188)
3(595 188 641)
3(410 518 371)
3(278 371 518)
3(577 57 233)
3(577 130 57)
3(172 513 604)
3(138 522 72)
3(266 622 531)
3(266 531 497)
3(324 538 448)
3(447 538 324)
3(612 41 177)
3(547 177 41)
3(547 41 612)
3(550 573 627)
3(65 573 550)
3(65 550 627)
3(65 627 573)
3(538 184 588)
3(588 184 49)
3(538 588 49)
3(538 49 184)
3(407 198 369)
3(276 369 198)
3(276 198 407)
3(24 216 546)
3(216 23 546)
3(24 546 23)
3(547 225 543)
3(357 543 225)
3(225 42 547)
3(193 639 57)
3(193 58 639)
3(173 513 172)
3(328 628 188)
3(411 645 412)
3(214 249 512)
3(249 242 512)
3(516 453 403)
3(516 403 484)
3(564 591 34)
3(221 591 564)
3(221 564 34)
3(221 34 591)
3(262 384 638)
3(384 358 638)
3(266 260 578)
3(150 15 524)
3(14 524 15)
3(15 523 16)
3(151 16 523)
3(533 464 465)
3(342 202 533)
3(533 202 341)
3(530 528 610)
3(191 610 528)
3(191 530 610)
3(191 528 530)
3(398 552 472)
3(77 503 93)
3(502 503 77)
3(194 615 334)
3(198 369 532)
3(229 588 538)
3(156 539 296)
3(156 295 539)
3(490 574 497)
3(435 574 490)
3(141 504 0)
3(504 559 0)
3(141 0 559)
3(592 349 176)
3(122 592 176)
3(122 349 592)
3(512 20 539)
3(212 517 14)
3(564 535 119)
3(564 119 34)
3(34 119 535)
3(327 595 641)
3(535 35 578)
3(222 578 35)
3(139 75 560)
3(75 140 560)
3(139 560 140)
3(147 140 141)
3(147 648 140)
3(140 648 141)
3(212 517 524)
3(212 524 14)
3(524 517 14)
3(583 322 553)
3(554 382 471)
3(101 6 647)
3(6 5 647)
3(141 77 599)
3(141 0 77)
3(599 77 0)
3(141 599 0)
3(157 156 603)
3(296 603 156)
3(296 539 603)
3(420 539 296)
3(266 578 481)
3(266 531 578)
3(266 481 531)
3(190 516 510)
3(190 510 628)
3(2 91 598)
3(2 598 1)
3(241 602 554)
3(241 282 602)
3(241 554 282)
3(210 209 602)
3(375 210 602)
3(561 560 602)
3(375 602 560)
3(274 534 131)
3(381 247 601)
3(381 601 243)
3(243 601 247)
3(601 643 247)
3(289 413 643)
3(601 289 643)
3(601 524 523)
3(243 523 524)
3(243 524 601)
3(289 149 524)
3(289 643 149)
3(289 524 643)
3(157 537 297)
3(157 603 537)
3(157 537 158)
3(256 600 117)
3(117 600 589)
3(256 117 589)
3(256 600 220)
3(117 220 600)
3(220 284 600)
3(256 600 284)
3(147 140 599)
3(140 141 599)
3(147 599 141)
3(140 76 599)
3(140 599 77)
3(76 77 599)
3(599 75 140)
3(75 147 140)
3(599 147 75)
3(615 614 565)
3(59 615 565)
3(75 560 74)
3(139 74 560)
3(167 168 635)
3(167 542 168)
3(167 635 542)
3(307 635 167)
3(168 635 307)
3(598 499 2)
3(598 2 4)
3(598 4 499)
3(11 598 647)
3(501 598 11)
3(11 598 4)
3(4 598 647)
3(254 219 616)
3(597 616 219)
3(482 597 427)
3(116 219 616)
3(376 597 482)
3(195 615 334)
3(539 387 568)
3(420 568 387)
3(539 246 568)
3(387 568 246)
3(387 246 539)
3(539 215 568)
3(539 246 215)
3(596 495 436)
3(436 495 551)
3(134 277 550)
3(236 550 277)
3(532 408 277)
3(532 277 550)
3(408 550 277)
3(595 271 364)
3(595 402 271)
3(328 641 188)
3(364 328 188)
3(364 641 328)
3(309 432 594)
3(491 594 478)
3(432 594 308)
3(307 635 306)
3(392 593 393)
3(561 359 382)
3(561 382 355)
3(561 359 492)
3(574 622 223)
3(261 223 622)
3(513 622 223)
3(513 223 574)
3(270 505 555)
3(270 555 396)
3(547 509 592)
3(494 509 547)
3(509 592 612)
3(547 612 592)
3(265 592 349)
3(349 176 566)
3(176 592 566)
3(299 160 546)
3(160 159 546)
3(299 546 159)
3(329 516 510)
3(329 510 190)
3(202 203 533)
3(202 519 203)
3(519 533 203)
3(202 533 519)
3(203 533 342)
3(553 184 183)
3(431 563 594)
3(542 118 591)
3(33 118 591)
3(542 118 33)
3(79 142 590)
3(79 590 78)
3(143 590 79)
3(554 209 208)
3(554 348 209)
3(554 208 348)
3(117 589 219)
3(259 219 589)
3(117 259 589)
3(562 597 589)
3(259 589 597)
3(144 359 634)
3(560 210 287)
3(147 144 585)
3(561 560 139)
3(139 560 602)
3(327 641 188)
3(196 335 529)
3(196 584 335)
3(196 529 584)
3(529 196 195)
3(264 558 124)
3(226 124 558)
3(526 226 179)
3(226 558 179)
3(552 558 124)
3(264 558 552)
3(264 552 124)
3(535 433 310)
3(535 310 309)
3(547 439 479)
3(547 440 439)
3(508 416 383)
3(508 417 416)
3(556 457 405)
3(556 405 486)
3(614 367 234)
3(324 538 588)
3(324 588 184)
3(185 184 588)
3(445 444 583)
3(125 511 583)
3(125 583 47)
3(583 511 47)
3(361 583 125)
3(511 361 125)
3(587 280 137)
3(137 280 206)
3(587 137 206)
3(280 475 540)
3(253 378 586)
3(253 586 546)
3(25 586 114)
3(114 586 217)
3(586 25 160)
3(25 507 160)
3(378 586 250)
3(136 239 515)
3(510 452 548)
3(483 548 452)
3(510 548 483)
3(190 189 628)
3(190 510 189)
3(510 328 452)
3(510 329 328)
3(54 628 190)
3(189 628 54)
3(510 328 548)
3(548 328 452)
3(163 506 302)
3(390 506 377)
3(357 543 123)
3(115 217 536)
3(26 536 217)
3(613 187 326)
3(585 559 147)
3(146 559 585)
3(146 147 559)
3(144 559 147)
3(145 144 629)
3(559 145 146)
3(145 585 146)
3(406 584 487)
3(368 584 406)
3(459 584 487)
3(196 584 611)
3(196 611 335)
3(399 583 446)
3(553 446 583)
3(553 399 446)
3(583 446 445)
3(549 47 583)
3(549 125 583)
3(549 47 125)
3(212 524 247)
3(109 524 212)
3(109 247 524)
3(517 247 524)
3(247 643 524)
3(116 257 582)
3(582 257 218)
3(633 582 164)
3(164 582 29)
3(633 164 29)
3(623 506 303)
3(404 528 610)
3(530 528 404)
3(455 331 530)
3(331 454 530)
3(489 467 581)
3(581 467 466)
3(489 581 541)
3(489 541 394)
3(647 102 514)
3(647 570 102)
3(8 7 647)
3(8 646 7)
3(7 646 647)
3(580 469 540)
3(469 411 540)
3(469 580 345)
3(346 345 580)
3(206 580 640)
3(206 640 645)
3(579 379 251)
3(579 251 248)
3(579 248 379)
3(537 421 579)
3(546 421 537)
3(546 579 421)
3(546 537 579)
3(537 379 579)
3(379 421 579)
3(209 74 602)
3(74 73 602)
3(209 602 73)
3(337 198 521)
3(298 537 546)
3(421 298 546)
3(421 537 298)
3(298 537 159)
3(546 298 159)
3(158 537 159)
3(219 30 589)
3(260 578 481)
3(507 424 423)
3(267 389 526)
3(526 442 441)
3(211 523 109)
3(109 523 243)
3(601 524 150)
3(150 524 523)
3(330 453 516)
3(330 610 453)
3(330 516 610)
3(516 453 510)
3(516 510 403)
3(403 510 453)
3(516 453 329)
3(365 484 516)
3(403 365 516)
3(236 369 198)
3(369 133 198)
3(236 198 133)
3(236 532 198)
3(236 369 532)
3(234 131 614)
3(505 186 326)
3(505 187 186)
3(505 326 187)
3(77 78 503)
3(504 77 503)
3(504 503 78)
3(332 577 192)
3(193 192 577)
3(332 193 577)
3(332 530 577)
3(332 455 530)
3(332 577 455)
3(556 456 639)
3(577 57 639)
3(577 192 530)
3(332 530 192)
3(380 539 249)
3(605 249 539)
3(249 539 246)
3(112 246 539)
3(398 576 360)
3(576 552 360)
3(398 360 552)
3(576 444 511)
3(268 511 576)
3(268 576 385)
3(511 385 576)
3(398 576 268)
3(352 353 630)
3(148 517 630)
3(252 506 377)
3(416 383 575)
3(508 575 383)
3(416 575 415)
3(476 262 575)
3(244 575 262)
3(476 575 244)
3(262 638 476)
3(262 575 638)
3(476 383 575)
3(416 476 575)
3(525 358 211)
3(525 110 358)
3(477 608 354)
3(350 527 351)
3(554 636 374)
3(409 374 636)
3(554 138 374)
3(347 554 471)
3(347 470 554)
3(518 237 135)
3(278 518 135)
3(371 519 518)
3(533 371 518)
3(533 518 519)
3(229 270 505)
3(127 270 505)
3(449 505 396)
3(340 573 200)
3(340 201 573)
3(201 200 573)
3(200 339 573)
3(315 175 572)
3(175 545 572)
3(315 545 175)
3(545 438 566)
3(438 315 566)
3(176 566 572)
3(176 315 572)
3(493 566 545)
3(438 566 493)
3(438 493 545)
3(172 531 578)
3(172 578 622)
3(531 622 578)
3(493 545 349)
3(493 263 545)
3(263 349 545)
3(566 349 493)
3(301 161 571)
3(162 571 301)
3(162 161 571)
3(301 571 536)
3(424 301 536)
3(301 162 536)
3(294 508 512)
3(294 512 417)
3(294 417 508)
3(294 512 154)
3(294 508 154)
3(505 449 480)
3(480 449 613)
3(480 363 520)
3(271 520 363)
3(315 566 439)
3(505 187 613)
3(363 520 505)
3(624 24 216)
3(204 343 515)
3(504 82 81)
3(206 540 640)
3(588 185 49)
3(515 541 69)
3(136 69 541)
3(136 515 69)
3(337 460 521)
3(337 621 460)
3(337 521 621)
3(205 69 587)
3(515 587 69)
3(205 587 515)
3(205 515 69)
3(204 68 541)
3(541 68 203)
3(522 645 207)
3(72 207 645)
3(501 89 10)
3(501 10 90)
3(60 61 631)
3(60 631 132)
3(132 631 61)
3(176 509 592)
3(176 592 612)
3(70 69 587)
3(412 469 645)
3(401 573 627)
3(568 387 251)
3(568 379 387)
3(546 216 579)
3(23 546 579)
3(500 8 88)
3(500 87 8)
3(544 597 589)
3(562 597 544)
3(104 527 570)
3(22 625 537)
3(568 625 22)
3(255 536 115)
3(143 590 80)
3(79 80 590)
3(647 514 101)
3(196 631 60)
3(164 633 303)
3(365 516 129)
3(272 516 365)
3(48 549 553)
3(48 553 183)
3(573 464 463)
3(267 526 264)
3(179 226 43)
3(12 514 4)
3(280 137 640)
3(552 180 319)
3(172 622 36)
3(307 635 430)
3(288 630 352)
3(545 224 349)
3(610 191 330)
3(610 331 191)
3(219 544 589)
3(539 568 21)
3(603 21 568)
3(603 539 21)
3(263 551 121)
3(283 121 551)
3(618 350 103)
3(310 433 578)
3(171 35 578)
3(41 225 547)
3(41 592 225)
3(41 547 592)
3(316 317 547)
3(49 229 588)
3(49 538 229)
3(49 50 588)
3(512 539 295)
3(552 558 180)
3(180 558 124)
3(168 169 563)
3(33 563 169)
3(191 232 610)
3(516 232 191)
3(516 191 610)
3(603 157 21)
3(603 21 156)
3(216 253 579)
3(550 370 277)
3(157 603 22)
3(157 22 537)
3(43 123 543)
3(43 543 42)
3(62 61 609)
3(197 62 609)
3(122 176 41)
3(546 159 24)
3(523 15 109)
3(523 109 524)
3(523 524 15)
3(109 15 524)
3(113 625 22)
3(22 625 215)
3(22 21 603)
3(602 210 74)
3(219 597 589)
3(544 597 219)
3(573 65 200)
3(520 363 230)
3(71 640 240)
3(645 640 71)
3(577 57 193)
3(577 193 639)
3(456 333 556)
3(58 131 639)
3(333 193 639)
3(193 332 639)
3(501 500 8)
3(501 8 88)
3(179 526 43)
3(43 526 226)
3(245 517 626)
3(211 523 16)
3(15 523 211)
3(525 523 16)
3(211 523 525)
3(8 570 501)
3(8 9 570)
3(8 501 9)
3(618 104 570)
3(618 103 104)
3(232 191 528)
3(528 191 56)
3(425 536 424)
3(398 385 576)
3(444 576 385)
3(542 118 220)
3(542 32 118)
3(36 35 578)
3(169 591 34)
3(1 4 598)
3(556 615 565)
3(131 58 565)
3(551 121 545)
3(210 375 560)
3(494 493 566)
3(103 7 646)
3(102 646 7)
3(115 252 536)
3(252 506 115)
3(252 536 506)
3(509 315 316)
3(181 182 511)
3(46 511 182)
3(196 631 195)
3(60 195 631)
3(525 523 151)
3(347 207 645)
3(106 11 570)
3(10 106 570)
3(239 587 69)
3(515 239 69)
3(1 4 11)
3(501 8 647)
3(504 80 503)
3(96 503 80)
3(293 294 508)
3(615 334 529)
3(329 510 189)
3(573 550 200)
3(504 559 83)
3(83 559 0)
3(559 504 82)
3(559 82 81)
3(559 81 504)
3(622 223 37)
3(479 547 494)
3(439 494 547)
3(120 622 223)
3(101 647 102)
3(284 542 220)
3(220 542 600)
3(627 65 518)
3(237 65 627)
3(472 558 264)
3(558 389 264)
3(498 482 562)
3(303 426 623)
3(578 622 36)
3(552 45 632)
3(552 511 45)
3(153 292 508)
3(227 45 511)
3(612 41 176)
3(386 512 383)
3(589 600 31)
3(241 554 73)
3(241 138 554)
3(140 560 147)
3(546 624 586)
3(0 3 617)
3(0 617 76)
3(292 575 153)
3(508 153 575)
3(523 525 358)
3(350 618 351)
3(161 571 26)
3(529 631 195)
3(196 631 529)
3(542 168 32)
3(78 503 80)
3(79 80 503)
3(78 80 79)
3(78 79 503)
3(0 599 147)
3(28 582 29)
3(210 560 74)
3(575 262 213)
3(576 227 552)
3(576 511 227)
3(227 511 552)
3(338 532 462)
3(460 521 336)
3(545 175 39)
3(545 174 175)
3(545 39 174)
3(547 440 316)
3(219 544 616)
3(238 644 371)
3(135 67 519)
3(238 135 519)
3(238 519 67)
3(399 553 397)
3(26 507 536)
3(26 571 507)
3(9 104 570)
3(105 9 570)
3(217 507 536)
3(217 26 507)
3(203 581 533)
3(203 533 644)
3(533 581 644)
3(569 575 153)
3(292 569 153)
3(213 575 569)
3(213 638 575)
3(519 203 67)
3(213 575 153)
3(569 213 153)
3(82 83 504)
3(215 568 21)
3(539 215 21)
3(537 23 579)
3(22 568 21)
3(215 568 22)
3(500 8 647)
3(500 647 501)
3(102 6 647)
3(470 469 645)
3(281 567 412)
3(281 412 636)
3(175 39 572)
3(539 246 380)
3(203 581 342)
3(565 333 193)
3(565 193 639)
3(626 12 107)
3(148 12 626)
3(285 221 564)
3(119 564 221)
3(168 308 563)
3(54 628 129)
3(431 308 594)
3(33 591 169)
3(381 601 391)
3(203 519 644)
3(554 209 73)
3(41 42 547)
3(62 609 198)
3(561 492 356)
3(241 73 602)
3(74 241 602)
3(602 560 74)
3(210 560 602)
3(503 93 78)
3(554 73 602)
3(286 560 139)
3(347 554 348)
3(71 206 645)
3(207 71 645)
3(602 139 74)
3(60 631 234)
3(559 141 144)
3(559 147 141)
3(634 141 140)
3(145 81 559)
3(145 559 82)
3(559 144 81)
3(443 442 558)
3(281 409 636)
3(124 226 180)
3(600 31 117)
3(557 429 305)
3(306 305 557)
3(456 457 556)
3(367 614 131)
3(556 367 131)
3(556 131 614)
3(127 363 505)
3(139 241 602)
3(322 583 446)
3(556 614 565)
3(270 400 555)
3(223 283 551)
3(241 374 554)
3(347 554 208)
3(520 51 52)
3(559 144 80)
3(559 80 81)
3(47 549 228)
3(553 446 322)
3(553 446 323)
3(227 552 360)
3(124 552 360)
3(337 621 198)
3(45 632 180)
3(174 173 223)
3(200 199 550)
3(339 200 550)
3(134 550 65)
3(501 11 91)
3(501 90 11)
3(474 413 643)
3(361 125 549)
3(549 125 228)
3(182 511 47)
3(548 452 451)
3(548 641 364)
3(510 548 628)
3(186 325 505)
3(479 357 547)
3(479 547 265)
3(160 546 620)
3(160 620 299)
3(103 618 351)
3(160 546 586)
3(160 624 586)
3(314 545 174)
3(314 175 545)
3(314 596 174)
3(438 437 545)
3(127 505 230)
3(544 304 164)
3(544 164 633)
3(304 633 164)
3(544 304 165)
3(304 305 544)
3(543 317 441)
3(543 441 526)
3(218 506 115)
3(167 542 600)
3(518 66 135)
3(167 593 542)
3(521 198 621)
3(521 407 198)
3(441 543 440)
3(177 178 543)
3(42 543 178)
3(487 407 521)
3(541 644 136)
3(541 644 68)
3(68 644 136)
3(541 68 136)
3(640 280 206)
3(496 441 543)
3(135 519 518)
3(371 519 135)
3(371 135 518)
3(156 539 603)
3(215 539 112)
3(447 538 323)
3(341 202 518)
3(553 323 447)
3(51 186 505)
3(395 421 579)
3(379 395 579)
3(421 537 297)
3(217 507 619)
3(377 536 424)
3(170 535 309)
3(170 169 535)
3(309 535 169)
3(170 535 34)
3(35 34 535)
3(485 274 534)
3(274 405 534)
3(135 519 66)
3(66 519 518)
3(363 505 230)
3(533 202 518)
3(533 371 410)
3(202 518 519)
3(219 29 616)
3(277 488 532)
3(277 532 369)
3(365 516 273)
3(232 516 365)
3(277 236 532)
3(508 19 18)
3(508 18 154)
3(530 332 331)
3(530 577 528)
3(192 530 528)
3(458 334 529)
3(614 631 195)
3(528 232 610)
3(404 273 610)
3(273 528 610)
3(273 232 528)
3(126 538 49)
3(49 538 48)
3(156 295 512)
3(156 512 539)
3(512 605 249)
3(156 155 512)
3(156 20 539)
3(512 20 156)
3(526 264 389)
3(43 526 123)
3(525 358 638)
3(111 18 508)
3(19 111 508)
3(524 150 289)
3(524 289 601)
3(289 150 601)
3(321 181 511)
3(391 358 523)
3(525 290 151)
3(180 558 226)
3(83 559 147)
3(147 559 0)
3(347 207 522)
3(347 554 522)
3(208 347 522)
3(627 65 134)
3(238 371 519)
3(238 644 519)
3(518 573 627)
3(288 148 517)
3(204 541 69)
3(515 204 69)
3(515 541 204)
3(325 186 588)
3(54 628 231)
3(244 383 575)
3(213 153 508)
3(213 18 153)
3(213 508 18)
3(153 18 508)
3(189 231 54)
3(55 516 190)
3(172 312 513)
3(172 312 604)
3(153 213 17)
3(512 249 386)
3(512 386 242)
3(268 511 227)
3(511 268 125)
3(403 516 272)
3(510 403 272)
3(439 509 315)
3(122 41 592)
3(27 28 506)
3(218 27 506)
3(293 417 508)
3(300 507 160)
3(161 160 507)
3(300 620 160)
3(68 541 69)
3(376 390 623)
3(163 28 506)
3(55 191 516)
3(191 330 516)
3(190 191 516)
3(156 21 539)
3(61 235 584)
3(132 61 584)
3(213 508 111)
3(307 563 168)
3(107 12 4)
3(107 4 1)
3(174 121 39)
3(39 121 545)
3(174 545 121)
3(121 551 174)
3(121 174 223)
3(121 223 551)
3(174 121 38)
3(109 524 14)
3(20 512 155)
3(20 19 512)
3(76 77 0)
3(99 504 82)
3(109 243 524)
3(247 524 243)
3(601 524 643)
3(111 512 19)
3(72 522 73)
3(67 519 644)
3(7 8 500)
3(7 500 87)
3(274 556 534)
3(105 10 570)
3(514 12 107)
3(176 41 592)
3(508 244 111)
3(276 407 521)
3(274 556 131)
3(102 7 647)
3(474 381 643)
3(450 449 613)
3(282 561 382)
3(38 174 223)
3(195 59 631)
3(619 586 217)
3(619 217 250)
3(250 217 586)
3(79 96 503)
3(95 503 79)
3(33 221 591)
3(33 591 34)
3(102 646 647)
3(524 601 247)
3(160 25 624)
3(60 59 631)
3(58 639 565)
3(556 131 565)
3(214 19 512)
3(41 592 612)
3(586 25 624)
3(331 610 530)
3(33 542 32)
3(191 192 528)
3(468 637 467)
3(565 131 639)
3(147 0 141)
3(84 2 499)
3(85 84 499)
3(85 500 86)
3(87 86 500)
3(85 499 500)
3(500 88 87)
3(501 89 88)
3(501 90 89)
3(501 88 500)
3(501 91 90)
3(2 91 499)
3(91 501 499)
3(500 499 501)
3(3 92 502)
3(502 92 93)
3(94 503 93)
3(502 93 503)
3(94 95 503)
3(95 96 503)
3(504 96 97)
3(96 504 503)
3(98 504 97)
3(99 504 98)
3(502 99 3)
3(502 504 99)
3(504 502 503)
3(98 97 82)
3(85 6 5)
3(88 89 9)
3(11 91 1)
3(81 97 80)
3(4 84 5)
3(84 4 2)
3(94 78 95)
3(96 80 97)
3(85 5 84)
3(77 92 76)
3(99 83 0)
3(6 86 7)
3(77 93 92)
3(76 92 3)
3(2 1 91)
3(81 82 97)
3(10 89 90)
3(10 9 89)
3(88 8 87)
3(1 2 4)
3(85 86 6)
3(0 76 3)
3(77 78 93)
3(11 90 91)
3(0 3 99)
3(10 90 11)
3(94 93 78)
3(99 82 83)
3(7 87 8)
3(99 98 82)
3(79 80 96)
3(95 79 96)
3(87 7 86)
3(79 95 78)
3(88 9 8)
3(474 473 351)
3(357 225 265)
3(425 302 426)
3(477 381 247)
3(115 27 26)
3(324 323 184)
3(423 422 299)
3(265 225 122)
3(488 277 369)
3(40 39 224)
3(323 322 183)
3(100 4 5)
3(355 359 143)
3(104 103 8)
3(368 132 275)
3(110 17 16)
3(432 433 491)
3(211 110 16)
3(138 241 73)
3(13 14 149)
3(483 364 402)
3(164 163 28)
3(150 15 151)
3(185 325 324)
3(488 369 407)
3(277 488 408)
3(219 30 29)
3(318 317 178)
3(195 59 60)
3(419 418 295)
3(192 331 191)
3(413 290 414)
3(127 363 230)
3(213 110 262)
3(238 279 136)
3(42 225 123)
3(152 292 291)
3(17 152 16)
3(469 468 345)
3(67 68 203)
3(238 68 67)
3(393 498 429)
3(251 248 113)
3(269 362 126)
3(255 377 252)
3(298 297 158)
3(144 145 81)
3(23 216 24)
3(441 317 318)
3(432 431 308)
3(139 282 286)
3(347 470 346)
3(388 377 255)
3(0 75 76)
3(283 495 263)
3(394 279 371)
3(43 44 179)
3(248 395 253)
3(477 473 381)
3(171 311 310)
3(274 233 366)
3(66 202 201)
3(311 171 172)
3(310 311 434)
3(105 353 352)
3(402 450 451)
3(451 327 328)
3(67 135 238)
3(483 402 451)
3(327 187 188)
3(384 391 414)
3(46 125 47)
3(190 330 329)
3(198 199 338)
3(276 369 133)
3(402 364 271)
3(249 386 380)
3(110 213 17)
3(66 65 237)
3(36 37 172)
3(335 334 195)
3(130 56 232)
3(453 329 330)
3(118 220 284)
3(21 20 112)
3(169 308 168)
3(227 360 268)
3(148 288 353)
3(340 201 341)
3(104 352 351)
3(227 125 46)
3(190 54 55)
3(55 54 129)
3(110 358 262)
3(13 108 212)
3(111 244 242)
3(402 480 450)
3(150 149 14)
3(358 211 243)
3(240 281 138)
3(138 281 374)
3(208 207 72)
3(202 66 67)
3(278 401 410)
3(155 154 19)
3(62 133 63)
3(62 63 198)
3(418 386 417)
3(149 148 13)
3(55 129 232)
3(372 489 475)
3(273 365 484)
3(50 186 185)
3(129 231 272)
3(203 343 342)
3(40 176 175)
3(478 491 285)
3(45 46 181)
3(329 453 452)
3(480 363 396)
3(241 374 282)
3(26 161 25)
3(44 124 45)
3(44 45 180)
3(481 491 433)
3(489 467 475)
3(215 22 21)
3(335 459 458)
3(473 350 351)
3(378 395 422)
3(250 217 114)
3(364 483 272)
3(158 23 159)
3(435 311 312)
3(458 457 334)
3(189 190 329)
3(431 432 478)
3(27 28 163)
3(426 302 303)
3(427 376 426)
3(280 411 373)
3(294 295 418)
3(434 435 497)
3(419 387 380)
3(296 157 297)
3(397 362 269)
3(427 303 304)
3(455 332 456)
3(430 393 429)
3(333 456 332)
3(476 384 415)
3(453 454 484)
3(344 345 468)
3(287 356 375)
3(461 462 488)
3(372 280 239)
3(409 412 470)
3(392 430 431)
3(314 437 313)
3(291 414 290)
3(69 70 205)
3(394 465 466)
3(142 286 355)
3(142 355 143)
3(142 141 286)
3(20 21 156)
3(498 428 429)
3(260 222 119)
3(120 37 36)
3(120 222 266)
3(245 477 247)
3(396 400 448)
3(354 245 101)
3(108 13 12)
3(320 180 181)
3(234 275 132)
3(252 390 257)
3(182 47 183)
3(420 387 419)
3(351 352 474)
3(215 246 251)
3(269 126 228)
3(322 445 321)
3(451 450 327)
3(197 336 196)
3(124 264 360)
3(64 65 200)
3(75 147 210)
3(119 222 35)
3(38 173 37)
3(223 38 37)
3(243 109 247)
3(30 219 117)
3(305 306 429)
3(221 118 258)
3(454 330 331)
3(372 136 279)
3(170 171 310)
3(490 495 283)
3(136 68 238)
3(104 8 9)
3(14 15 150)
3(301 424 300)
3(120 266 261)
3(380 246 249)
3(383 244 476)
3(355 286 282)
3(306 307 430)
3(53 128 231)
3(365 403 484)
3(122 40 224)
3(354 102 350)
3(74 241 139)
3(8 103 7)
3(460 336 337)
3(313 174 314)
3(288 148 149)
3(10 11 106)
3(100 101 245)
3(448 325 449)
3(411 468 469)
3(108 245 212)
3(197 196 61)
3(224 263 349)
3(124 227 45)
3(148 12 13)
3(269 228 361)
3(258 285 221)
3(240 137 373)
3(276 368 487)
3(243 391 358)
3(478 285 258)
3(379 395 248)
3(493 438 494)
3(257 218 252)
3(179 319 318)
3(62 235 133)
3(312 436 435)
3(328 188 189)
3(338 337 198)
3(71 137 240)
3(292 153 293)
3(211 15 109)
3(356 359 492)
3(419 380 418)
3(152 153 292)
3(28 116 29)
3(193 192 57)
3(460 337 461)
3(144 81 80)
3(442 319 443)
3(127 270 363)
3(34 35 170)
3(38 39 174)
3(323 446 322)
3(193 58 194)
3(256 498 393)
3(437 495 436)
3(449 326 450)
3(408 463 401)
3(223 261 283)
3(277 370 134)
3(257 390 376)
3(23 24 159)
3(349 493 494)
3(58 59 194)
3(23 158 22)
3(477 350 473)
3(27 218 28)
3(438 315 439)
3(230 271 128)
3(378 423 388)
3(445 399 385)
3(60 234 132)
3(167 166 31)
3(24 25 160)
3(118 33 32)
3(177 42 178)
3(158 157 22)
3(49 126 229)
3(130 233 57)
3(208 73 209)
3(147 75 0)
3(209 73 74)
3(209 74 210)
3(481 497 266)
3(481 266 260)
3(481 434 497)
3(373 411 412)
3(384 414 415)
3(452 453 403)
3(452 403 483)
3(297 420 296)
3(316 315 176)
3(423 300 424)
3(74 139 75)
3(132 61 60)
3(464 341 465)
3(233 274 131)
3(226 44 43)
3(144 143 359)
3(420 421 379)
3(423 424 388)
3(155 294 154)
3(444 321 445)
3(358 110 211)
3(315 316 439)
3(405 457 486)
3(166 167 306)
3(408 370 277)
3(149 289 288)
3(286 140 139)
3(301 302 425)
3(448 400 447)
3(197 337 336)
3(298 421 297)
3(404 366 273)
3(498 259 482)
3(427 428 482)
3(262 384 476)
3(250 114 253)
3(333 457 456)
3(479 439 440)
3(315 314 175)
3(457 333 334)
3(321 182 322)
3(241 74 73)
3(208 209 348)
3(203 68 204)
3(492 348 375)
3(280 372 475)
3(171 36 172)
3(155 295 294)
3(147 146 287)
3(422 395 421)
3(409 382 374)
3(267 496 389)
3(373 281 240)
3(125 268 361)
3(360 227 124)
3(283 121 223)
3(255 250 388)
3(243 247 381)
3(153 154 293)
3(472 389 442)
3(442 318 319)
3(371 278 410)
3(293 416 292)
3(291 151 152)
3(214 242 249)
3(272 403 365)
3(414 291 415)
3(233 131 58)
3(359 356 144)
3(287 145 356)
3(270 396 363)
3(460 461 407)
3(468 411 475)
3(456 405 485)
3(401 278 370)
3(237 134 370)
3(299 422 298)
3(148 353 107)
3(346 206 207)
3(307 308 431)
3(113 215 251)
3(215 21 112)
3(31 220 32)
3(216 253 114)
3(199 200 339)
3(339 200 340)
3(114 25 24)
3(482 376 427)
3(217 26 25)
3(174 313 173)
3(260 285 491)
3(267 357 496)
3(497 261 266)
3(343 466 342)
3(466 489 394)
3(458 486 457)
3(337 338 461)
3(404 454 455)
3(315 438 314)
3(300 423 299)
3(408 401 370)
3(232 56 55)
3(55 56 191)
3(344 467 343)
3(408 488 462)
3(490 283 261)
3(321 444 320)
3(288 289 474)
3(56 57 192)
3(406 486 458)
3(275 486 406)
3(122 224 349)
3(128 364 231)
3(116 219 29)
3(296 419 295)
3(443 320 444)
3(482 259 254)
3(138 73 72)
3(102 354 101)
3(30 165 29)
3(303 164 304)
3(28 29 164)
3(318 178 179)
3(443 319 320)
3(245 247 212)
3(125 227 268)
3(334 335 458)
3(166 165 30)
3(111 242 214)
3(487 459 460)
3(412 281 373)
3(5 101 100)
3(481 433 434)
3(379 248 251)
3(376 390 426)
3(112 20 214)
3(263 224 121)
3(103 351 350)
3(413 414 391)
3(416 383 476)
3(292 416 415)
3(479 494 439)
3(103 350 102)
3(340 341 464)
3(382 492 359)
3(446 447 397)
3(343 204 344)
3(149 150 289)
3(284 256 393)
3(413 289 290)
3(140 75 139)
3(478 432 491)
3(445 322 446)
3(45 227 46)
3(131 59 58)
3(384 358 391)
3(412 469 470)
3(430 429 306)
3(116 28 218)
3(117 31 30)
3(137 70 239)
3(24 216 114)
3(71 206 70)
3(71 70 137)
3(342 202 203)
3(395 379 421)
3(30 31 166)
3(22 113 23)
3(369 277 236)
3(313 312 173)
3(474 381 473)
3(311 435 434)
3(293 417 416)
3(296 156 157)
3(29 165 164)
3(197 198 337)
3(276 235 368)
3(405 486 367)
3(120 36 222)
3(21 22 157)
3(118 284 258)
3(357 479 496)
3(188 187 52)
3(202 341 201)
3(243 211 109)
3(246 112 249)
3(334 333 194)
3(429 428 305)
3(186 187 326)
3(235 276 133)
3(402 271 480)
3(397 447 400)
3(237 370 278)
3(490 435 436)
3(53 52 128)
3(53 188 52)
3(78 77 141)
3(82 146 83)
3(6 102 101)
3(103 102 7)
3(13 212 14)
3(474 289 413)
3(281 409 374)
3(193 333 332)
3(410 465 394)
3(342 465 341)
3(485 455 456)
3(240 72 71)
3(201 65 66)
3(313 437 436)
3(206 205 70)
3(229 270 127)
3(339 463 462)
3(262 358 384)
3(383 386 242)
3(162 302 301)
3(130 366 233)
3(256 220 117)
3(252 377 390)
3(214 249 112)
3(187 51 52)
3(324 184 185)
3(153 152 17)
3(120 223 37)
3(121 283 263)
3(383 417 386)
3(248 253 216)
3(131 234 59)
3(65 201 200)
3(154 18 19)
3(134 64 236)
3(153 17 18)
3(127 50 229)
3(53 231 54)
3(185 186 325)
3(134 237 65)
3(226 124 44)
3(176 41 177)
3(259 117 219)
3(175 314 174)
3(259 219 254)
3(460 407 487)
3(409 470 471)
3(391 381 413)
3(490 436 495)
3(495 493 263)
3(296 420 419)
3(420 297 421)
3(474 413 381)
3(9 105 104)
3(164 165 304)
3(207 347 346)
3(160 25 161)
3(167 307 306)
3(318 442 441)
3(186 51 187)
3(270 229 362)
3(420 379 387)
3(357 267 123)
3(428 427 304)
3(363 271 230)
3(41 225 42)
3(386 418 380)
3(113 216 23)
3(395 378 253)
3(260 491 481)
3(6 7 102)
3(140 77 76)
3(105 10 106)
3(126 48 228)
3(116 257 254)
3(236 133 369)
3(273 366 130)
3(458 459 406)
3(195 194 59)
3(103 104 351)
3(170 310 309)
3(173 172 37)
3(272 231 364)
3(335 195 196)
3(205 206 345)
3(217 250 255)
3(125 361 228)
3(405 367 274)
3(293 294 417)
3(122 225 41)
3(41 40 122)
3(63 236 64)
3(223 121 38)
3(360 472 398)
3(319 179 180)
3(492 471 348)
3(151 15 16)
3(455 485 404)
3(415 416 476)
3(460 459 336)
3(5 6 101)
3(477 245 354)
3(138 374 241)
3(240 138 72)
3(109 14 212)
3(300 299 160)
3(323 447 446)
3(48 183 47)
3(426 303 427)
3(345 346 469)
3(406 368 275)
3(302 162 163)
3(455 331 332)
3(137 280 373)
3(387 379 251)
3(284 220 256)
3(284 392 258)
3(398 472 443)
3(316 176 177)
3(442 443 472)
3(496 479 440)
3(399 361 385)
3(210 74 75)
3(80 79 143)
3(163 162 27)
3(184 183 48)
3(496 440 441)
3(230 128 52)
3(498 256 259)
3(78 141 142)
3(9 10 105)
3(344 204 205)
3(267 226 123)
3(44 180 179)
3(204 343 203)
3(376 254 257)
3(360 264 472)
3(372 279 489)
3(105 106 353)
3(35 171 170)
3(305 165 166)
3(126 362 229)
3(260 119 285)
3(463 339 340)
3(431 478 392)
3(309 308 169)
3(404 485 366)
3(400 362 397)
3(50 127 51)
3(282 374 382)
3(486 275 367)
3(450 326 327)
3(494 438 439)
3(268 385 361)
3(26 27 162)
3(199 339 338)
3(60 61 196)
3(206 71 207)
3(182 46 47)
3(245 108 100)
3(239 280 137)
3(336 459 335)
3(32 33 168)
3(215 113 22)
3(276 407 369)
3(63 133 236)
3(248 216 113)
3(204 69 205)
3(399 269 361)
3(454 404 484)
3(63 64 199)
3(325 448 324)
3(368 235 132)
3(305 166 306)
3(401 464 410)
3(464 465 410)
3(490 497 435)
3(161 300 160)
3(390 425 426)
3(307 168 308)
3(493 495 437)
3(320 181 321)
3(322 182 183)
3(452 328 329)
3(303 163 164)
3(406 487 368)
3(443 444 398)
3(182 181 46)
3(292 415 291)
3(313 436 312)
3(150 151 290)
3(186 326 325)
3(71 72 207)
3(383 242 244)
3(326 449 325)
3(129 365 232)
3(12 4 100)
3(58 57 233)
3(50 51 186)
3(335 196 336)
3(207 208 347)
3(79 142 143)
3(422 423 378)
3(53 189 188)
3(266 222 260)
3(389 496 441)
3(158 159 298)
3(127 230 51)
3(31 117 220)
3(56 130 57)
3(167 168 307)
3(327 326 187)
3(383 416 417)
3(111 213 244)
3(261 497 490)
3(277 134 236)
3(239 69 136)
3(482 254 376)
3(246 215 112)
3(471 347 348)
3(431 430 307)
3(453 330 454)
3(475 467 468)
3(344 468 467)
3(345 206 346)
3(367 131 274)
3(63 199 198)
3(144 356 145)
3(147 0 83)
3(12 100 108)
3(294 293 154)
3(300 161 301)
3(447 324 448)
3(243 381 391)
3(247 109 212)
3(232 365 273)
3(191 331 330)
3(323 324 447)
3(411 469 412)
3(257 116 218)
3(193 57 58)
3(163 303 302)
3(353 106 107)
3(111 18 213)
3(174 39 175)
3(39 40 175)
3(316 317 440)
3(357 123 225)
3(42 43 178)
3(66 237 135)
3(72 73 208)
3(452 483 451)
3(136 69 68)
3(403 453 484)
3(282 382 355)
3(290 151 291)
3(482 428 498)
3(45 181 180)
3(452 451 328)
3(328 189 329)
3(295 156 296)
3(180 320 319)
3(200 201 340)
3(153 18 154)
3(226 267 264)
3(161 26 162)
3(226 264 124)
3(338 339 462)
3(347 208 348)
3(371 135 278)
3(461 488 407)
3(12 107 1)
3(160 299 159)
3(298 159 299)
3(35 36 171)
3(35 222 36)
3(79 78 142)
3(82 81 145)
3(342 341 202)
3(146 147 83)
3(213 262 244)
3(31 32 167)
3(121 224 39)
3(119 35 34)
3(232 273 130)
3(196 195 60)
3(393 392 284)
3(20 155 19)
3(305 304 165)
3(151 16 152)
3(439 316 440)
3(52 51 230)
3(199 64 200)
3(12 1 4)
3(105 352 104)
3(169 33 34)
3(239 70 69)
3(169 168 33)
3(382 409 471)
3(129 54 231)
3(254 219 116)
3(478 258 392)
3(371 410 394)
3(377 388 424)
3(276 487 407)
3(437 438 493)
3(424 425 377)
3(448 449 396)
3(449 480 396)
3(289 150 290)
3(294 418 417)
3(309 432 308)
3(107 106 11)
3(492 382 471)
3(346 470 469)
3(194 333 193)
3(193 332 192)
3(375 209 210)
3(61 62 197)
3(157 158 297)
3(76 75 140)
3(141 77 140)
3(195 334 194)
3(309 433 432)
3(392 393 430)
3(359 355 382)
3(265 349 494)
3(183 184 323)
3(489 279 394)
3(238 371 279)
3(287 210 147)
3(328 327 188)
3(310 433 309)
3(463 408 462)
3(360 398 268)
3(234 367 275)
3(364 128 271)
3(278 135 237)
3(445 385 444)
3(259 256 117)
3(115 255 252)
3(25 114 217)
3(378 250 253)
3(372 239 136)
3(189 54 190)
3(425 390 377)
3(115 26 217)
3(406 459 487)
3(399 445 446)
3(455 454 331)
3(489 466 467)
3(442 389 441)
3(476 244 262)
3(375 348 209)
3(350 477 354)
3(347 471 470)
3(32 168 167)
3(123 226 43)
3(315 175 176)
3(53 54 189)
3(493 349 263)
3(162 301 161)
3(405 274 485)
3(271 363 480)
3(437 314 438)
3(449 450 480)
3(317 441 440)
3(331 192 332)
3(185 184 49)
3(411 280 475)
3(386 249 242)
3(305 428 304)
3(42 123 43)
3(134 65 64)
3(492 375 356)
3(80 143 144)
3(241 282 139)
3(19 111 214)
3(19 18 111)
3(177 41 42)
3(261 223 120)
3(424 301 425)
3(221 285 119)
3(218 115 252)
3(115 217 255)
3(48 47 228)
3(159 24 160)
3(170 309 169)
3(67 66 135)
3(265 479 357)
3(119 34 221)
3(220 118 32)
3(446 397 399)
3(16 15 211)
3(312 311 172)
3(121 39 38)
3(173 312 172)
3(174 173 38)
3(126 49 48)
3(49 229 50)
3(60 59 234)
3(345 344 205)
3(27 115 218)
3(250 378 388)
3(228 47 125)
3(274 366 485)
3(272 365 129)
3(401 463 464)
3(288 352 353)
3(434 433 310)
3(177 317 316)
3(157 156 21)
3(40 41 176)
3(288 474 352)
3(251 246 387)
3(444 385 398)
3(210 287 375)
3(140 286 141)
3(55 191 190)
3(62 61 235)
3(472 264 389)
3(15 14 109)
3(281 412 409)
3(342 466 465)
3(461 338 462)
3(399 397 269)
3(295 155 156)
3(421 298 422)
3(67 203 202)
3(197 62 198)
3(49 184 48)
3(204 68 69)
3(148 107 12)
3(179 178 43)
3(371 238 135)
3(272 483 403)
3(146 82 145)
3(367 234 131)
3(270 362 400)
3(49 50 185)
3(270 400 396)
3(33 221 34)
3(479 265 494)
3(19 214 20)
3(191 56 192)
3(246 380 387)
3(267 389 264)
3(456 457 405)
3(273 484 404)
3(464 463 340)
3(34 170 169)
3(18 17 213)
3(190 191 330)
3(398 385 268)
3(1 107 11)
3(155 20 156)
3(181 182 321)
3(177 178 317)
3(118 221 33)
3(265 122 349)
3(235 61 132)
3(343 467 466)
3(287 146 145)
)


// ************************************************************************* //
