/*--------------------------------*- C++ -*----------------------------------*\
| =========                 |                                                 |
| \\      /  F ield         | OpenFOAM: The Open Source CFD Toolbox           |
|  \\    /   O peration     | Version:  2512                                  |
|   \\  /    A nd           | Website:  www.openfoam.com                      |
|    \\/     M anipulation  |                                                 |
\*---------------------------------------------------------------------------*/
FoamFile
{
    version     2.0;
    format      ascii;
    arch        "LSB;label=32;scalar=64";
    class       labelList;
    location    "constant/domain7/polyMesh";
    object      faceRegionAddressing;
}
// * * * * * * * * * * * * * * * * * * * * * * * * * * * * * * * * * * * * * //


4289
(
166
167
168
169
170
171
172
182
183
184
185
190
191
192
193
194
196
197
198
199
200
268
269
270
271
318
319
320
321
330
331
332
333
451
452
453
502
503
504
505
533
535
536
663
664
665
969
970
971
972
981
983
984
1010
1011
1012
1013
1022
1023
1024
1052
1053
1054
1087
1089
1090
1091
1092
1093
1094
1095
1096
1097
1098
1108
1109
1110
1111
1112
1113
1114
1131
1132
1173
1174
1175
1176
1196
1197
1198
1199
1204
1205
1206
1272
1273
1274
1275
1280
1281
1282
1365
1367
1368
1385
1386
1387
1388
1496
1497
1498
1570
1571
1572
1585
1586
1588
1733
1734
1735
1748
1749
1750
1751
1752
1753
1754
1767
1768
1769
1849
1851
1852
1877
1878
1879
1908
1909
1910
1992
1993
1994
2050
2051
2052
2252
2254
2255
2421
2422
2423
2424
2446
2447
2448
2449
2450
2451
2453
2454
2455
2456
2457
2458
2459
2490
2491
2492
2493
2510
2511
2512
2513
2654
2655
2670
2671
2672
2723
2724
2726
2743
2744
2745
2869
2870
2872
2926
2928
2987
2988
2989
3053
3055
3056
3097
3098
3120
3121
3122
3123
3158
3159
3160
3161
3162
3163
3164
3535
3536
3537
3619
3620
3621
3622
3638
3639
3640
3641
3642
3643
3644
3645
3726
3728
3729
3859
3860
3861
4146
4147
4148
4185
4186
4187
4188
4636
4637
4697
4698
4700
4793
4794
4795
4796
4801
4802
4803
4804
4823
4824
4841
4842
4843
4851
4852
4853
4854
4859
4860
4861
4897
4898
4899
4900
4924
4925
4926
4931
4933
4935
4936
4937
4946
4947
4948
4949
4996
4997
4998
4999
5027
5028
5029
5055
5056
5058
5123
5124
5125
5133
5134
5135
5156
5157
5158
5170
5171
5172
5173
5183
5184
5185
5186
5187
5188
5190
5210
5211
5215
5216
5217
5218
5223
5224
5225
5283
5284
5285
5305
5306
5307
5334
5335
5336
5338
5355
5357
5358
5380
5382
5383
5416
5418
5451
5452
5457
5458
5459
5460
5461
5462
5463
5516
5517
5518
5519
5520
5522
5523
5524
5525
5526
5527
5528
5554
5555
5556
5561
5562
5563
5564
5585
5586
5603
5604
5606
5618
5619
5620
5621
5622
5623
5650
5651
5652
5653
5662
5663
5664
5665
5666
5667
5668
5669
5680
5681
5682
5683
5688
5712
5713
5775
5777
5778
5798
5799
5800
5839
5840
5995
5996
5997
6021
6022
6023
6040
6042
6159
6160
6161
6162
6175
6177
6178
6201
6202
6203
6204
6324
6325
6331
6332
6333
6368
6369
6370
6526
6527
6528
6658
6659
6660
6661
6765
6766
6767
6847
6848
6849
6865
6866
6867
6868
6870
6871
6872
6893
6894
6895
6911
6912
6913
6947
6948
6949
6978
6979
6980
6981
7287
7288
7317
7318
7381
7382
7426
7427
7428
7429
7467
7468
7469
7470
7499
7500
7501
7502
7523
7525
7546
7547
7548
7604
7605
7606
7629
7630
7631
7999
8000
8022
8023
8028
8029
8030
8031
8054
8055
8056
8057
8081
8082
8083
8183
8184
8185
8186
8211
8212
8213
8222
8223
8224
8247
8248
8250
8263
8265
8266
8276
8277
8344
8345
8346
8347
8433
8434
8435
8436
8452
8453
8454
8479
8481
8482
8484
8485
8486
8494
8495
8496
8497
8553
8554
8556
8772
8773
8793
8794
8795
8900
8901
9175
9176
9177
9178
9808
9809
9810
10028
10029
10030
10071
10072
10073
10085
10086
10088
10122
10123
10124
10125
10277
10278
10279
10283
10284
10285
10286
10646
10647
10648
10649
11069
11070
11071
11072
11083
11084
11085
11087
11088
11089
11110
11111
11112
11113
11380
11382
11426
11427
11428
11497
11498
13197
13198
14616
14617
15597
15598
15599
16180
16181
16182
16183
16481
16483
16484
17170
17171
17172
17173
17176
17177
17178
17179
17203
17204
17209
17210
17216
17217
17218
17292
17294
17295
17336
17337
17338
17339
17340
17341
17342
17343
17344
17345
17346
17383
17384
17385
17387
17388
17389
17390
17391
17392
17425
17426
17427
17428
17432
17433
17434
17435
17440
17450
17451
17452
17486
17487
17488
17489
17513
17514
17515
17516
17542
17543
17555
17556
17557
17603
17604
17605
17606
17630
17631
17633
17644
17673
17674
17675
17676
17689
17690
17691
17692
17770
17771
17772
17788
17789
17851
17852
17853
17854
17876
17877
17878
17887
17888
17894
17895
17896
17899
17900
17901
17902
17916
17925
17934
17942
18039
18040
18041
18042
18061
18062
18063
18073
18074
18075
18090
18091
18106
18107
18108
18109
18122
18123
18124
18125
18130
18131
18132
18166
18167
18168
18183
18184
18201
18213
18214
18215
18216
18217
18218
18219
18239
18240
18245
18246
18269
18270
18271
18338
18340
18362
18363
18364
18365
18399
18400
18445
18446
18447
18479
18480
18484
18485
18486
18493
18494
18495
18500
18507
18527
18550
18551
18552
18553
18593
18594
18637
18638
18639
18640
18654
18655
18682
18684
18691
18692
18693
18717
18718
18719
18720
18738
18739
18740
18741
18758
18759
18760
18764
18765
18766
18775
18776
18777
18781
18782
18814
18815
18816
18817
18825
18826
18827
18850
18851
18964
18966
18967
18991
18992
18993
18994
19006
19007
19008
19009
19015
19016
19055
19056
19057
19073
19074
19161
19162
19163
19177
19179
19180
19187
19188
19193
19194
19230
19231
19232
19250
19251
19300
19301
19356
19357
19372
19373
19374
19375
19376
19377
19378
19379
19380
19381
19382
19389
19390
19398
19443
19444
19445
19446
19469
19470
19471
19482
19483
19485
19502
19503
19519
19537
19538
19539
19609
19610
19612
19654
19655
19656
19718
19719
19720
19742
19743
19744
19827
19828
19929
19942
19944
19945
19969
19970
19971
19972
19992
19993
19994
19996
19997
20027
20028
20029
20030
20031
20032
20041
20042
20058
20059
20060
20061
20063
20079
20080
20081
20082
20097
20098
20099
20139
20141
21448
21449
21450
21469
21470
21471
21534
21535
21545
21548
22279
22280
22282
22464
22466
22574
22575
22576
22577
22857
22859
24035
24036
24037
25459
25460
25462
25550
25551
26017
26018
26020
26196
26197
26209
26210
27953
27954
27955
29387
29388
29484
29485
31468
31469
31470
31706
31707
31708
31709
32835
32836
32837
32838
33320
33321
33323
33447
33448
33449
33450
33697
33698
33699
33738
33740
33741
33742
33743
33744
33745
33966
33967
33968
33969
34089
34090
34091
34945
34946
35014
35015
35016
35017
35425
35426
35706
35707
35708
35709
36630
36631
36632
36633
37772
37773
38661
38662
38663
38754
38756
38757
38839
38840
38841
38942
38943
38944
38945
39675
39676
39677
40126
40128
40129
40746
40747
40748
40910
40912
40913
41124
41126
41934
41935
41936
41937
41974
41975
41976
41977
41978
42008
42010
42071
42073
42074
42078
42079
42080
42097
42098
42099
42100
42101
42120
42179
42180
42181
42182
42208
42209
42210
42211
42223
42224
42225
42255
42260
42270
42271
42272
42323
42324
42369
42378
42379
42509
42510
42511
42515
42516
42517
42521
42522
42523
42541
42542
42569
42570
42571
42572
42582
42583
42584
42598
42599
42619
42620
42621
42640
42641
42666
42667
42668
42679
42680
42681
42682
42684
42685
42696
42697
42698
42699
42707
42709
42717
42718
42744
42745
42771
42773
42777
42778
42779
42780
42782
42783
42835
42836
42863
42864
42925
42927
42958
42989
42990
43043
43073
43074
43075
43083
43084
43159
43160
43178
43180
43181
43223
43224
43225
43226
43227
43232
43233
43243
43244
43246
43279
43280
43281
43282
43305
43336
43337
43387
43388
43389
43390
43395
43396
43426
43427
43428
43431
43432
43433
43546
43547
43549
43565
43566
43574
43575
43576
43603
43604
43605
43698
43699
43701
43734
43735
43736
43740
43741
43742
43743
43784
43839
43840
43841
43881
43882
43883
43884
43885
43886
43887
43888
43899
43900
43903
43904
43911
43912
43913
43921
43977
43978
43979
44016
44017
44025
44026
44029
44056
44057
44058
44065
44066
44072
44073
44074
44075
44082
44083
44084
44085
44092
44093
44094
44095
44106
44123
44124
44125
44136
44137
44149
44150
44187
44188
44189
44222
44223
44237
44238
44239
44256
44263
44264
44265
44266
44280
44282
44283
44284
44292
44293
44294
44295
44296
44297
44298
44299
44329
44330
44331
44336
44337
44340
44341
44342
44343
44378
44379
44380
44394
44395
44396
44397
44408
44409
44410
44411
44419
44420
44421
44422
44440
44442
44445
44463
44464
44465
44540
44548
44550
44594
44595
44613
44614
44619
44620
44621
44622
44672
44693
44694
44695
44786
44787
44788
44797
44798
44799
44800
44811
44812
44813
44814
44815
44816
44817
44818
44819
44825
44826
44833
44834
44835
44836
44837
44838
44839
44841
44844
44845
44846
44847
44849
44850
44851
44852
44860
44862
44876
44882
44883
44884
44901
44902
44909
44910
44911
44912
44973
44975
44976
44977
44980
44981
45012
45014
45018
45019
45020
45034
45035
45036
45044
45045
45046
45097
45098
45100
45106
45107
45108
45117
45118
45119
45120
45121
45122
45134
45135
45160
45161
45162
45163
45164
45165
45168
45169
45177
45178
45206
45207
45232
45237
45238
45255
45256
45257
45353
45354
45355
45389
45390
45391
45397
45398
45405
45406
45407
45417
45418
45427
45428
45429
45431
45450
45451
45452
45453
45508
45509
45520
45521
45569
45570
45574
45575
45579
45580
45581
45582
45603
45605
45624
45664
45665
45666
45667
45668
45669
45676
45677
45678
45694
45696
45697
45698
45699
45705
45706
45707
45710
45711
45712
45730
45731
45760
45761
45762
45765
45766
45767
45768
45794
45795
45813
45815
45819
45820
45821
45843
45844
45851
45852
45854
45861
45862
45875
45876
45877
45924
45926
45930
45931
45961
45962
45963
45980
45981
45982
46000
46001
46002
46003
46348
46350
46748
46749
46750
47778
47821
47823
47824
47943
47944
47945
48013
48014
48015
48046
48047
48048
48576
48721
48723
48724
48829
48830
48831
49083
49085
49086
49310
49313
49535
49536
49537
49538
49984
50202
50203
50668
50750
50751
51126
51144
51145
51146
51214
51215
51216
51477
51478
51479
51616
51617
52065
52322
52323
52605
52606
52636
52637
53024
53025
53168
53169
53170
53260
53261
53624
53641
53642
54050
54051
54052
54053
54091
54093
54094
54156
54157
54158
54283
54284
54750
54751
54752
54880
54881
54882
54883
54978
54979
54980
54981
55246
55247
56168
56169
56381
56382
56526
56527
56528
56529
56816
56817
56818
56823
56824
56874
57081
57171
57173
57174
57254
57255
57257
57471
57506
57508
57509
57513
57514
57515
57519
57520
57521
57852
57853
57854
58000
58002
58003
58085
58086
58087
58214
58216
58236
58237
58238
58271
58272
58273
58274
58419
58420
58421
58446
58447
58449
58635
58636
58638
58657
58659
58941
58942
59135
59136
59200
59201
59204
59206
59207
59290
59291
59328
59330
59457
59570
59571
59572
59872
60041
60043
60044
60282
60283
60284
60413
60414
60415
60613
60614
60615
60729
60730
60731
60870
61549
61550
61551
61586
61587
61588
61978
61979
61980
62202
62203
62204
62507
62508
62509
62510
62520
62583
62584
62735
62736
62737
62957
62959
62960
62963
62964
62965
63305
63651
63652
63653
63907
63908
63909
63910
64172
64173
64174
64224
64225
64226
64358
64359
64360
64361
64368
64369
64370
64374
64383
64384
64385
64389
64446
64447
64448
64451
64452
64454
64455
64456
64641
64642
64643
64644
64732
64733
64734
64771
64772
64791
64792
64793
64811
64812
64846
64851
64852
64855
64857
64858
64859
64860
64963
64964
64965
64973
64974
64975
64981
64982
64983
64990
64991
64993
64994
64997
64998
64999
65007
65008
65009
65017
65018
65019
65020
65051
65052
65053
65054
65055
65056
65057
65058
65087
65169
65170
65171
65215
65216
65220
65221
65222
65226
65285
65286
65287
65291
65293
65302
65303
65304
65305
65319
65322
65344
65345
65377
65378
65379
65402
65403
65404
65405
65406
65408
65409
65410
65432
65433
65434
65435
65436
65449
65458
65462
65463
65464
65467
65468
65469
65475
65523
65524
65525
65526
65532
65533
65534
65535
65566
65567
65571
65572
65634
65635
65636
65644
65646
65668
65669
65670
65672
65673
65757
65776
65777
65810
65815
65816
65844
65845
65858
65859
65874
65875
65911
65912
65913
65954
65955
65956
65961
65962
65991
65992
65993
65996
65997
66015
66016
66029
66044
66045
66046
66047
66048
66049
66050
66051
66053
66054
66055
66059
66060
66095
66096
66097
66098
66101
66128
66129
66130
66131
66132
66133
66151
66152
66166
66169
66212
66213
66218
66219
66221
66222
66235
66236
66237
66238
66240
66273
66275
66276
66279
66280
66281
66282
66310
66311
66317
66318
66319
66385
66386
66387
66388
66448
66449
66457
66458
66472
66473
66474
66475
66486
66487
66488
66489
66490
66491
66492
66493
66496
66497
66498
66553
66578
66665
66666
66668
66669
66677
66678
66679
66683
66684
66685
66686
66701
66702
66708
66709
66721
66722
66737
66771
66772
66773
66784
66785
66786
66837
66838
66839
66840
66851
66852
66853
66902
66904
66910
66911
66925
66926
66927
66928
66929
66930
66941
66942
66943
66949
66950
66959
66960
66963
66964
66965
66973
66974
66975
66995
66997
67017
67018
67019
67033
67034
67035
67042
67043
67044
67065
67066
67067
67084
67085
67099
67100
67101
67117
67118
67120
67121
67132
67133
67152
67153
67154
67173
67192
67193
67194
67195
67197
67198
67201
67202
67209
67210
67211
67212
67245
67246
67247
67252
67256
67259
67308
67309
67313
67315
67316
67321
67338
67339
67340
67368
67369
67370
67380
67402
67403
67409
67410
67413
67414
67419
67421
67424
67425
67426
67427
67449
67450
67472
67474
67506
67512
67513
67515
67516
67520
67521
67530
67531
67535
67550
67551
67569
67570
67571
67572
67574
67575
67576
67577
67578
67583
67586
67587
67588
67607
67608
67609
67610
67618
67619
67629
67630
67631
67642
67643
67694
67695
67696
67739
67841
67842
67948
67949
67950
67951
67994
67995
68178
68180
68181
68668
68669
68670
68780
68782
68988
68989
69314
69315
69316
69965
69966
69967
69968
69993
69994
70047
70048
70049
70173
70174
70176
70568
70569
70629
70630
70714
70898
70899
71137
71138
71204
71317
71318
71320
71356
71357
71526
71527
71781
71782
72151
72221
72409
72410
72711
72712
72797
72798
72799
73415
73416
73417
73418
73582
73583
73584
73585
73599
73600
73601
74365
74366
74367
74380
74381
74506
74686
74687
74779
75117
75248
75437
75438
75463
75464
75541
75542
75543
75544
75795
75796
75875
76044
76045
76109
76110
76440
76484
76486
76650
76651
76652
76653
76918
77040
77041
77333
77389
77531
77649
77650
77680
77681
77699
77700
77701
77705
77706
77707
77714
77766
77772
77773
77774
77849
78234
78235
78238
78239
78240
78340
78341
78342
78363
78364
78365
78366
78369
78377
78378
78466
78467
78468
78469
78699
78700
78717
78718
78722
78723
78724
78730
78731
78774
78775
78787
78788
78789
78798
78800
78811
78812
78824
78833
78834
78835
78837
78838
78839
78840
78841
78842
78986
78987
78988
79066
79067
79076
79116
79117
79118
79125
79126
79139
79140
79148
79149
79150
79151
79152
79153
79154
79155
79156
79168
79169
79173
79174
79180
79181
79182
79183
79184
79223
79224
79225
79230
79231
79237
79238
79241
79242
79244
79250
79254
79255
79259
79260
79271
79272
79273
79275
79276
79297
79298
79326
79327
79340
79341
79342
79344
79345
79346
79347
79348
79352
79355
79359
79362
79368
79376
79378
79382
79398
79399
79403
79404
79409
79410
79414
79415
79416
79417
79421
79427
79428
79432
79433
79434
79437
79438
79446
79447
79448
79449
79453
79516
79526
79533
79536
79537
79590
79591
79610
79628
79629
79630
79647
79648
79649
79656
79657
79676
79682
79692
79700
79701
79722
79725
79726
79727
79729
79730
79731
79737
79738
79741
79742
79743
79747
79749
79750
79751
79765
79766
79774
79775
79776
79791
79804
79805
79815
79820
79821
79822
79831
79832
79858
79859
79860
79889
79923
79924
79926
79927
79928
79929
79931
79937
79938
79939
79940
79955
79956
79986
79987
79993
79994
79996
79997
80034
80036
80038
80040
80041
80050
80053
80054
80055
80058
80059
80060
80061
80069
80070
80072
80074
80075
80085
80086
80087
80088
80097
80101
80102
80103
80104
80105
80106
80107
80108
80109
80111
80112
80113
80115
80116
80117
80124
80126
80136
80138
80147
80148
80159
80160
80175
80176
80177
80189
80190
80192
80193
80194
80195
80203
80204
80205
80215
80216
80217
80218
80219
80220
80221
80222
80223
80236
80250
80251
80252
80254
80255
80258
80265
80272
80273
80274
80285
80286
80287
80288
80289
80297
80298
80299
80306
80307
80308
80311
80315
80316
80331
80332
80333
80335
80336
80353
80354
80355
80356
80369
80370
80371
80381
80382
80383
80384
80385
80386
80387
80388
80389
80390
80394
80395
80403
80404
80414
80415
80416
80419
80423
80424
80425
80432
80442
80445
80453
80458
80459
80466
80468
80470
80471
80473
80474
80479
80480
80490
80491
80497
80505
80511
80512
80521
80523
80524
80525
80526
80532
80533
80534
80537
80538
80541
80566
80567
80568
80569
80578
80579
80580
80588
80589
80592
80604
80632
80633
80634
80643
80644
80645
80646
80647
80648
80651
80656
80660
80662
80663
80664
80667
80668
80669
80670
80680
80683
80687
80688
80689
80691
80692
80694
80709
80770
80878
80944
80958
81018
81380
81381
81382
81450
81451
81452
81657
81658
81659
81660
81796
81797
81840
81841
81863
81864
81878
81879
81880
82223
82224
82369
82398
82492
82627
82628
82662
82663
82672
82673
82797
82798
82871
82919
82920
82926
82943
82944
82976
82994
83055
83057
83058
83078
83079
83130
83147
83186
83195
83199
83202
83206
83213
83217
83221
83225
83226
83241
83263
83264
83265
83278
83279
83294
83299
83302
83311
83312
83313
83364
83374
83375
83382
83398
83416
83417
83453
83454
83459
83460
83461
83470
83472
83542
83560
83590
83591
83596
83597
83599
83600
83624
83654
83672
83673
83674
83675
83706
83707
83716
83722
83723
83724
83725
83728
83730
83731
83740
83741
83770
83781
83807
83808
83815
83816
83905
83906
83907
83914
83915
83918
83919
83941
83942
83943
83962
83963
83980
83981
84038
84043
84045
84079
84080
84093
84129
84130
84158
84176
84181
84188
84212
84262
84263
84276
84279
84280
84292
84337
84338
84343
84344
84396
84406
84416
84417
84420
84421
84422
84425
84431
84432
84450
84452
84486
84487
84499
84500
84501
84502
84503
84520
84534
84535
84579
84582
84603
84604
84609
84610
84614
84615
84629
84633
84635
84637
84638
84650
84655
84657
84658
84677
84678
84679
84683
84684
84686
84687
84732
84733
84742
84755
84758
84775
84776
84778
84779
84780
84781
84782
84796
84800
84814
84822
84823
84824
84825
84833
84838
84855
84856
84857
84863
84864
84865
84866
84867
84868
84870
84872
84873
84876
84877
84884
84885
84886
84887
84888
84893
84894
84895
84896
84898
84899
84900
84902
84903
84904
84905
84908
84909
84915
84916
84921
84922
84923
84924
84928
84930
84933
84934
84935
84940
84941
84949
84950
84959
84960
84965
84966
84967
84973
84979
85003
85008
85010
85012
85013
85016
85017
85023
85024
85026
85027
85036
85037
85051
85055
85056
85057
85058
85064
85065
85070
85082
85083
85084
85088
85093
85094
85098
85103
85104
85105
85106
85115
85118
85123
85124
85130
85131
85132
85150
85155
85156
85161
85165
85168
85169
85172
85173
85177
85181
85195
85196
85197
85198
85199
85201
85205
85206
85211
85213
85220
85221
85238
85257
85259
85262
85263
85268
85270
85272
85286
85287
85289
85290
85292
85296
85297
85298
85299
85300
85305
85306
85317
85321
85322
85325
85340
85341
85344
85348
85349
85351
85359
85367
85368
85369
85370
85374
85378
85379
85380
85387
85388
85394
85403
85408
85412
85413
85414
85415
85420
85423
85433
85434
85435
85436
85437
85441
85442
85459
85460
85461
85462
85463
85464
85475
85482
85483
85520
85521
85526
85542
85543
85556
85562
85563
85564
85572
85574
85596
85597
85598
85600
85601
85603
85604
85605
85610
85616
85617
85618
85622
85624
85629
85630
85640
85641
85642
85654
85655
85657
85658
85664
85665
85673
85674
85675
85690
85718
85727
85729
85746
85765
85766
85767
85776
85783
85784
85786
85787
85788
85789
85796
85798
85807
85808
85812
85815
85816
85820
85824
85835
85836
85838
85845
85859
85860
85864
85869
85870
85874
85881
85883
85897
85908
85910
85911
85927
85980
85981
86001
86020
86023
86024
86058
86059
86060
86093
86094
86095
86107
86108
86165
86166
86180
86182
86184
86185
86231
86243
86301
86305
86308
86309
86310
86322
86323
86340
86345
86386
86399
86461
86467
86517
86519
86587
86606
86618
86619
86620
86671
86683
86704
86707
86731
86735
86755
86756
86767
86782
86784
86797
86813
86824
86849
86864
86876
86890
86897
86936
86937
86938
86939
86940
86941
86942
86943
86944
86945
86946
86947
86948
87040
87041
87042
87043
87044
87045
87046
87047
87048
87049
87050
87051
87052
87117
87132
87173
87180
87210
87379
87691
87735
87785
87818
88016
88105
88116
88132
88140
88348
88395
88443
88466
88467
88535
88536
88545
88565
88587
88608
88611
88636
88637
88643
88644
88659
88660
88666
88673
88674
173
195
201
-401
454
534
666
-873
-952
982
-1080
1088
1099
1130
1366
1499
1569
1587
-1709
-1710
1736
1850
1876
1907
-1969
-1974
1991
2053
-2210
2253
2445
2452
-2505
2725
2742
-2801
2871
2927
2990
3054
3096
-3372
-3475
-3581
3727
3858
-4039
-4123
4638
-4671
4699
4822
4932
4934
5057
5189
-5240
-5323
5333
5337
5356
5381
5417
5453
5521
5587
5605
-5644
5649
5687
-5706
5776
5797
5841
-5891
-5906
5994
6041
6176
-6303
6330
6367
-6487
-6536
6764
-6778
6869
6914
6946
-7075
7286
7315
7316
7380
-7436
-7462
7524
7545
7603
7632
7998
8080
8210
8249
8264
8274
8275
8451
8480
8483
8555
-8667
8899
-9195
-9608
9807
-9819
10031
10070
10087
-10566
11086
11379
11381
-11583
-12320
-12380
13196
14615
-14988
-15047
-15086
-15164
-15513
15600
-15611
-15715
-16093
-16111
-16125
-16240
-16294
-16328
-16433
16482
-16613
-16880
-17163
17293
17386
17439
17541
17632
17773
17875
17893
17915
18200
18238
18339
-18453
18478
18487
18501
18506
-18515
18653
18683
18824
18849
18965
19014
19178
19249
19397
19484
19611
19653
19717
19829
19943
19995
20026
20062
20140
-21205
21447
21472
21533
21546
21547
-21863
-21963
-22210
-22214
-22271
22281
-22454
22465
-22529
-22590
-22701
-22713
22858
-22899
-22903
-22946
-23186
-23197
-23207
-23266
-23371
-23452
-23875
-24009
-24053
-24432
-24525
-24562
-24873
-25305
25461
25549
-25990
26019
-26253
-28369
-28537
-28642
-28891
-29080
-29124
-29151
-29375
-29501
-31265
31471
-31688
-31725
-31843
-31873
-31893
-31899
-32000
-32123
-32213
-32217
-32277
-32286
-32385
-32472
-32494
-32536
-32554
-32722
-32770
-32850
-33094
-33268
-33300
33322
-33354
-33501
-33544
-33593
33696
33739
-34149
-34160
-34311
-34314
-34434
-34475
-34498
34947
-35221
-35396
-35514
-35570
-35735
-35894
-36165
-36167
-36250
-36255
-36476
-36512
-36533
-36756
-36799
-37020
-37038
-37349
-37419
-37518
-37601
-37683
-37883
-37931
-37981
-38029
-38042
-38049
-38053
-38074
-38131
-38140
-38153
-38185
-38239
-38256
-38358
-38377
-38438
-38460
-38478
-38535
-38622
-38625
-38634
38755
-38779
-38948
-38954
-38980
-39199
-39236
-39246
-39297
-39363
-39545
-39715
-39829
40127
40749
40911
-40996
41125
-41264
-41278
-41320
-41440
-41537
-41956
41979
42009
-42031
42072
42119
-42130
-42174
42178
-42195
42254
42261
42377
-42656
42683
42708
42772
42781
42862
42926
43085
43179
43245
-43483
-43520
43548
-43556
-43564
43602
-43624
-43628
43700
43783
43976
44107
44135
44151
44257
44281
44338
44377
44441
44539
44547
44549
44615
44671
44840
44861
44900
44974
44982
45013
45021
45099
-45128
45205
45233
-45247
-45396
45430
-45481
-45491
-45495
45573
45604
45623
-45633
-45663
-45684
45695
45759
-45782
45793
45814
-45832
-45850
45853
45874
-45908
45925
-45952
-45956
-45972
-45979
46047
-46089
-46153
-46174
-46207
-46255
46349
-46429
-46948
-47795
-47799
-47806
47822
-47840
-47887
48045
48722
49084
-49285
49311
49312
-49369
-49465
49985
50201
-50597
50669
-50983
-50995
-51029
-51043
-51056
-51086
51127
-51195
-51221
-51230
-51240
-51245
-51270
-51287
-51352
-51360
-51373
-51417
-51464
-51471
-51510
-51786
-51917
-51989
52064
52066
-52070
-52074
-52252
-52372
-52382
-52393
-52468
-52524
52607
-52618
-52757
53023
53133
53259
54092
-54808
55248
-55424
-55445
-55457
-55536
-55645
-55651
-55771
-55830
-55836
56167
-57067
-57069
-57078
-57091
-57106
-57127
-57144
57172
-57248
57256
-57328
-57338
-57354
-57380
-57384
-57437
-57461
57507
-57580
-57584
-57611
-57632
-57636
-57662
-57666
-57740
-57742
-57753
-57797
-57826
-57863
-57890
-57947
58001
-58018
-58051
58215
-58379
-58410
-58414
58448
58637
58658
-58762
-59068
-59078
59199
59205
-59231
59329
59456
60042
-60108
-60356
-60378
-60395
-60453
-60492
-60568
-60599
-60751
-61068
-61166
-61194
-61240
-61307
-61356
-61374
-61455
-61575
-61593
-61675
-61797
-61805
-61806
-61856
-61864
-61869
-61890
-61913
61977
-62024
-62067
-62081
-62140
-62174
-62196
-62299
-62301
-62302
-62309
-62311
-62313
-62316
62521
-62801
-62812
62958
-63102
-63252
63304
64388
64773
-64781
64856
64989
65006
65292
65355
65407
65457
65476
-65640
65645
-65820
65873
66017
66028
66043
66052
66167
66211
66220
66274
66456
66485
66667
66736
66783
-66850
-66855
-66897
66909
-66920
66996
-67047
-67092
-67109
-67116
67119
-67162
67169
67174
-67235
67257
67258
-67283
-67302
-67311
-67335
-67373
67381
-67384
67401
-67405
67408
-67418
67420
-67430
67473
-67495
67507
67514
67534
-67612
-67617
67641
67738
-67919
-68045
68179
-68474
-68488
-68490
-68495
-68529
68781
-69856
70175
-70371
-70548
-70626
70713
-70775
-70788
-70825
-70832
-70858
-70862
-70931
-70967
-70973
-71007
-71023
-71044
-71078
-71082
-71086
-71105
71319
-71542
-71581
-71648
-71807
-71869
72713
-73706
-73712
-73754
-73873
-74316
-74463
-74625
74685
-74717
-74813
-74834
-74853
-74857
-74861
-74863
-74868
-74891
-74931
-74963
-74974
-75008
-75027
-75031
-75078
-75100
-75103
-75104
-75152
-75173
-75180
-75193
-75204
-75214
-75220
-75251
-75271
-75348
-75498
-75915
-75922
-75925
-75934
-75937
-75967
-75971
76485
-77288
-77484
-77488
-77525
-77582
-77597
-77646
-77719
-77723
-77740
-77755
-77759
-77763
-77768
-77790
-77794
-77812
-77816
-77817
-77894
-77900
-77905
-78000
-78004
-78043
-78110
-78162
-78170
-78176
-78189
-78243
-78259
-78267
-78317
-78415
-78422
-78602
-78616
78799
-79040
79075
79159
79160
79256
79353
79369
79377
79420
79515
-79567
-79626
79683
79723
79748
79770
-79772
79777
-79787
-79813
79816
-79848
-79906
79925
79930
79936
79992
80037
80042
80071
80089
80125
80137
80284
80469
-80477
80498
80522
-80583
-80598
80606
-80619
80649
80661
-80682
80690
-80717
-80726
-80765
-80862
81019
-81022
-81041
-81376
-81379
-81395
-81398
-81403
-81647
-81838
-81839
-81882
-82097
-82442
-82589
-82640
-82642
-82646
-82665
-82670
-82685
-82699
-82718
-82719
-82733
-82749
-82763
-82769
-82773
-82777
-82779
-82780
-82790
-82802
-82816
-82834
-82851
-82856
83056
83131
83218
83300
83363
83471
83623
83903
83950
84044
84187
-84246
-84295
84430
84616
-84700
-84771
-84793
-84830
84869
-84881
84892
84897
-84914
-84919
-84931
84939
84980
-84995
-85004
85071
85117
85125
85128
85129
-85164
85260
-85362
-85456
-85519
85619
-85634
85636
85732
-85793
85811
-85826
85829
-85918
-85932
-85936
-85937
-85951
-85963
-85966
-85985
-85991
)


// ************************************************************************* //
