/*--------------------------------*- C++ -*----------------------------------*\
| =========                 |                                                 |
| \\      /  F ield         | OpenFOAM: The Open Source CFD Toolbox           |
|  \\    /   O peration     | Version:  2512                                  |
|   \\  /    A nd           | Website:  www.openfoam.com                      |
|    \\/     M anipulation  |                                                 |
\*---------------------------------------------------------------------------*/
FoamFile
{
    version     2.0;
    format      ascii;
    arch        "LSB;label=32;scalar=64";
    note        "nPoints:649  nCells:1893  nFaces:4289  nInternalFaces:3283";
    class       labelList;
    location    "constant/domain7/polyMesh";
    object      neighbour;
}
// * * * * * * * * * * * * * * * * * * * * * * * * * * * * * * * * * * * * * //


3283
(
1196
1605
1748
1843
195
307
820
476
477
699
1892
127
229
461
1446
512
889
1473
507
580
823
56
215
833
1582
23
24
703
1768
107
109
404
1117
633
774
1043
177
813
1629
1668
63
1021
1514
402
472
1478
1046
1047
1048
1416
768
1379
1546
16
53
349
1551
17
1070
1071
19
349
1769
19
193
544
1195
1204
21
418
420
1723
258
1002
419
604
1335
1414
281
1281
1878
1264
1355
29
520
523
1390
27
352
932
1853
378
445
934
937
938
1739
1752
281
522
1070
299
815
1052
1030
1031
1527
1793
56
58
130
684
974
975
56
1127
1260
118
314
1464
37
38
257
577
260
1002
1398
664
1398
1517
828
1341
1671
839
901
1801
814
1020
1627
750
1213
1542
73
529
530
514
1111
1225
1270
1338
1491
1797
1837
1871
1872
49
551
557
515
532
832
1744
65
250
552
56
369
1291
1332
357
807
1297
1783
1168
1745
137
957
1296
149
833
1719
1350
1501
1734
370
834
1364
597
1332
222
1077
1507
61
1725
1726
1734
1764
1077
1169
1173
1511
632
992
1516
415
1082
1240
1367
839
1094
1886
328
336
1450
1638
1085
1239
1241
1755
265
899
919
1089
83
1283
1799
942
1086
1521
881
1274
1826
289
1190
1204
1731
1200
1487
352
629
1406
78
407
1075
1868
77
234
1597
1599
1292
1868
683
1074
1183
80
82
202
1373
158
335
409
158
583
880
1177
232
234
1372
487
1526
950
1340
1711
545
1089
1530
1531
87
455
500
598
194
1007
1562
89
325
1215
90
1152
1277
91
249
968
429
1480
1775
95
254
1068
1502
253
1135
1392
1611
95
253
1350
1501
1741
97
99
285
817
100
818
820
100
817
937
306
564
819
1849
104
105
546
737
935
1535
584
1515
1608
129
1228
547
621
110
1071
1073
1551
1191
1568
1727
111
112
404
523
704
1727
558
704
1754
282
1071
1731
284
289
1258
114
153
314
918
118
316
117
316
1006
117
118
1463
1464
1533
1687
893
1035
1467
1816
123
124
1044
1163
123
124
516
1231
516
579
607
646
607
313
1606
147
1023
1787
989
1099
1683
776
1548
845
1110
1644
449
850
1659
833
1720
306
405
1118
1258
584
1313
1492
498
1279
1558
1559
1187
1862
1008
1301
1562
871
1265
1565
576
1293
1616
304
306
307
1130
915
1679
1789
822
959
1550
1009
1010
1202
1576
1116
1444
1645
931
1295
1550
406
1209
1618
556
1141
1515
287
380
510
1323
1320
1648
1387
1636
898
1582
1343
1634
1721
1803
645
847
851
1638
554
855
1201
1612
757
1607
900
1587
1874
1093
1331
1592
157
233
335
1132
1832
233
234
233
235
631
1132
372
374
1004
1047
1177
1600
1724
164
541
1049
1604
1362
1601
1608
574
815
1783
397
855
877
188
1158
1708
1500
1779
397
1134
1313
1615
192
1163
1518
1833
843
1322
1642
175
510
1620
1623
1636
1672
584
1141
1247
1617
700
722
1626
916
1874
587
1168
1593
1433
1627
879
892
1207
1308
873
1147
1379
184
1288
1320
1036
1097
1652
381
1164
1669
1146
1285
1655
1790
293
1318
1879
193
881
1802
1826
828
1064
1671
1866
774
1156
1334
1353
1159
1552
1718
1523
1527
1836
439
689
1062
1064
333
1420
1438
1482
1758
332
1887
627
790
818
1130
457
739
1560
429
837
1450
1699
680
927
941
202
681
764
1374
201
203
1508
1714
764
1205
409
894
683
1074
1169
443
978
1220
207
208
794
1107
1251
1275
1380
1882
209
1534
1876
396
737
1108
1251
1253
396
1107
1742
1882
213
214
1123
1704
213
215
1039
1577
1255
215
216
1361
368
834
1121
1360
218
219
896
1095
805
1266
561
1581
1622
222
390
763
1173
222
1269
1875
389
666
719
1626
1883
226
376
420
1757
226
373
1278
934
1400
229
460
461
910
479
910
1345
908
1495
639
722
1033
232
235
773
1131
1419
880
235
1599
237
238
716
1383
239
730
993
433
718
1272
975
1677
242
245
411
412
244
245
422
978
243
244
413
724
954
1852
246
1493
1678
725
735
1286
248
249
1480
1569
586
1705
824
969
251
826
1590
371
1733
255
451
453
1502
1502
1610
353
1358
1725
581
1738
258
259
418
259
260
662
260
1709
998
262
864
1464
1465
382
1174
264
266
442
1423
844
1393
322
1681
652
653
654
271
272
436
437
269
613
770
1484
614
1397
1524
272
770
1717
692
770
1287
691
1316
275
327
1555
1556
1207
1310
1555
642
899
285
533
817
495
940
1059
1874
279
280
983
1138
1434
1513
538
811
812
1216
1264
403
404
1073
284
525
782
288
520
286
1129
288
306
1258
1190
1825
816
1129
782
783
291
294
1206
1449
293
1318
1744
830
1114
1344
1744
294
1586
1879
296
298
300
1561
299
598
1748
298
299
1412
609
1018
1843
454
598
751
439
754
1119
825
1056
1462
784
965
1680
305
1117
1568
307
1256
819
416
967
1263
310
311
1180
1441
802
804
1352
623
625
1430
1461
1588
757
758
918
876
972
635
1161
1606
1607
918
318
791
792
1660
319
573
1303
330
1869
1305
1456
1585
1003
1326
1342
919
1800
336
1821
334
701
1501
489
1452
718
731
1386
1388
450
1810
572
847
1639
380
533
1323
1303
1605
333
1445
1747
559
603
1226
1449
700
1033
1171
361
1373
892
1308
809
1297
1500
441
442
653
946
494
1461
1462
1786
490
981
1435
496
564
819
1256
869
1276
1756
571
1241
1827
346
658
1055
1842
347
441
585
1324
659
863
1580
588
673
429
835
968
1451
958
1809
570
602
1165
1213
527
890
1498
1792
1005
1703
476
687
1685
425
1032
1858
432
716
1383
641
802
804
1460
810
1237
1303
379
1045
1772
715
1359
1520
747
924
1131
681
1374
363
365
781
1200
364
1092
1576
1314
1418
528
1602
367
1319
1888
1120
1121
1330
369
371
834
370
1733
1332
1039
373
376
1337
374
377
375
379
377
1047
1772
1723
1337
933
1411
1865
1003
1004
916
983
1427
383
1465
1651
384
930
1649
385
861
1198
1174
1630
387
388
677
1369
417
1082
1185
1080
1695
390
393
1883
719
1026
474
728
1016
529
1395
1771
1773
1507
1714
395
1107
1729
1780
794
1532
935
1252
398
1612
401
1615
400
401
1233
1603
1615
1735
474
1184
1359
1811
406
1381
405
406
1117
1118
408
1076
1511
1292
1409
681
1249
412
1388
1691
413
730
993
1678
1852
723
726
415
416
1243
417
1746
417
1863
1192
419
421
1408
1709
421
979
629
1406
423
1208
1220
977
1421
1493
425
426
1234
1327
1857
1166
1327
1356
1234
1812
1857
430
572
1450
430
1451
1705
432
620
685
1681
721
566
685
1760
439
823
1667
1675
437
689
690
691
1316
1675
438
692
689
693
1665
1665
601
670
1688
1421
1494
443
674
946
445
746
1411
591
1400
448
450
981
1125
448
449
846
882
848
851
879
1149
882
452
1378
1738
1685
1885
1067
1068
455
456
749
457
1560
752
1301
1561
740
460
1172
1495
1499
461
1446
1496
1496
1345
908
910
1543
465
805
1065
1840
1212
1266
1840
793
1066
504
1143
1144
1146
1144
1569
1621
791
1303
1605
1783
472
473
708
1476
471
708
1663
1794
472
1682
1474
707
1029
1478
1831
1265
1672
1069
1885
666
1167
479
480
971
1016
1545
596
775
1453
592
1225
1642
483
485
487
1522
696
1090
1526
485
486
1224
1785
706
1793
487
1795
575
489
835
1126
1452
490
1435
1125
494
766
1022
1743
493
515
1114
1744
494
1586
1588
564
1619
1620
1458
1619
499
733
734
1841
871
1870
626
1564
501
627
598
1052
503
1302
1546
873
914
1145
1145
1151
1302
506
622
1553
780
1174
1466
508
509
821
1041
1525
1799
1267
1290
1118
1825
512
984
986
1472
513
1219
1654
1850
911
1680
831
622
635
635
646
1248
519
582
743
796
1180
1352
521
522
524
816
1333
524
525
1071
1191
1216
1311
527
709
1470
1497
1221
1700
781
870
1487
1700
781
1395
534
905
1418
1447
534
1206
1583
1566
1602
536
852
853
1657
537
1718
1737
895
1829
909
1019
1513
883
1028
1513
641
1022
1054
574
1740
1499
1604
1660
915
1013
1112
1571
925
1195
549
1217
547
755
1228
549
1217
915
1013
1828
779
929
1211
1277
1767
552
1739
553
826
939
1391
1592
556
1141
1613
556
854
902
1538
938
1886
1191
1354
1727
956
827
1577
1589
1229
1547
1628
923
992
1443
636
1060
1877
1618
570
1087
1422
917
1272
1750
1027
1505
1856
593
1505
1166
1477
1693
1812
588
1367
1746
836
1083
1346
807
1193
1522
1795
1187
1262
1730
599
604
1414
1706
1859
1553
1667
1866
1142
1610
742
1180
1249
1864
1483
1491
1797
969
1451
1298
1165
1324
735
946
1286
1329
765
1182
1505
980
1676
1853
1158
1572
1504
1824
1830
907
1275
1382
1756
599
604
1004
1335
727
1016
1364
1720
921
1413
1025
1026
1173
1508
709
889
1471
712
750
881
1723
610
970
1456
745
813
1137
1833
771
960
1299
1102
1782
1847
777
1210
1585
750
1485
1694
744
1136
1432
650
692
1349
770
961
1034
1651
1652
695
1153
1523
1661
1365
1417
1595
801
1186
1367
715
799
1029
1089
1530
850
1554
876
1282
1440
1441
693
962
1061
804
1459
733
1565
1050
811
856
1138
1763
752
964
1756
647
1325
1890
797
1544
1697
1284
1489
1749
890
1042
1236
1282
1062
1656
1671
717
778
1385
1056
1199
1440
720
1027
1294
665
913
1517
1593
766
1555
1851
725
994
1490
1040
1489
1666
649
838
848
1438
1394
1598
1724
1333
1390
1568
1614
847
849
1637
690
1542
1694
653
655
859
943
655
1001
1315
1324
711
1165
1189
1469
657
874
1596
659
1580
659
1405
1596
690
1061
1662
1877
1300
1319
1808
664
997
665
1055
1104
665
1814
1776
668
1875
668
1167
1774
1269
1541
902
903
1738
671
1091
1770
672
1688
1771
1202
1575
1421
1813
1220
1421
1424
1203
1420
1698
677
680
941
1695
678
679
928
965
1214
1192
1235
1707
928
682
1205
1824
894
1076
685
686
1530
1383
974
1012
1760
1176
1892
692
693
960
963
1061
1063
1064
1197
1729
1759
1784
696
698
1794
1155
1353
1447
1448
1454
1153
1155
700
1069
1626
701
1741
874
1596
1842
1072
1296
1878
1073
708
1031
1476
1663
707
708
1090
1224
710
1506
1014
1471
713
714
1423
714
1486
844
1397
1524
1165
1813
1478
717
1385
996
993
1389
720
1541
722
1026
1384
1681
725
994
996
726
1227
1867
995
1389
728
729
1781
1184
1201
1140
1613
996
976
1760
734
737
794
1535
736
1558
1839
1312
1494
737
878
739
740
1275
1425
907
749
1017
743
744
1432
1513
744
1624
1028
909
1482
1668
1407
1676
1722
1853
749
751
1426
1784
1431
1018
952
1782
1160
1163
1164
1606
1062
1488
840
1218
1531
856
1160
1670
1845
1606
1761
1044
1845
760
761
1655
1854
1162
1375
762
984
1790
986
987
1280
765
1269
1541
894
1173
767
1024
1115
1646
1302
1376
1767
772
961
1393
1397
772
963
1001
1315
924
1133
1489
776
777
1455
1453
1548
1549
994
1796
1554
1633
862
893
1635
1010
1195
1190
1323
1111
1819
787
788
789
985
787
788
1321
884
1221
1181
1285
1348
1653
1854
791
792
1051
1604
1869
1106
1839
1841
795
1839
1876
798
1028
1516
1180
1441
1567
1732
1881
800
1356
1520
1232
1578
1232
1240
803
1053
923
1056
1199
1581
808
809
1500
1762
808
809
810
1884
1083
1399
814
1629
813
909
1136
1223
1019
1684
1128
1130
1059
1128
820
1849
1040
1290
1489
957
1802
1887
1041
1152
1481
923
1461
827
1589
1039
1197
830
831
1114
1268
832
1113
832
905
1361
837
838
1451
1637
1435
1638
1126
1637
1590
857
1686
842
845
1110
1111
843
1225
1571
845
1644
1423
848
850
1554
1640
912
850
1659
879
982
1015
1157
1322
1721
1737
855
1142
1539
1468
1218
1529
952
1102
1276
1823
946
1329
891
1108
1252
930
1387
1636
1553
1817
1306
1712
1466
1467
1687
866
1751
1766
1826
1274
1818
1228
1271
1317
1091
1092
1770
1382
1820
1566
1698
1558
906
1596
1238
1546
1328
1210
1548
1779
973
1231
1539
1765
1108
1558
1640
1890
1556
1633
1019
1514
1321
1792
1860
1184
1305
1603
1617
1021
1170
1222
1697
908
1762
1884
1166
1186
1239
890
1042
1396
1250
1820
1639
1466
1183
1013
1643
1096
1098
1272
1385
1753
1822
1255
1577
1088
1801
1844
1259
1291
1142
991
1538
1065
1563
1871
1872
1454
1403
1405
964
1101
1222
1510
1570
1125
1126
1055
1306
1891
987
1736
1850
1573
922
1681
1753
1800
1231
1218
1851
953
1326
1408
947
1335
1414
1583
1702
1874
1442
1676
1371
1826
951
1055
1711
1889
1230
1510
1510
1680
1088
1556
1633
989
1035
959
1273
1404
1703
1722
1245
1846
1005
1846
1742
937
1391
1806
1873
1458
1716
1094
1715
1806
1587
1619
1716
942
1235
1827
944
1422
1469
945
1483
1312
1329
949
951
1889
950
951
1711
950
1326
1340
1431
1756
1342
1410
955
1338
1493
977
1852
959
1273
1887
958
1550
1295
1887
962
1349
1287
1662
1287
1301
966
1369
967
1263
1819
1366
1512
969
1452
1233
1549
1545
1549
1831
1282
1607
1006
1466
1687
976
1383
1677
1208
1286
980
1763
1757
982
1810
1308
1638
1136
1434
985
1854
1181
1860
1850
1145
1790
1474
1693
1811
1097
1304
991
1362
1392
1540
1378
1544
1388
995
1796
1855
998
1814
1194
1394
1411
1437
1087
1299
1469
1189
1299
1723
1278
1046
1406
1410
1231
1008
1051
1748
1336
1011
1591
1257
1698
1226
1447
1448
1531
1686
1309
1348
1120
1888
1780
1784
1429
1021
1021
1170
1588
1024
1057
1462
1460
1646
1027
1504
1505
1714
1032
1327
1857
1858
1835
1836
1224
1861
1038
1463
1465
1037
1304
1038
1816
1387
1635
1467
1533
1866
1119
1688
1193
1357
1670
1046
1048
1595
1413
1337
1417
1772
1050
1052
1604
1605
1869
1054
1442
1732
1430
1057
1460
1838
1583
1702
1713
1583
1873
1061
1062
1197
1341
1694
1667
1564
1841
1557
1840
1069
1885
1069
1741
1311
1878
1766
1768
1804
1077
1507
1077
1511
1169
1830
1082
1240
1578
1080
1084
1520
1755
1082
1519
1245
1401
1865
1690
1085
1359
1521
1086
1811
1241
1213
1089
1794
1574
1200
1261
1715
1584
1801
1099
1266
1673
1097
1649
1652
1099
1622
1650
1101
1762
1779
1548
1778
1429
1468
1518
1670
1403
1405
1776
1109
1279
1534
1109
1557
1876
1251
1250
1559
1837
1377
1571
1377
1512
1116
1444
1454
1743
1645
1647
1743
1647
1209
1618
1799
1124
1721
1704
1123
1343
1631
1255
1719
1631
1704
1331
1582
1129
1333
1132
1832
1436
1407
1599
1492
1765
1509
1539
1540
1137
1427
1669
1140
1141
1247
1781
1147
1376
1621
1148
1162
1146
1147
1151
1375
1481
1228
1317
1556
1151
1152
1211
1280
1154
1156
1334
1156
1267
1290
1159
1642
1658
1159
1300
1669
1761
1164
1248
1655
1670
1758
1234
1892
1307
1508
1433
1625
1805
1861
1346
1496
1690
1182
1294
1541
1774
1664
1725
1597
1864
1187
1616
1196
1412
1843
1790
1834
1856
1372
1612
1263
1369
1356
1755
1254
1728
1246
1397
1390
1746
1863
1283
1398
1814
1311
1289
1717
1623
1650
1441
1544
1613
1574
1257
1769
1504
1566
1317
1678
1256
1302
1673
1871
1246
1366
1707
1710
1277
1848
1475
1531
1271
1396
1654
1860
1470
1223
1624
1433
1570
1566
1591
1386
1389
1563
1672
1673
1244
1710
1356
1831
1244
1827
1771
1773
1297
1399
1736
1693
1261
1715
1801
1844
1746
1863
1707
1402
1299
1349
1305
1758
1824
1830
1279
1534
1425
1880
1380
1534
1370
1862
1395
1575
1323
1260
1261
1291
1331
1296
1355
1862
1390
1614
1563
1870
1525
1647
1743
1490
1855
1851
1798
1295
1431
1880
1775
1846
1375
1768
1804
1284
1488
1799
1653
1786
1787
1336
1815
1590
1597
1551
1754
1856
1861
1809
1370
1776
1788
1658
1560
1816
1781
1365
1594
1365
1415
1593
1310
1472
1854
1810
1371
1490
1491
1617
1735
1447
1576
1393
1667
1555
1449
1747
1330
1747
1834
1657
1422
1404
1436
1335
1477
1580
1842
1360
1634
1589
1475
1523
1561
1748
1867
1776
1788
1814
1859
1889
1877
1402
1719
1444
1645
1747
1453
1660
1376
1479
1696
1470
1542
1611
1601
1609
1764
1732
1357
1523
1355
1730
1522
1527
1378
1392
1502
1363
1364
1363
1719
1726
1634
1720
1712
1368
1789
1755
1707
1863
1766
1802
1751
1868
1374
1419
1379
1819
1685
1382
1820
1731
1825
1385
1753
1691
1630
1677
1798
1739
1726
1865
1792
1500
1757
1404
1428
1410
1846
1706
1865
1408
1437
1830
1864
1428
1847
1517
1891
1709
1416
1417
1439
1602
1832
1591
1483
1424
1813
1780
1429
1759
1823
1537
1703
1442
1823
1434
1848
1722
1598
1833
1517
1593
1838
1443
1881
1445
1448
1690
1879
1821
1585
1781
1603
1550
1616
1752
1460
1838
1787
1533
1687
1467
1629
1473
1473
1476
1682
1614
1477
1835
1480
1621
1705
1569
1537
1485
1694
1717
1486
1524
1497
1770
1749
1494
1536
1494
1690
1884
1506
1700
1773
1740
1503
1725
1734
1805
1508
1770
1536
1609
1765
1710
1789
1516
1538
1881
1668
1520
1578
1695
1793
1526
1686
1750
1760
1750
1800
1535
1729
1601
1608
1758
1540
1610
1608
1662
1545
1778
1622
1623
1778
1579
1808
1837
1841
1872
1562
1782
1628
1581
1628
1628
1624
1697
1572
1573
1644
1807
1679
1807
1576
1771
1582
1689
1718
1587
1716
1886
1786
1592
1733
1698
1595
1891
1600
1599
1600
1735
1611
1764
1617
1620
1664
1774
1892
1629
1635
1721
1634
1641
1689
1808
1817
1674
1640
1659
1720
1644
1657
1648
1648
1650
1651
1655
1736
1666
1749
1888
1663
1836
1682
1805
1675
1671
1674
1683
1683
1710
1783
1843
1803
1852
1769
1809
1701
1767
1775
1775
1777
1848
1777
1844
1807
1828
1842
1745
1715
1806
1873
1829
1890
1764
1766
1818
1742
1754
1769
1834
1803
1884
1759
1804
1849
1845
1853
1821
1815
1793
1795
1858
1791
1859
1822
1822
1878
1873
1835
1847
1880
1882
1829
1860
1857
1871
1867
1872
1883
1882
1891
)


// ************************************************************************* //
