/*--------------------------------*- C++ -*----------------------------------*\
| =========                 |                                                 |
| \\      /  F ield         | OpenFOAM: The Open Source CFD Toolbox           |
|  \\    /   O peration     | Version:  2512                                  |
|   \\  /    A nd           | Website:  www.openfoam.com                      |
|    \\/     M anipulation  |                                                 |
\*---------------------------------------------------------------------------*/
FoamFile
{
    version     2.0;
    format      ascii;
    arch        "LSB;label=32;scalar=64";
    note        "nPoints:649  nCells:1893  nFaces:4289  nInternalFaces:3283";
    class       labelList;
    location    "constant/domain7/polyMesh";
    object      owner;
}
// * * * * * * * * * * * * * * * * * * * * * * * * * * * * * * * * * * * * * //


4289
(
0
0
0
0
1
1
1
2
2
2
2
3
3
3
3
4
4
4
5
5
5
6
6
6
6
7
7
7
7
8
8
8
8
9
9
9
10
10
10
10
11
11
11
12
12
12
13
13
13
13
14
14
14
15
15
15
15
16
16
16
17
17
17
18
18
18
19
19
20
20
20
20
21
21
22
22
22
22
23
23
23
24
24
25
25
25
25
26
26
26
26
27
27
27
28
28
28
28
29
29
29
30
30
30
31
31
31
31
32
32
32
33
33
33
34
34
34
35
35
35
36
36
36
36
37
37
37
38
38
38
39
39
39
40
40
40
41
41
41
42
42
42
43
43
43
44
44
44
45
45
45
45
46
46
46
47
47
47
48
48
48
48
49
49
49
50
50
50
50
51
51
51
51
52
52
53
53
53
54
54
54
55
55
55
57
57
57
58
58
59
59
59
60
60
60
61
61
62
62
62
62
63
63
63
64
64
64
64
65
65
65
66
66
66
66
67
67
67
67
68
68
68
68
69
69
69
70
70
70
71
71
71
72
72
72
72
73
73
74
74
74
75
75
75
75
76
76
76
76
77
77
78
78
78
79
79
79
79
80
80
80
81
81
81
81
82
82
82
83
83
84
84
84
85
85
85
85
86
86
86
86
87
87
87
88
88
88
89
89
89
90
90
90
91
91
91
92
92
92
92
93
93
93
93
94
94
94
95
95
96
96
96
96
97
97
97
98
98
98
99
99
99
100
101
101
101
102
102
102
103
103
103
104
104
105
105
106
106
106
106
107
107
107
108
108
108
108
109
109
110
110
110
111
111
111
112
112
112
113
113
113
113
114
114
115
115
115
116
116
116
116
117
117
119
119
119
119
120
120
120
120
121
121
121
121
122
122
122
122
123
124
124
125
125
125
126
126
126
127
127
128
128
128
129
129
129
130
130
131
131
131
131
132
132
132
133
133
133
133
134
134
135
135
135
136
136
136
137
137
137
138
138
138
138
139
139
139
140
140
140
141
141
141
141
142
142
142
143
143
143
144
144
144
145
145
145
146
146
146
146
147
147
148
148
149
149
150
150
150
150
151
151
151
151
152
152
152
152
153
153
154
154
154
155
155
155
156
156
156
157
157
158
158
159
159
159
159
160
160
160
160
161
161
161
162
162
162
162
163
163
163
164
164
164
165
165
165
166
166
166
167
167
168
168
168
168
169
169
169
169
170
170
170
171
171
171
172
172
172
173
173
173
173
174
174
174
175
175
176
176
176
177
177
178
178
178
178
179
179
179
180
180
180
181
181
181
182
182
182
183
183
183
183
184
184
184
185
185
185
185
186
186
186
186
187
187
187
187
188
188
188
189
189
189
190
190
190
190
191
191
192
192
192
193
193
194
194
195
195
196
196
196
197
197
197
197
198
198
198
199
199
199
199
200
200
200
200
201
201
202
202
203
203
203
204
204
204
205
205
205
205
206
206
206
206
207
207
207
208
208
208
209
209
210
210
210
210
211
211
211
211
212
212
212
212
213
214
214
214
215
216
216
216
217
217
217
217
218
218
219
219
219
220
220
220
220
221
221
221
222
223
223
223
223
224
224
224
224
225
225
225
226
226
227
227
227
227
228
228
228
229
229
230
230
230
231
231
231
231
232
233
234
235
236
236
236
236
237
237
237
238
238
238
239
239
240
240
240
240
241
241
241
241
242
242
242
243
243
243
244
244
245
246
246
246
247
247
247
247
248
248
249
249
250
250
250
251
251
252
252
252
252
253
253
254
254
254
255
255
256
256
256
257
257
257
258
259
260
261
261
261
261
262
262
263
263
263
263
264
264
265
265
266
266
266
267
267
267
267
268
268
268
268
269
269
269
270
270
270
271
271
271
272
272
273
273
273
273
274
274
274
275
275
276
276
276
277
277
277
277
278
278
278
278
279
279
280
280
280
281
281
282
282
282
283
283
283
284
284
285
285
286
286
286
287
287
288
288
289
289
290
290
290
290
291
291
291
292
292
292
292
293
293
294
295
295
295
295
296
296
296
297
297
297
298
298
299
300
300
300
301
301
301
302
302
302
303
303
303
304
304
304
305
305
307
308
308
308
309
309
309
309
310
310
310
311
311
312
312
312
313
313
313
314
314
315
315
315
315
316
317
317
317
317
318
318
318
319
319
320
320
320
321
321
321
322
322
323
323
324
324
324
325
325
326
326
326
326
327
327
328
328
328
329
329
329
330
330
331
331
331
332
332
333
333
334
334
334
335
335
336
336
337
337
337
338
338
338
338
339
339
339
339
340
340
340
341
341
341
341
342
342
342
343
343
343
344
344
344
344
345
345
345
345
346
346
346
347
347
348
348
348
348
349
349
350
350
350
350
351
351
351
351
352
352
353
353
353
354
354
354
355
355
355
356
356
356
356
357
357
357
358
358
358
359
359
359
360
360
360
361
361
362
362
362
362
363
363
363
364
364
365
365
366
366
366
367
367
367
368
368
368
369
369
370
371
372
372
372
373
373
374
374
375
375
375
376
377
378
378
378
379
379
380
381
381
382
382
382
383
383
383
384
384
384
385
385
386
386
386
386
387
387
387
388
388
389
389
389
390
390
391
391
391
392
392
392
392
393
393
394
394
394
394
395
395
396
396
397
397
398
398
399
399
399
399
400
400
401
401
402
402
403
403
404
405
405
406
407
407
407
408
408
409
409
410
410
410
411
411
411
412
412
413
413
414
414
414
415
415
416
416
417
418
418
419
419
420
420
421
421
422
422
422
423
423
423
424
424
424
425
425
426
426
426
427
427
427
428
428
428
429
430
430
431
431
431
431
432
433
433
433
434
434
434
434
435
435
435
435
436
436
437
437
438
438
438
439
440
440
440
441
441
442
442
443
444
444
444
445
445
446
446
446
446
447
447
447
447
448
448
449
449
450
451
451
451
452
452
453
453
454
454
454
455
455
456
456
456
457
458
458
458
458
459
459
459
460
461
462
462
462
463
463
463
463
464
464
464
465
465
466
466
466
466
467
467
467
468
468
468
468
469
469
469
469
470
470
470
470
471
471
472
473
473
473
474
475
475
476
476
477
477
478
478
478
478
479
480
480
480
481
481
481
482
482
482
482
483
483
483
484
484
484
484
485
485
486
486
487
488
488
488
488
489
489
490
491
491
491
491
492
492
492
492
493
493
494
495
495
495
496
496
497
497
497
497
498
498
499
499
500
500
501
501
502
502
502
503
503
503
504
504
504
505
505
505
506
506
506
507
507
507
508
508
508
509
509
510
510
511
511
511
511
512
512
513
513
514
514
515
516
516
517
517
517
518
518
518
519
519
519
520
520
521
521
521
522
522
523
523
524
525
526
526
526
526
527
527
528
528
529
529
530
530
531
531
531
531
532
532
533
534
534
535
535
535
535
536
536
536
537
537
538
538
538
539
539
539
540
540
540
541
541
542
542
542
543
543
543
543
544
544
545
545
546
546
546
547
547
548
548
548
549
549
550
550
550
551
551
552
552
553
553
553
554
554
554
555
555
555
555
557
557
558
558
558
559
560
560
560
561
561
561
562
562
562
563
563
563
564
565
565
565
566
566
566
567
567
567
568
568
569
569
569
569
570
571
571
572
573
573
574
575
575
575
576
576
576
577
577
577
578
578
579
580
580
581
581
582
582
583
583
585
585
585
586
586
587
588
588
589
589
589
589
590
590
590
591
591
591
592
592
593
593
593
594
594
594
594
595
595
595
595
596
596
597
597
599
599
600
600
600
600
601
601
601
602
602
603
604
605
605
605
606
606
606
607
608
608
608
609
609
609
610
610
610
611
611
611
612
612
612
613
613
613
614
614
615
615
615
616
616
616
616
617
617
617
618
618
618
619
619
619
620
620
621
621
622
622
623
623
624
624
624
625
625
626
626
627
628
628
628
629
630
630
630
631
631
631
632
632
632
633
633
633
634
634
634
635
636
636
636
637
637
637
638
638
638
639
639
639
640
640
640
640
641
642
642
643
643
643
644
644
644
645
645
645
646
647
647
647
648
648
648
648
649
649
649
650
650
650
651
651
651
651
652
652
652
653
654
654
654
655
656
656
656
657
657
658
658
658
660
660
660
660
661
661
661
662
662
663
663
663
664
664
665
666
666
667
667
667
668
668
669
669
669
670
670
670
671
671
671
672
672
673
673
674
674
674
675
675
675
676
676
676
676
677
677
678
678
678
679
679
679
680
681
682
682
683
683
684
684
684
685
686
686
686
687
687
688
688
688
688
689
690
691
691
694
694
694
695
695
695
696
696
697
697
697
698
698
699
699
699
700
701
702
702
702
703
703
703
704
705
705
705
705
706
706
706
707
709
709
710
710
711
711
711
712
712
713
713
713
714
714
715
716
716
717
718
718
719
719
720
720
721
721
723
723
723
724
724
724
726
726
727
727
727
728
728
729
729
730
731
731
732
732
732
732
733
733
734
735
735
736
736
738
738
738
738
739
740
740
741
741
741
741
742
742
743
744
745
745
746
746
747
747
748
748
748
748
749
751
752
752
753
753
753
753
754
754
755
755
755
756
756
756
756
757
757
758
758
759
759
759
759
760
760
761
761
761
762
762
762
763
763
763
764
765
766
766
767
767
768
768
768
769
769
769
769
771
771
772
772
773
773
774
775
775
775
776
777
777
778
778
779
779
780
780
780
781
782
783
783
784
784
785
785
785
785
786
786
786
787
787
788
788
789
789
789
790
790
790
791
792
793
793
793
794
795
795
796
796
796
797
797
797
798
798
799
799
799
800
800
801
801
802
802
803
803
803
805
806
806
806
806
807
807
808
808
810
810
811
811
812
812
812
813
814
815
816
816
817
818
819
820
821
821
821
822
822
822
823
824
824
825
825
826
826
827
828
829
829
829
829
830
830
831
832
833
835
835
836
836
837
837
838
838
839
840
840
841
841
841
841
842
842
842
843
843
844
846
846
846
847
848
849
849
851
851
852
852
852
853
853
854
854
854
856
857
857
858
858
858
858
859
859
860
860
860
861
861
861
862
862
863
863
864
864
864
865
865
865
865
866
866
867
867
867
868
868
868
869
869
870
870
871
872
872
873
873
874
875
875
875
876
876
877
877
878
878
879
880
882
882
883
883
884
884
884
885
885
885
885
886
886
886
886
887
887
887
888
888
888
889
889
890
891
891
892
893
894
895
895
896
896
897
897
897
897
898
898
899
900
900
901
901
902
903
903
904
904
904
904
905
906
906
907
908
909
911
911
912
912
913
913
913
914
914
914
915
916
917
917
917
918
919
919
920
920
920
921
921
921
922
922
922
923
924
925
925
926
926
926
926
927
927
928
928
929
929
929
930
930
931
931
932
932
932
933
933
934
934
935
936
936
936
937
938
938
939
939
939
940
940
940
941
941
942
943
943
943
944
944
945
945
947
947
947
948
948
948
949
949
949
952
952
953
953
954
954
954
955
955
956
956
956
957
957
958
958
960
960
961
962
963
964
965
965
966
966
966
967
967
968
968
970
970
971
971
971
972
972
973
973
973
974
975
976
977
978
979
979
980
981
981
982
982
983
983
984
984
985
985
986
987
987
988
988
988
989
989
990
990
990
990
991
992
993
994
995
995
997
997
998
999
999
999
1000
1000
1000
1001
1001
1002
1003
1004
1005
1005
1006
1007
1007
1007
1008
1009
1009
1010
1010
1011
1011
1011
1012
1012
1014
1014
1015
1015
1017
1017
1018
1019
1020
1020
1022
1023
1023
1023
1024
1024
1025
1025
1025
1026
1029
1029
1030
1030
1031
1031
1032
1033
1034
1034
1034
1035
1035
1036
1036
1037
1037
1038
1038
1040
1041
1042
1043
1043
1044
1045
1045
1045
1046
1047
1048
1048
1049
1049
1050
1051
1051
1053
1053
1053
1054
1056
1057
1057
1058
1058
1058
1059
1059
1060
1060
1063
1063
1063
1064
1065
1065
1066
1066
1067
1067
1068
1068
1070
1070
1072
1072
1072
1074
1074
1075
1075
1076
1076
1078
1078
1078
1079
1079
1079
1079
1080
1080
1081
1081
1081
1083
1084
1084
1084
1085
1085
1086
1087
1088
1090
1091
1092
1093
1093
1094
1094
1095
1095
1095
1096
1096
1096
1097
1098
1098
1100
1100
1100
1101
1101
1102
1103
1103
1103
1104
1104
1104
1105
1105
1105
1106
1106
1106
1107
1108
1109
1109
1110
1110
1112
1112
1113
1113
1113
1114
1115
1115
1115
1116
1117
1118
1119
1120
1120
1121
1122
1122
1122
1123
1123
1124
1124
1127
1127
1128
1130
1131
1131
1132
1133
1133
1134
1134
1135
1135
1135
1136
1137
1138
1139
1139
1139
1140
1143
1143
1143
1144
1144
1145
1146
1148
1148
1148
1149
1149
1149
1150
1150
1150
1151
1153
1154
1154
1155
1155
1156
1157
1157
1157
1158
1159
1160
1160
1161
1161
1162
1163
1164
1166
1167
1168
1169
1170
1171
1171
1171
1172
1172
1172
1175
1175
1175
1175
1176
1176
1177
1177
1178
1178
1179
1179
1179
1181
1181
1182
1183
1184
1185
1185
1186
1186
1188
1188
1189
1189
1191
1192
1192
1193
1194
1194
1195
1196
1197
1198
1198
1199
1199
1201
1202
1203
1204
1205
1206
1207
1208
1209
1211
1212
1212
1213
1214
1214
1214
1215
1215
1216
1217
1218
1219
1219
1219
1221
1222
1222
1223
1225
1226
1226
1227
1227
1229
1229
1229
1230
1230
1232
1233
1235
1235
1236
1236
1237
1237
1238
1239
1242
1242
1242
1242
1243
1243
1244
1245
1246
1246
1247
1248
1249
1249
1250
1250
1251
1252
1253
1253
1254
1254
1257
1257
1258
1259
1259
1260
1260
1262
1262
1262
1264
1264
1265
1265
1267
1268
1268
1270
1270
1271
1272
1273
1275
1276
1277
1278
1280
1281
1281
1283
1284
1284
1285
1288
1288
1289
1289
1291
1292
1293
1293
1294
1294
1295
1296
1298
1298
1300
1301
1304
1305
1306
1306
1307
1307
1307
1308
1309
1309
1310
1311
1312
1312
1313
1313
1314
1314
1315
1316
1317
1318
1318
1319
1320
1321
1322
1324
1325
1325
1326
1327
1328
1328
1330
1330
1331
1333
1334
1336
1336
1338
1339
1339
1339
1339
1340
1341
1342
1343
1344
1344
1344
1345
1346
1347
1347
1347
1348
1349
1350
1351
1351
1351
1352
1353
1353
1354
1354
1357
1357
1358
1358
1358
1360
1360
1361
1361
1362
1363
1363
1365
1366
1366
1367
1368
1368
1370
1370
1371
1372
1373
1373
1376
1377
1378
1380
1380
1381
1381
1384
1384
1386
1387
1388
1389
1391
1392
1394
1396
1399
1400
1401
1401
1402
1402
1403
1404
1406
1407
1409
1409
1410
1412
1413
1413
1414
1415
1415
1416
1418
1419
1420
1422
1423
1424
1425
1426
1426
1426
1427
1428
1430
1431
1432
1435
1436
1437
1438
1439
1439
1440
1442
1443
1444
1445
1446
1449
1450
1455
1455
1456
1457
1457
1458
1459
1459
1462
1463
1464
1465
1468
1471
1472
1474
1474
1475
1476
1477
1479
1479
1480
1481
1482
1484
1484
1484
1485
1486
1487
1487
1488
1491
1492
1493
1495
1495
1497
1498
1498
1499
1501
1503
1503
1503
1504
1506
1509
1509
1509
1510
1512
1514
1515
1516
1518
1519
1519
1521
1522
1525
1528
1528
1528
1529
1529
1532
1532
1536
1536
1537
1538
1539
1540
1542
1543
1543
1547
1547
1549
1552
1552
1557
1559
1559
1560
1561
1563
1564
1564
1565
1567
1567
1570
1570
1571
1572
1573
1573
1574
1575
1577
1579
1579
1584
1584
1584
1586
1589
1590
1591
1594
1594
1597
1598
1598
1603
1609
1611
1612
1618
1625
1625
1625
1627
1630
1631
1632
1632
1632
1632
1635
1636
1639
1640
1641
1643
1643
1645
1646
1649
1649
1653
1654
1656
1656
1658
1661
1661
1663
1664
1665
1666
1672
1673
1674
1679
1684
1684
1689
1691
1692
1692
1696
1696
1696
1699
1699
1699
1701
1702
1708
1708
1711
1712
1713
1713
1716
1718
1724
1726
1728
1728
1729
1730
1731
1736
1737
1740
1742
1751
1752
1761
1763
1777
1782
1785
1785
1785
1788
1791
1796
1798
1804
1806
1812
1815
1820
1823
1828
1834
1835
1840
1855
1870
1875
1880
1889
559
603
1274
1818
881
1188
134
1178
1254
1457
959
140
1802
656
872
1706
906
578
1791
587
1298
52
1745
657
659
1405
52
71
134
143
176
332
559
578
587
603
702
863
866
872
874
931
1168
1178
1187
1188
1273
1274
1328
1403
1457
1580
1616
1706
1712
1728
1745
1788
1791
1818
1859
1862
1
4
5
98
9
11
12
513
1543
14
562
18
21
24
30
32
33
34
1325
175
35
39
40
41
462
1545
42
43
1815
44
46
47
1537
54
55
634
57
58
59
60
61
443
1240
582
69
70
1416
888
73
1677
74
77
83
84
88
94
1203
800
100
101
102
103
104
105
109
114
115
1351
118
123
827
125
126
127
1762
972
128
130
132
1207
135
136
1099
1490
139
1386
142
144
145
1568
147
148
148
149
380
1737
153
154
155
156
157
161
163
165
166
167
167
170
171
172
174
1622
177
385
1685
179
355
180
181
182
1722
189
191
191
1530
1626
1368
194
195
715
1858
262
1241
849
196
1304
239
1666
580
436
201
481
1554
784
198
518
270
1876
204
209
213
218
221
225
228
230
232
245
248
251
1182
255
256
258
259
1679
264
265
274
275
276
279
283
287
294
297
301
302
303
305
308
311
312
316
319
1448
320
321
322
323
323
1713
1087
1424
778
464
324
840
325
1734
1355
900
698
327
1377
1631
629
1208
1553
1098
1546
524
1428
1768
1346
1705
1620
1293
782
628
1507
329
330
1211
331
1825
625
637
682
541
1592
717
1578
1375
754
528
337
1637
893
1446
1824
1319
1261
1757
1111
1364
1877
1279
1496
1439
1602
1427
1529
1701
1443
869
859
969
1845
391
340
1233
1665
1239
1280
342
343
818
1656
1162
517
707
540
1412
347
1812
1855
1498
1827
1624
878
1394
1340
1081
1245
1633
1088
779
764
1039
1652
615
680
1285
1794
953
1179
902
935
1203
1002
388
1090
1158
1588
1127
1653
1017
673
1831
1619
1408
509
539
573
1521
499
1315
961
1255
354
1425
1014
1621
739
1461
1401
999
1176
444
722
867
592
358
359
360
1091
361
1646
1445
1848
486
936
661
364
365
877
366
370
895
1650
371
1252
376
377
381
460
393
395
398
400
402
403
408
410
414
1789
1797
424
1455
1140
427
1287
1527
428
432
440
450
452
453
457
459
465
467
471
474
475
475
477
479
490
493
496
498
500
501
502
505
1662
514
515
771
1890
525
750
1717
1341
530
532
533
1648
1562
602
537
542
1374
544
545
1078
1675
548
550
1475
551
1124
1121
1309
1216
556
980
798
1167
1587
1329
557
920
975
1430
1320
1276
560
1372
1220
563
565
567
1234
568
568
991
1519
570
571
1778
572
1849
621
1888
927
611
1083
574
1784
642
1244
643
1471
607
1515
1093
1112
907
844
1103
809
1607
1028
1615
1126
579
579
663
617
1371
1281
916
1458
1832
1253
581
669
795
583
584
586
590
1137
596
898
1657
1290
736
944
1119
1013
1833
1020
597
1310
1215
1322
1232
1102
1247
1552
605
1641
606
1817
1627
1735
1420
1321
1000
1479
608
1499
773
1739
1452
1152
1680
1695
1752
1354
1485
1292
1836
977
1200
1518
612
1369
1688
614
1248
1396
845
618
619
620
1751
948
1754
623
624
1100
626
627
630
1614
1686
892
1174
1008
765
1795
1459
694
1658
1654
1238
1210
1777
1454
870
746
901
1839
1704
1660
925
1129
1436
880
1702
1682
1881
638
1316
1075
1052
1040
1557
1205
1185
945
725
905
786
1418
710
641
1342
1194
644
1544
1506
646
655
662
1730
667
672
675
687
693
697
701
704
857
712
742
721
729
730
731
734
743
745
747
751
758
760
767
774
776
1196
1409
1787
783
1027
792
1867
1243
887
1779
801
1774
804
805
1210
814
815
1813
855
1142
912
1661
823
1691
824
1586
825
1036
828
1049
831
1288
834
836
839
1468
1864
853
856
1623
1204
860
1668
1869
1600
998
1478
862
899
868
1086
1482
1483
871
955
1044
1015
1803
1125
970
1861
963
1512
1407
1678
1266
1883
1875
1511
1759
875
1337
1594
1190
1300
1153
883
1391
1058
1547
1212
1514
1183
1060
891
1866
1073
1689
1347
1379
1470
1042
1773
1492
1724
1463
1805
896
1763
1733
1393
1879
1533
1816
911
1206
1139
1808
1202
1334
1009
1453
1437
1765
910
1692
988
1811
1271
1851
997
1415
903
1595
1343
1797
1767
1800
1565
1289
1286
1708
1486
1332
1348
1438
1585
1692
1727
1798
1856
1227
924
1630
962
996
1610
1526
1740
1481
1525
1138
1669
1886
1642
976
1551
1676
1868
1382
1105
933
1237
942
950
951
964
974
978
979
986
992
1741
1350
1003
1006
1012
1016
1116
1018
1282
1134
1022
1469
1283
1030
1032
1033
1037
1041
1043
1050
1054
1066
1067
1092
1122
1411
1128
1133
1338
1575
1147
1817
1150
1154
1532
1161
1569
1761
1497
1837
1170
1714
1643
1524
1236
1456
1400
1398
1703
1829
1579
1792
1810
1267
1384
1488
1193
1440
1693
1528
1601
1473
1753
1270
1732
1259
1659
1701
1639
1821
1567
1223
1847
1269
1749
1224
1838
1535
1198
1201
1209
1217
1221
1230
1238
1256
1263
1268
1278
1709
1674
1297
1314
1844
1419
1738
1345
1352
1572
1359
1362
1399
1697
1664
1381
1395
1609
1651
1417
1429
1432
1433
1434
1822
1472
1828
1870
1819
1574
1780
1581
1613
1750
1641
1683
1647
1809
1807
1786
1700
1796
1850
1684
1885
1772
)


// ************************************************************************* //
