/*--------------------------------*- C++ -*----------------------------------*\
| =========                 |                                                 |
| \\      /  F ield         | OpenFOAM: The Open Source CFD Toolbox           |
|  \\    /   O peration     | Version:  2512                                  |
|   \\  /    A nd           | Website:  www.openfoam.com                      |
|    \\/     M anipulation  |                                                 |
\*---------------------------------------------------------------------------*/
FoamFile
{
    version     2.0;
    format      ascii;
    arch        "LSB;label=32;scalar=64";
    class       vectorField;
    location    "constant/domain7/polyMesh";
    object      points;
}
// * * * * * * * * * * * * * * * * * * * * * * * * * * * * * * * * * * * * * //


649
(
(495 -30 -7.5)
(5 -30 -7.5)
(8.32667e-16 -30 -7.5)
(500 -30 -7.5)
(5 -25.2045 -5.76659)
(5 -22.6257 -1.36762)
(5 -23.6066 3.92097)
(5 -27.5913 7.10268)
(5 -32.6894 7.00123)
(5 -36.5444 3.66352)
(5 -37.3743 -1.36762)
(5 -34.7955 -5.76659)
(12.0598 -30 -7.5)
(19.6095 -30 -7.5)
(27.1593 -30 -7.5)
(34.7091 -30 -7.5)
(42.2588 -30 -7.5)
(49.8086 -30 -7.5)
(57.3584 -30 -7.5)
(64.9082 -30 -7.5)
(72.4579 -30 -7.5)
(80.0077 -30 -7.5)
(87.5575 -30 -7.5)
(95.1072 -30 -7.5)
(102.657 -30 -7.5)
(110.207 -30 -7.5)
(117.757 -30 -7.5)
(125.306 -30 -7.5)
(132.856 -30 -7.5)
(140.406 -30 -7.5)
(147.956 -30 -7.5)
(155.505 -30 -7.5)
(163.055 -30 -7.5)
(170.605 -30 -7.5)
(178.155 -30 -7.5)
(185.704 -30 -7.5)
(193.254 -30 -7.5)
(200.804 -30 -7.5)
(208.354 -30 -7.5)
(215.904 -30 -7.5)
(223.453 -30 -7.5)
(231.003 -30 -7.5)
(238.553 -30 -7.5)
(246.103 -30 -7.5)
(253.652 -30 -7.5)
(261.202 -30 -7.5)
(268.752 -30 -7.5)
(276.302 -30 -7.5)
(283.851 -30 -7.5)
(291.401 -30 -7.5)
(298.951 -30 -7.5)
(306.501 -30 -7.5)
(314.051 -30 -7.5)
(321.6 -30 -7.5)
(329.15 -30 -7.5)
(336.7 -30 -7.5)
(344.25 -30 -7.5)
(351.799 -30 -7.5)
(359.349 -30 -7.5)
(366.899 -30 -7.5)
(374.449 -30 -7.5)
(381.998 -30 -7.5)
(389.548 -30 -7.5)
(397.098 -30 -7.5)
(404.648 -30 -7.5)
(412.198 -30 -7.5)
(419.747 -30 -7.5)
(427.297 -30 -7.5)
(434.847 -30 -7.5)
(442.397 -30 -7.5)
(449.946 -30 -7.5)
(457.496 -30 -7.5)
(465.046 -30 -7.5)
(472.596 -30 -7.5)
(480.145 -30 -7.5)
(487.695 -30 -7.5)
(495 -25.2045 -5.76659)
(495 -22.6257 -1.36762)
(495 -23.6066 3.92097)
(495 -27.5913 7.10268)
(495 -32.6894 7.00123)
(495 -36.5444 3.66352)
(495 -37.3743 -1.36762)
(495 -34.7955 -5.76659)
(6.4022e-16 -25.2045 -5.76659)
(1.51837e-16 -22.6257 -1.36762)
(-4.35315e-16 -23.6066 3.92097)
(-7.88556e-16 -27.5913 7.10268)
(-7.77292e-16 -32.6894 7.00123)
(-4.06732e-16 -36.5444 3.66352)
(1.51837e-16 -37.3743 -1.36762)
(6.4022e-16 -34.7955 -5.76659)
(500 -25.2045 -5.76659)
(500 -22.6257 -1.36762)
(500 -23.6066 3.92097)
(500 -27.5913 7.10268)
(500 -32.6894 7.00123)
(500 -36.5444 3.66352)
(500 -37.3743 -1.36762)
(500 -34.7955 -5.76659)
(11.18 -23.8426 -4.28216)
(10.764 -22.5692 1.01681)
(10.4453 -25.252 5.8057)
(10.6804 -30.1701 7.49807)
(10.6805 -34.9386 5.64445)
(10.1899 -37.3798 1.33742)
(9.13815 -36.7743 -3.21842)
(10.6349 -34.0751 -6.29631)
(16.7164 -25.5341 -6.02545)
(30.5326 -24.2928 -4.86594)
(45.6649 -23.9593 -4.44524)
(60.8569 -23.9468 -4.42822)
(75.9926 -23.9473 -4.42884)
(91.1013 -23.948 -4.42988)
(106.194 -23.9591 -4.44491)
(121.298 -23.9558 -4.44049)
(136.403 -23.9495 -4.43191)
(151.511 -23.9454 -4.4262)
(166.599 -23.9489 -4.43099)
(181.708 -23.948 -4.42984)
(196.805 -23.9544 -4.43857)
(211.905 -23.9495 -4.43188)
(226.999 -23.9543 -4.43839)
(242.113 -23.9559 -4.44053)
(257.202 -23.9659 -4.45414)
(272.305 -23.9798 -4.47293)
(287.408 -23.9798 -4.47297)
(302.498 -23.9995 -4.49929)
(317.591 -24.0173 -4.52295)
(332.701 -24.0228 -4.53019)
(347.8 -24.0236 -4.53136)
(362.895 -24.0245 -4.53247)
(377.996 -24.0212 -4.5281)
(393.097 -24.0094 -4.51244)
(408.198 -23.9818 -4.4756)
(423.301 -23.9608 -4.4473)
(438.412 -23.9469 -4.42828)
(453.508 -23.9254 -4.39878)
(468.484 -23.9029 -4.36753)
(482.678 -24.171 -4.71935)
(489.156 -23.6683 -4.01993)
(490.656 -22.5779 1.0779)
(489.47 -24.8037 5.40822)
(489.048 -29.6516 7.4919)
(489.287 -34.714 5.83338)
(489.95 -37.3603 1.44082)
(490.959 -36.7804 -3.20572)
(489.397 -34.0595 -6.30641)
(16.9387 -34.4199 -6.05928)
(24.6209 -35.0619 -5.53418)
(31.7163 -35.4964 -5.1029)
(39.1864 -35.6593 -4.92165)
(46.7831 -35.6796 -4.89823)
(54.3917 -35.6722 -4.90678)
(61.9801 -35.6658 -4.9141)
(69.5495 -35.662 -4.91851)
(77.108 -35.66 -4.92081)
(84.6609 -35.6597 -4.92118)
(92.2136 -35.6581 -4.92299)
(99.7638 -35.66 -4.92078)
(107.311 -35.6645 -4.91563)
(114.859 -35.665 -4.91504)
(122.41 -35.6624 -4.91805)
(129.961 -35.6621 -4.91839)
(137.51 -35.6613 -4.91936)
(145.062 -35.6576 -4.92359)
(152.613 -35.6566 -4.92469)
(160.161 -35.6591 -4.92184)
(167.71 -35.6597 -4.92116)
(175.262 -35.658 -4.92311)
(182.814 -35.6592 -4.92169)
(190.362 -35.6629 -4.91751)
(197.912 -35.6623 -4.91821)
(205.463 -35.6594 -4.92145)
(213.012 -35.6602 -4.92063)
(220.561 -35.6617 -4.91882)
(228.111 -35.6648 -4.91532)
(235.661 -35.6681 -4.91153)
(243.213 -35.6689 -4.9105)
(250.767 -35.6697 -4.90961)
(258.318 -35.6743 -4.90437)
(265.869 -35.6787 -4.89927)
(273.42 -35.6828 -4.89443)
(280.972 -35.6837 -4.89341)
(288.524 -35.6854 -4.8914)
(296.075 -35.6907 -4.8853)
(303.626 -35.6982 -4.87648)
(311.18 -35.704 -4.86972)
(318.732 -35.709 -4.86392)
(326.282 -35.7122 -4.86014)
(333.831 -35.7136 -4.85849)
(341.38 -35.7138 -4.85818)
(348.929 -35.7136 -4.85846)
(356.478 -35.7132 -4.85898)
(364.027 -35.7125 -4.85972)
(371.575 -35.7114 -4.861)
(379.123 -35.7092 -4.86361)
(386.668 -35.705 -4.86854)
(394.213 -35.6983 -4.87639)
(401.757 -35.6898 -4.88627)
(409.303 -35.6813 -4.89622)
(416.851 -35.673 -4.90579)
(424.401 -35.6652 -4.91478)
(431.949 -35.6607 -4.92006)
(439.488 -35.6581 -4.92301)
(447.016 -35.6466 -4.93619)
(454.514 -35.6158 -4.97121)
(461.931 -35.5451 -5.04997)
(469.155 -35.3701 -5.23566)
(475.982 -34.9604 -5.62534)
(483.243 -34.4138 -6.06367)
(38.0388 -24.0345 -4.54563)
(23.2045 -24.735 -5.34129)
(53.2752 -23.9438 -4.42401)
(68.4402 -23.9435 -4.42371)
(83.559 -23.9427 -4.42261)
(98.658 -23.9488 -4.4309)
(113.754 -23.9551 -4.4395)
(128.859 -23.9494 -4.43167)
(143.959 -23.9457 -4.4267)
(159.061 -23.9464 -4.42764)
(174.154 -23.946 -4.42711)
(189.249 -23.9552 -4.43967)
(204.355 -23.9531 -4.43682)
(219.452 -23.9515 -4.43459)
(234.552 -23.957 -4.44213)
(249.652 -23.9618 -4.44857)
(264.748 -23.9758 -4.46757)
(279.848 -23.9844 -4.47909)
(294.942 -23.992 -4.48937)
(310.044 -24.0097 -4.51288)
(325.156 -24.019 -4.52527)
(340.26 -24.023 -4.53054)
(355.359 -24.0219 -4.52908)
(370.456 -24.0197 -4.52617)
(385.557 -24.0136 -4.5181)
(400.659 -23.9921 -4.48945)
(415.755 -23.9672 -4.45586)
(430.849 -23.9568 -4.44184)
(445.955 -23.9417 -4.42124)
(461.021 -23.9098 -4.37718)
(475.72 -24.0168 -4.52234)
(64.3686 -22.8479 2.25771)
(33.5187 -22.7323 1.85198)
(56.7918 -22.8522 2.27133)
(17.9921 -22.5751 -1.0585)
(79.5226 -22.8499 2.26408)
(26.014 -22.5218 0.57207)
(94.6334 -22.8486 2.25986)
(71.9548 -22.8491 2.26146)
(109.703 -22.8348 2.21568)
(87.0852 -22.8521 2.27105)
(124.824 -22.8427 2.24108)
(102.18 -22.8436 2.24397)
(139.941 -22.8503 2.26534)
(117.271 -22.8406 2.23447)
(155.046 -22.8509 2.26722)
(132.381 -22.8459 2.25142)
(170.129 -22.851 2.2677)
(147.494 -22.8509 2.2671)
(185.226 -22.8432 2.24289)
(200.335 -22.8425 2.24047)
(49.1084 -22.8446 2.24714)
(215.44 -22.8491 2.26171)
(253.19 -22.8358 2.21903)
(230.518 -22.8399 2.23217)
(192.786 -22.8407 2.23478)
(245.651 -22.8388 2.22877)
(268.255 -22.8142 2.14811)
(283.377 -22.8147 2.14964)
(298.453 -22.8012 2.10409)
(313.565 -22.7858 2.05074)
(328.682 -22.7785 2.02491)
(343.773 -22.7762 2.01671)
(358.878 -22.7779 2.02279)
(373.985 -22.7805 2.03207)
(389.083 -22.7873 2.05581)
(404.188 -22.8121 2.14122)
(419.273 -22.8316 2.20546)
(434.385 -22.8428 2.24168)
(449.495 -22.861 2.29884)
(464.572 -22.9077 2.43903)
(478.977 -22.7469 1.9086)
(207.875 -22.844 2.24527)
(162.568 -22.8459 2.25145)
(177.681 -22.8496 2.2632)
(485.268 -22.5918 1.16982)
(485.903 -37.1403 -2.29467)
(20.971 -37.4744 -0.618679)
(28.2215 -37.4896 0.394108)
(35.8694 -37.4303 1.02034)
(43.6391 -37.4181 1.10538)
(51.3553 -37.4214 1.08304)
(58.996 -37.4235 1.06824)
(66.5903 -37.4246 1.06081)
(74.1626 -37.4259 1.05168)
(81.7171 -37.4252 1.05635)
(89.2775 -37.4266 1.0469)
(96.8309 -37.4265 1.04717)
(104.371 -37.4237 1.06742)
(111.915 -37.4226 1.07481)
(119.473 -37.4246 1.06063)
(127.024 -37.4248 1.05947)
(134.57 -37.4242 1.06364)
(142.128 -37.4263 1.0487)
(149.682 -37.4275 1.03998)
(157.223 -37.426 1.05063)
(164.768 -37.4252 1.05687)
(172.325 -37.4265 1.04723)
(179.882 -37.4268 1.04505)
(187.426 -37.4242 1.06354)
(194.974 -37.4237 1.06714)
(202.534 -37.4261 1.05013)
(210.08 -37.4256 1.05359)
(217.625 -37.4252 1.05648)
(225.173 -37.4242 1.06375)
(232.721 -37.4222 1.07726)
(240.275 -37.4215 1.08262)
(247.836 -37.4225 1.07561)
(255.386 -37.42 1.09264)
(262.94 -37.4184 1.10323)
(270.489 -37.4155 1.12289)
(278.047 -37.4153 1.12402)
(285.602 -37.4151 1.12521)
(293.152 -37.4134 1.13628)
(300.699 -37.4093 1.16307)
(308.258 -37.4066 1.17992)
(315.815 -37.4038 1.19739)
(323.368 -37.4018 1.20997)
(330.918 -37.4008 1.21586)
(338.467 -37.4006 1.21716)
(346.016 -37.4007 1.21668)
(353.565 -37.4008 1.21555)
(361.113 -37.4011 1.21404)
(368.661 -37.4014 1.21197)
(376.208 -37.4021 1.20766)
(383.752 -37.4036 1.19846)
(391.294 -37.4064 1.18125)
(398.833 -37.4104 1.15572)
(406.373 -37.4147 1.12817)
(413.917 -37.4184 1.10354)
(421.469 -37.4223 1.07654)
(429.021 -37.4252 1.05638)
(436.556 -37.4248 1.05947)
(444.086 -37.4267 1.04571)
(451.606 -37.4343 0.990804)
(459.066 -37.4482 0.879873)
(466.373 -37.4734 0.631543)
(473.37 -37.5 -0.00444313)
(222.964 -22.8429 2.24199)
(16.1062 -27.4557 7.05525)
(16.5966 -32.8973 6.91779)
(16.2639 -36.8114 3.13917)
(14.4147 -37.1272 -2.33527)
(15.4748 -23.5782 3.87441)
(483.346 -25.9729 6.32712)
(484.205 -36.7382 3.29338)
(238.076 -22.8358 2.21916)
(41.3274 -22.8149 2.15035)
(483.106 -32.2006 7.16988)
(260.726 -22.8282 2.19428)
(275.831 -22.8128 2.14334)
(290.942 -22.8173 2.15859)
(306.009 -22.7926 2.07461)
(321.124 -22.7808 2.033)
(336.245 -22.7782 2.0236)
(351.343 -22.7784 2.02439)
(366.414 -22.777 2.01946)
(381.514 -22.7803 2.03119)
(396.615 -22.7934 2.07736)
(411.716 -22.8227 2.17633)
(426.83 -22.8385 2.22776)
(441.95 -22.85 2.26438)
(457.03 -22.8771 2.34836)
(472.026 -22.9322 2.50932)
(479.926 -37.4555 -0.815928)
(135.834 -27.5363 7.08381)
(120.737 -27.5325 7.08246)
(105.593 -27.4915 7.06807)
(90.5584 -27.5697 7.09533)
(75.3922 -27.5303 7.08172)
(28.3093 -27.1348 6.93116)
(476.269 -28.3967 7.32662)
(60.2469 -27.5415 7.08559)
(44.8167 -27.4964 7.06978)
(271.685 -27.3474 7.01524)
(67.8397 -27.548 7.08787)
(82.9781 -27.5488 7.08813)
(113.145 -27.4684 7.0598)
(249.109 -27.5045 7.07265)
(128.26 -27.5109 7.07491)
(36.7179 -27.3169 7.00362)
(166.011 -27.5328 7.08259)
(158.477 -27.539 7.08475)
(430.296 -27.5243 7.07962)
(98.0807 -27.5364 7.08382)
(301.884 -27.2903 6.9934)
(286.866 -27.432 7.04665)
(264.176 -27.4418 7.05021)
(279.265 -27.3569 7.01885)
(294.387 -27.3957 7.03333)
(415.171 -27.467 7.05933)
(317.012 -27.238 6.97289)
(332.125 -27.2141 6.9634)
(347.223 -27.2127 6.96282)
(362.317 -27.2179 6.96489)
(377.414 -27.227 6.96852)
(392.507 -27.2646 6.98338)
(407.623 -27.421 7.04265)
(468.164 -27.9132 7.20383)
(422.715 -27.4668 7.05923)
(452.966 -27.6313 7.11612)
(460.522 -27.7112 7.14223)
(32.1389 -34.0243 6.32887)
(40.2798 -33.9254 6.39069)
(48.1878 -33.9624 6.36786)
(55.8738 -33.9711 6.36241)
(63.4781 -33.9671 6.3649)
(71.1005 -33.9962 6.34667)
(78.6284 -33.9686 6.36398)
(86.2145 -33.9911 6.3499)
(93.793 -34.0076 6.3395)
(101.308 -33.9709 6.36253)
(108.829 -33.9378 6.38306)
(116.416 -33.981 6.35624)
(123.98 -33.9862 6.35298)
(131.49 -33.9574 6.37097)
(139.068 -33.9851 6.35367)
(146.648 -34.0115 6.33704)
(154.167 -33.9895 6.35092)
(161.686 -33.9685 6.36405)
(169.26 -33.9879 6.35188)
(176.842 -34.0099 6.33803)
(184.363 -33.9744 6.36034)
(191.893 -33.9449 6.37872)
(199.5 -34.0014 6.34343)
(207.029 -33.9844 6.35413)
(214.569 -33.9821 6.35552)
(222.111 -33.9769 6.35877)
(229.652 -33.9592 6.36983)
(237.19 -33.9309 6.38734)
(244.799 -33.9782 6.35795)
(252.315 -33.936 6.3842)
(259.895 -33.9399 6.38178)
(267.412 -33.8934 6.41025)
(274.992 -33.8997 6.40646)
(282.556 -33.9023 6.40484)
(290.115 -33.901 6.40561)
(297.623 -33.852 6.43522)
(305.201 -33.8409 6.44188)
(312.766 -33.8163 6.45648)
(320.324 -33.7962 6.46827)
(327.877 -33.7858 6.4744)
(335.427 -33.7832 6.47591)
(342.977 -33.7836 6.4757)
(350.525 -33.7846 6.47511)
(358.074 -33.7867 6.47386)
(365.621 -33.7883 6.47291)
(373.169 -33.7914 6.47111)
(380.714 -33.7986 6.46692)
(388.257 -33.8141 6.45774)
(395.796 -33.8434 6.44035)
(403.328 -33.8803 6.4182)
(410.861 -33.9095 6.40043)
(418.415 -33.9391 6.3823)
(425.996 -33.9939 6.34813)
(433.511 -33.9714 6.36224)
(441.025 -33.9648 6.36633)
(448.591 -34.0155 6.3345)
(456.154 -34.1036 6.27778)
(463.623 -34.2301 6.19326)
(471.004 -34.5853 5.93506)
(256.647 -27.4875 7.06663)
(21.6196 -29.5701 7.48767)
(23.7479 -35.1623 5.44065)
(445.37 -27.5432 7.08619)
(52.5976 -27.5331 7.08267)
(21.3656 -24.3126 4.88913)
(173.602 -27.5723 7.09622)
(233.948 -27.4843 7.0655)
(309.451 -27.2636 6.983)
(188.654 -27.4959 7.06961)
(143.416 -27.5683 7.09485)
(324.57 -27.2213 6.96627)
(339.675 -27.214 6.96334)
(354.773 -27.2166 6.9644)
(369.865 -27.2192 6.96542)
(384.96 -27.2372 6.97259)
(400.055 -27.3096 7.00085)
(437.829 -27.5192 7.07782)
(203.803 -27.5397 7.08496)
(181.132 -27.5408 7.08538)
(477.857 -35.6073 4.98077)
(218.882 -27.5407 7.08531)
(226.419 -27.5235 7.07933)
(211.34 -27.5382 7.08445)
(241.517 -27.4611 7.0572)
(196.216 -27.4803 7.06408)
(150.946 -27.5518 7.08918)
(3.35656e-16 -28.8974 -3.02332)
(-2.51718e-16 -28.0491 2.26727)
(-6.07435e-17 -32.8213 0.547129)
(500 -28.8974 -3.02332)
(500 -28.0491 2.26728)
(500 -32.8213 0.547136)
(303.373 -30.0057 -0.42479)
(127.611 -30.2579 0.032451)
(112.967 -31.3277 -0.565655)
(59.9139 -30.8028 -0.097711)
(229.076 -32.9669 1.60079)
(329.873 -31.6057 2.49377)
(268.389 -30.4872 -1.03611)
(68.4662 -30.1617 -0.34495)
(202.053 -31.8849 -2.21536)
(11.4628 -28.5683 -1.06016)
(442.373 -29.9969 -0.273405)
(336.115 -29.615 0.494766)
(21.3699 -29.2412 -2.19121)
(419.435 -30.1585 -0.428068)
(425.59 -29.1967 -2.68302)
(311.122 -28.986 -1.64937)
(386.024 -31.0001 1.2102)
(466.781 -31.1085 -2.16756)
(35.8966 -29.4174 -1.03696)
(28.6855 -29.34 -2.54439)
(42.0233 -30.1119 0.541251)
(246.724 -30.3427 0.57566)
(15.4952 -30.9054 1.96526)
(346.304 -28.6917 -1.65617)
(372.617 -32.0486 0.556282)
(347.871 -32.7808 1.42122)
(194.518 -31.9205 2.16463)
(400.348 -30.5159 1.63897)
(426.737 -31.6143 1.83596)
(357.139 -27.332 1.54121)
(183.312 -30.6842 -0.761428)
(119.962 -29.7017 0.441143)
(90.9433 -31.3808 -0.630763)
(290.36 -29.9261 0.547388)
(77.5548 -30.0544 0.710959)
(451.007 -31.6204 3.01604)
(436.852 -29.5607 -0.475608)
(164.638 -28.5587 -1.39466)
(240.58 -29.7311 -0.196675)
(145.11 -32.0683 -1.86542)
(217.203 -30.7685 0.81049)
(100.923 -31.2238 0.406032)
(234.643 -30.0364 0.998033)
(324.655 -31.3159 4.16212)
(279.77 -27.9169 -1.5546)
(407.455 -29.5932 0.20072)
(209.76 -28.116 1.14879)
(260.312 -29.6614 0.647526)
(283.709 -31.1179 0.865455)
(472.582 -30.7845 0.589277)
(296.522 -27.897 1.97863)
(363.119 -28.975 1.95715)
(153.445 -32.6237 0.140619)
(253.623 -30.6969 1.03871)
(493.601 -33.4578 -0.17259)
(483.684 -30.9518 -0.448311)
(479.582 -29.7703 2.39311)
(148.314 -30.5597 3.11528)
(169.435 -32.7909 -0.0387406)
(178.455 -27.6537 -0.167446)
(362.764 -31.2032 -2.91767)
(224.215 -31.1896 2.91121)
(461.049 -26.3328 1.30483)
(84.3994 -28.8741 0.256058)
(47.7333 -31.3209 -1.55366)
(8.58522 -32.3135 1.83935)
(117.019 -33.6385 -1.08825)
(221.357 -30.2579 -2.99637)
(412.815 -32.3337 0.340627)
(203.002 -28.4051 2.45077)
(53.2967 -29.3224 1.65448)
(265.73 -27.6666 2.49672)
(352.289 -30.0514 0.0714524)
(190.292 -29.4845 -0.95501)
(95.0138 -27.5117 0.841627)
(455.569 -33.3138 1.1432)
(433.445 -32.4622 2.03545)
(134.238 -30.1005 -2.30611)
(275.53 -31.2803 0.842098)
(378.458 -29.3608 1.05846)
(489.025 -36.0498 -1.05598)
(108.218 -28.2097 0.360432)
(447.743 -30.1622 -2.26616)
(296.251 -31.9063 -1.62253)
(149.886 -27.8791 -1.44786)
(490.635 -27.6614 5.56449)
(172.226 -28.0709 -0.090922)
(229.691 -28.0889 -0.45643)
(158.889 -31.1206 2.58244)
(176.494 -32.1747 2.053)
(314.882 -29.107 2.00156)
(212.049 -32.9996 2.06337)
(142.989 -29.097 2.4404)
(2.04078 -30.8016 -4.37326)
(491.717 -26.3348 -4.81675)
(156.478 -27.4998 -0.437679)
(31.8701 -30.6615 2.26406)
(477.905 -30.2107 -2.87554)
(83.6212 -32.9816 -1.274)
(199.592 -32.7374 1.46669)
(71.9595 -28.6908 3.75562)
(206.134 -32.7056 0.56098)
(263.79 -32.0492 3.33535)
(19.4131 -29.2102 3.52263)
(388.01 -29.2779 -3.70085)
(341.89 -31.0743 1.74225)
(381.781 -33.5124 -0.575229)
(231.798 -33.221 -2.12534)
(309.853 -32.4841 2.22048)
(368.452 -27.8815 -1.17808)
(367.004 -32.7986 0.479656)
(138.486 -27.3745 -0.458883)
(497.931 -28.8084 -4.91388)
(12.75 -29.3964 4.31139)
(113.703 -26.3938 1.10427)
(107.841 -33.7962 0.621848)
(393.524 -33.6991 2.78802)
(197.878 -28.319 -1.28819)
(133.627 -30.4409 2.84583)
(104.412 -28.3083 -2.93587)
(87.5001 -26.7199 -2.55244)
(15.3835 -30.3852 -3.31072)
(413.642 -27.1579 -0.55953)
(327.428 -28.784 -0.937139)
(486.341 -35.482 1.35676)
(18.9138 -33.385 0.937222)
(374.423 -29.1343 -3.0196)
(262.769 -33.0927 -2.61046)
(138.699 -32.3195 0.434807)
(486.102 -27.4915 3.51997)
(163.823 -33.0236 1.21213)
(465.872 -27.7296 1.51736)
(446.277 -33.0613 1.99906)
(47.3784 -27.5871 1.68152)
(357.922 -30.804 -1.60635)
(456.41 -27.4782 -0.129555)
(318.598 -31.2796 3.67536)
(12.2439 -34.0015 -0.126502)
(25.0711 -30.9502 1.9576)
(431.447 -28.3212 -1.48533)
(460.544 -31.6002 0.216168)
(7.37978 -29.3753 4.98466)
(5.59389 -27.9696 0.517383)
(487.462 -29.9346 -0.0281756)
)


// ************************************************************************* //
