/*--------------------------------*- C++ -*----------------------------------*\
| =========                 |                                                 |
| \\      /  F ield         | OpenFOAM: The Open Source CFD Toolbox           |
|  \\    /   O peration     | Version:  2512                                  |
|   \\  /    A nd           | Website:  www.openfoam.com                      |
|    \\/     M anipulation  |                                                 |
\*---------------------------------------------------------------------------*/
FoamFile
{
    version     2.0;
    format      ascii;
    arch        "LSB;label=32;scalar=64";
    class       labelList;
    location    "constant/tube_side_fluid/polyMesh";
    object      cellRegionAddressing;
}
// * * * * * * * * * * * * * * * * * * * * * * * * * * * * * * * * * * * * * //


12803
(
0
9
14
25
28
34
38
39
40
42
43
45
46
48
49
50
53
54
67
68
70
74
81
84
86
87
89
90
91
93
99
100
104
106
117
121
122
125
128
129
130
131
134
136
138
141
155
161
164
171
172
182
187
195
209
214
216
217
219
221
222
223
224
225
227
229
233
234
236
237
239
242
245
246
251
252
253
254
255
256
257
261
264
267
275
276
281
284
285
286
287
290
291
296
303
305
307
313
315
316
318
324
330
333
334
335
336
353
357
362
363
367
372
373
375
378
391
392
405
410
414
424
430
439
440
449
450
452
454
456
457
459
460
461
466
471
476
483
490
492
493
499
500
501
502
506
507
521
522
535
536
537
538
542
547
550
552
553
557
563
566
578
583
588
591
597
621
625
626
627
634
635
636
637
638
640
642
643
644
645
646
651
652
654
658
659
669
670
675
677
678
693
697
698
701
702
707
710
713
716
721
724
738
742
747
754
757
760
763
767
772
773
774
777
780
783
784
785
786
788
791
801
803
805
810
812
814
816
822
823
824
830
831
833
834
843
848
851
852
853
857
859
866
867
869
872
873
878
882
886
894
896
899
900
905
909
910
915
931
934
937
940
942
949
958
960
963
964
967
970
972
975
987
989
997
1000
1001
1002
1005
1007
1009
1011
1016
1017
1019
1020
1022
1025
1029
1030
1032
1034
1038
1039
1045
1047
1052
1062
1064
1065
1075
1085
1087
1088
1097
1098
1099
1100
1102
1104
1107
1108
1111
1112
1116
1117
1121
1122
1125
1127
1129
1132
1133
1134
1140
1141
1142
1143
1147
1148
1150
1161
1166
1168
1169
1178
1184
1188
1198
1199
1204
1210
1214
1215
1220
1223
1224
1227
1228
1230
1234
1235
1238
1239
1248
1253
1254
1255
1256
1261
1267
1269
1272
1276
1279
1281
1282
1284
1290
1295
1298
1300
1310
1313
1317
1319
1320
1323
1337
1345
1353
1371
1372
1374
1375
1379
1381
1385
1388
1389
1390
1391
1396
1397
1398
1400
1416
1422
1423
1430
1431
1436
1442
1443
1453
1457
1462
1464
1465
1466
1474
1480
1481
1482
1483
1486
1492
1494
1500
1505
1509
1510
1518
1519
1520
1522
1523
1527
1529
1532
1536
1539
1540
1546
1547
1549
1550
1553
1554
1557
1560
1561
1565
1571
1575
1576
1580
1583
1588
1592
1593
1596
1603
1607
1610
1614
1616
1619
1620
1622
1625
1627
1631
1632
1644
1646
1647
1648
1654
1656
1657
1660
1664
1666
1668
1669
1671
1674
1677
1679
1688
1689
1692
1694
1698
1705
1706
1708
1710
1714
1722
1730
1731
1739
1741
1745
1751
1755
1758
1759
1761
1763
1764
1766
1769
1777
1779
1783
1786
1791
1792
1796
1798
1799
1801
1813
1820
1821
1822
1824
1825
1827
1828
1832
1839
1842
1844
1847
1853
1855
1856
1860
1861
1867
1870
1872
1874
1879
1880
1882
1886
1890
1891
1895
1896
1897
1899
1900
1901
1903
1910
1911
1912
1926
1927
1942
1943
1950
1952
1954
1963
1966
1970
1974
1977
1980
1983
1984
1986
1988
1998
2006
2013
2014
2020
2021
2024
2033
2042
2047
2049
2055
2059
2065
2073
2074
2075
2077
2080
2082
2083
2084
2087
2088
2095
2096
2100
2108
2109
2115
2117
2123
2128
2130
2131
2132
2133
2136
2137
2145
2147
2149
2152
2155
2160
2161
2162
2177
2182
2185
2189
2190
2191
2196
2197
2198
2200
2205
2206
2212
2213
2217
2218
2225
2227
2233
2236
2240
2243
2244
2246
2251
2255
2258
2270
2274
2277
2281
2283
2287
2288
2297
2299
2302
2303
2305
2308
2310
2312
2315
2316
2317
2318
2319
2321
2323
2324
2329
2331
2332
2335
2342
2347
2351
2361
2371
2373
2374
2384
2385
2390
2395
2397
2399
2403
2406
2417
2421
2424
2426
2429
2430
2433
2434
2447
2452
2459
2480
2485
2492
2493
2501
2504
2509
2510
2511
2515
2530
2544
2550
2552
2553
2554
2555
2557
2558
2560
2561
2563
2571
2573
2575
2579
2581
2583
2591
2596
2599
2602
2603
2610
2620
2621
2623
2626
2632
2640
2643
2647
2650
2652
2654
2656
2657
2662
2665
2666
2667
2668
2674
2676
2680
2682
2687
2689
2691
2694
2696
2699
2705
2709
2713
2715
2718
2722
2724
2726
2728
2729
2731
2732
2737
2738
2740
2747
2750
2753
2754
2757
2759
2761
2762
2764
2765
2766
2771
2773
2774
2775
2777
2778
2779
2784
2786
2790
2796
2798
2803
2808
2809
2810
2817
2818
2821
2823
2824
2829
2838
2841
2844
2845
2846
2849
2850
2851
2855
2859
2868
2869
2886
2899
2906
2909
2912
2916
2918
2923
2924
2928
2929
2931
2932
2936
2938
2948
2952
2953
2955
2961
2962
2967
2971
2974
2980
2989
2992
2993
2998
3001
3009
3013
3017
3027
3029
3030
3031
3032
3033
3041
3042
3045
3047
3050
3051
3053
3055
3056
3059
3062
3063
3069
3073
3095
3097
3098
3109
3111
3115
3119
3121
3123
3136
3139
3141
3143
3144
3145
3146
3148
3150
3154
3156
3159
3167
3174
3177
3179
3180
3185
3188
3200
3208
3210
3212
3216
3218
3223
3225
3227
3233
3237
3238
3239
3240
3243
3252
3255
3262
3263
3265
3270
3272
3278
3279
3285
3286
3288
3289
3290
3291
3292
3295
3300
3301
3302
3307
3312
3315
3321
3322
3323
3325
3330
3331
3335
3337
3339
3361
3367
3378
3379
3383
3392
3397
3401
3407
3416
3418
3420
3423
3425
3426
3428
3431
3438
3444
3445
3447
3452
3454
3456
3460
3461
3463
3466
3468
3472
3478
3482
3486
3488
3491
3492
3497
3499
3501
3505
3507
3508
3509
3512
3514
3518
3523
3542
3546
3551
3557
3559
3560
3562
3565
3571
3573
3576
3579
3582
3591
3595
3598
3601
3615
3618
3619
3629
3636
3643
3645
3646
3649
3651
3652
3654
3655
3656
3658
3661
3669
3675
3684
3686
3687
3691
3697
3704
3705
3707
3708
3710
3712
3720
3721
3733
3736
3737
3746
3753
3755
3767
3777
3779
3783
3800
3802
3806
3808
3815
3819
3822
3823
3827
3831
3833
3835
3838
3839
3842
3845
3846
3847
3848
3854
3855
3856
3862
3864
3868
3870
3875
3881
3883
3884
3892
3895
3896
3899
3910
3919
3923
3927
3934
3936
3947
3951
3952
3954
3957
3961
3962
3970
3972
3973
3975
3979
3980
3986
3988
3990
3996
4000
4005
4006
4008
4010
4015
4022
4024
4026
4030
4031
4043
4049
4052
4053
4056
4059
4065
4067
4072
4073
4077
4078
4087
4088
4094
4095
4100
4111
4115
4117
4123
4127
4128
4129
4132
4134
4135
4138
4139
4141
4143
4146
4147
4148
4152
4154
4158
4159
4165
4167
4177
4181
4184
4186
4187
4192
4193
4195
4196
4201
4209
4211
4213
4214
4218
4224
4227
4232
4235
4237
4239
4240
4242
4249
4254
4270
4274
4283
4286
4290
4292
4301
4304
4310
4317
4320
4322
4326
4332
4333
4334
4335
4336
4342
4353
4360
4361
4362
4365
4366
4369
4370
4371
4375
4386
4387
4389
4393
4396
4402
4403
4406
4410
4411
4412
4414
4415
4416
4420
4422
4425
4430
4433
4435
4436
4437
4442
4443
4447
4448
4452
4455
4457
4460
4461
4462
4465
4467
4469
4471
4473
4474
4475
4476
4480
4481
4483
4486
4488
4494
4497
4498
4500
4508
4509
4514
4515
4522
4523
4524
4526
4528
4535
4541
4544
4547
4549
4550
4553
4554
4555
4557
4565
4570
4572
4573
4574
4576
4580
4582
4594
4595
4597
4600
4601
4602
4604
4610
4614
4623
4624
4627
4628
4630
4631
4636
4639
4640
4646
4647
4651
4653
4656
4659
4660
4662
4667
4676
4679
4682
4685
4694
4699
4707
4709
4711
4718
4723
4724
4726
4728
4736
4737
4738
4746
4748
4749
4751
4753
4756
4759
4760
4764
4765
4766
4768
4770
4775
4776
4777
4781
4784
4787
4791
4793
4795
4797
4798
4804
4806
4808
4809
4810
4833
4834
4842
4844
4847
4852
4853
4854
4857
4859
4860
4865
4867
4880
4883
4886
4888
4893
4894
4895
4906
4907
4908
4909
4919
4920
4921
4923
4927
4938
4939
4942
4946
4950
4954
4958
4959
4970
4973
4974
4979
4981
4985
4995
4998
5000
5001
5010
5017
5020
5027
5033
5038
5040
5046
5053
5055
5060
5064
5066
5068
5072
5074
5077
5080
5083
5084
5089
5094
5097
5105
5115
5116
5120
5121
5125
5131
5136
5141
5142
5143
5150
5155
5160
5164
5166
5167
5169
5170
5171
5177
5179
5184
5187
5200
5201
5205
5207
5214
5221
5222
5224
5229
5230
5232
5233
5237
5238
5239
5249
5251
5254
5256
5258
5264
5267
5271
5274
5276
5282
5283
5287
5290
5292
5297
5299
5301
5303
5311
5312
5314
5322
5329
5332
5333
5335
5337
5341
5343
5344
5346
5352
5353
5355
5362
5367
5368
5386
5391
5396
5397
5404
5408
5409
5410
5414
5424
5429
5432
5437
5444
5448
5450
5452
5457
5462
5464
5465
5467
5469
5473
5478
5481
5483
5485
5487
5495
5504
5506
5521
5526
5527
5528
5531
5534
5544
5545
5549
5556
5560
5565
5571
5572
5578
5582
5585
5589
5596
5597
5599
5601
5608
5609
5612
5613
5615
5619
5623
5624
5632
5633
5637
5639
5641
5644
5656
5657
5666
5680
5697
5702
5707
5710
5711
5715
5717
5718
5727
5728
5733
5738
5739
5740
5741
5743
5744
5746
5747
5749
5751
5760
5763
5764
5769
5773
5780
5787
5788
5794
5795
5798
5811
5812
5814
5822
5837
5838
5842
5860
5862
5864
5869
5878
5886
5901
5904
5906
5907
5910
5911
5929
5931
5932
5934
5935
5940
5944
5946
5948
5950
5961
5963
5964
5967
5977
5986
5987
5988
5993
5995
5996
6001
6003
6004
6009
6017
6027
6030
6035
6037
6040
6041
6050
6057
6062
6064
6072
6077
6079
6082
6087
6089
6095
6102
6104
6107
6108
6124
6136
6141
6142
6144
6146
6158
6159
6164
6166
6172
6182
6185
6186
6189
6202
6204
6205
6209
6215
6221
6223
6230
6233
6239
6242
6248
6249
6254
6255
6259
6271
6272
6273
6274
6276
6279
6285
6300
6302
6304
6310
6311
6317
6321
6331
6332
6342
6351
6363
6366
6368
6370
6376
6377
6390
6391
6393
6394
6397
6399
6400
6403
6406
6407
6412
6414
6415
6416
6418
6419
6424
6429
6432
6438
6439
6440
6442
6443
6445
6447
6449
6451
6453
6457
6459
6461
6462
6468
6477
6479
6480
6487
6488
6489
6491
6495
6501
6509
6511
6513
6525
6535
6539
6540
6541
6549
6550
6557
6566
6570
6575
6578
6579
6580
6587
6588
6592
6595
6597
6605
6618
6622
6631
6635
6637
6639
6642
6643
6646
6647
6650
6652
6658
6660
6666
6667
6669
6672
6678
6682
6688
6689
6692
6694
6695
6700
6704
6706
6710
6714
6717
6722
6729
6734
6745
6748
6756
6764
6766
6769
6774
6775
6776
6777
6784
6786
6801
6806
6812
6821
6825
6827
6833
6843
6847
6848
6851
6855
6857
6859
6861
6863
6865
6871
6879
6884
6905
6911
6915
6918
6920
6924
6928
6933
6934
6938
6941
6944
6945
6950
6961
6968
6973
6979
6982
6995
6996
6997
7001
7002
7020
7025
7039
7041
7046
7047
7052
7058
7067
7068
7084
7086
7092
7094
7115
7117
7118
7120
7122
7123
7129
7130
7135
7139
7144
7147
7150
7151
7153
7155
7161
7162
7164
7167
7182
7184
7185
7187
7188
7197
7200
7201
7206
7210
7211
7214
7216
7223
7225
7226
7227
7232
7247
7252
7253
7254
7256
7262
7264
7266
7267
7268
7277
7281
7286
7287
7288
7297
7298
7299
7304
7306
7308
7311
7313
7317
7319
7323
7327
7329
7335
7337
7338
7339
7342
7343
7350
7359
7361
7372
7375
7378
7382
7383
7386
7389
7396
7398
7399
7402
7404
7405
7406
7407
7415
7417
7420
7422
7424
7425
7426
7430
7431
7443
7446
7454
7455
7459
7464
7477
7478
7491
7493
7506
7511
7512
7525
7527
7532
7534
7535
7537
7548
7551
7554
7558
7559
7561
7566
7568
7570
7577
7578
7581
7582
7583
7593
7594
7596
7601
7603
7608
7609
7611
7613
7614
7617
7618
7619
7631
7635
7638
7639
7642
7643
7645
7649
7650
7652
7659
7662
7664
7669
7685
7689
7696
7699
7703
7704
7705
7709
7715
7718
7727
7734
7738
7746
7750
7767
7773
7778
7781
7785
7797
7798
7805
7812
7813
7821
7833
7835
7837
7839
7843
7856
7869
7871
7875
7877
7890
7892
7895
7912
7918
7920
7922
7933
7935
7937
7941
7945
7948
7964
7967
7971
7972
7973
7974
7978
7981
7986
7987
7988
7991
7999
8000
8007
8013
8020
8021
8026
8030
8031
8042
8057
8058
8062
8064
8065
8075
8096
8104
8127
8128
8129
8138
8142
8145
8157
8158
8159
8172
8176
8193
8194
8196
8204
8209
8226
8229
8233
8236
8243
8245
8246
8248
8249
8251
8254
8259
8260
8271
8273
8287
8289
8299
8300
8310
8313
8316
8317
8321
8323
8328
8330
8332
8335
8339
8348
8352
8353
8354
8355
8359
8364
8369
8372
8374
8383
8386
8393
8399
8400
8411
8425
8428
8430
8433
8439
8440
8443
8446
8450
8451
8455
8456
8458
8466
8467
8470
8472
8474
8478
8480
8484
8490
8492
8495
8496
8501
8510
8518
8526
8529
8530
8536
8544
8545
8554
8555
8558
8563
8566
8570
8571
8577
8583
8600
8601
8605
8606
8612
8620
8623
8632
8644
8647
8655
8656
8658
8667
8668
8671
8673
8675
8676
8677
8679
8680
8693
8694
8696
8697
8698
8700
8701
8702
8703
8704
8705
8706
8714
8716
8724
8730
8731
8732
8733
8735
8738
8739
8744
8746
8748
8751
8761
8762
8765
8779
8781
8782
8787
8792
8795
8798
8802
8806
8807
8809
8813
8820
8821
8829
8836
8844
8847
8848
8854
8857
8859
8860
8866
8867
8871
8872
8873
8879
8881
8883
8890
8896
8903
8914
8915
8925
8926
8936
8942
8952
8956
8959
8965
8969
8970
8973
8975
8977
8979
8982
8983
8990
8992
8997
9002
9011
9028
9029
9030
9035
9043
9046
9053
9056
9058
9060
9062
9071
9075
9078
9079
9080
9087
9089
9090
9091
9097
9098
9103
9104
9112
9113
9116
9121
9123
9126
9131
9137
9153
9154
9159
9160
9162
9167
9172
9179
9181
9182
9192
9195
9199
9201
9203
9204
9205
9209
9215
9216
9223
9224
9225
9229
9230
9231
9235
9236
9237
9238
9239
9244
9250
9254
9256
9262
9268
9271
9272
9275
9278
9289
9291
9293
9294
9295
9300
9301
9303
9309
9310
9318
9321
9323
9326
9327
9329
9331
9336
9337
9341
9345
9347
9356
9358
9359
9364
9373
9379
9380
9387
9388
9392
9394
9403
9411
9413
9414
9420
9423
9437
9438
9449
9451
9452
9458
9459
9463
9466
9472
9473
9476
9480
9481
9484
9485
9486
9489
9491
9497
9499
9501
9502
9507
9515
9521
9522
9526
9532
9533
9545
9549
9550
9556
9557
9563
9564
9566
9568
9569
9571
9573
9579
9580
9581
9584
9587
9590
9594
9596
9598
9599
9601
9604
9606
9607
9610
9612
9613
9616
9623
9627
9629
9635
9640
9649
9654
9655
9660
9661
9663
9670
9671
9673
9674
9675
9681
9688
9689
9696
9700
9711
9713
9721
9734
9737
9739
9742
9748
9749
9751
9758
9762
9764
9776
9778
9782
9784
9795
9802
9805
9809
9811
9812
9820
9825
9827
9828
9835
9836
9841
9843
9851
9855
9860
9862
9864
9871
9872
9873
9878
9879
9888
9890
9901
9907
9910
9914
9917
9921
9924
9926
9928
9929
9935
9938
9939
9961
9966
9969
9974
9976
9977
9978
9985
9990
9994
9998
10002
10009
10015
10024
10040
10041
10042
10045
10049
10052
10060
10063
10065
10066
10067
10068
10069
10074
10075
10076
10084
10085
10112
10115
10118
10122
10124
10128
10132
10135
10136
10137
10141
10145
10150
10151
10154
10155
10162
10163
10165
10169
10170
10173
10181
10184
10186
10189
10195
10196
10202
10210
10211
10212
10214
10215
10217
10222
10223
10225
10233
10235
10236
10241
10242
10243
10245
10249
10257
10259
10261
10265
10274
10275
10276
10277
10281
10286
10287
10292
10293
10294
10296
10305
10308
10309
10312
10321
10325
10327
10338
10344
10345
10348
10349
10352
10355
10357
10358
10359
10363
10370
10371
10372
10376
10378
10382
10385
10392
10398
10399
10405
10411
10413
10415
10416
10419
10427
10432
10435
10447
10450
10452
10453
10462
10464
10466
10467
10468
10472
10473
10474
10477
10483
10488
10493
10495
10501
10503
10505
10507
10508
10511
10514
10515
10518
10520
10521
10525
10528
10532
10535
10536
10539
10540
10543
10547
10549
10550
10560
10561
10563
10564
10569
10570
10573
10579
10580
10592
10597
10600
10601
10602
10605
10608
10609
10610
10611
10612
10615
10620
10626
10636
10644
10647
10658
10662
10672
10683
10689
10690
10692
10693
10701
10705
10707
10708
10709
10716
10720
10724
10725
10730
10732
10734
10735
10737
10738
10741
10743
10744
10749
10750
10756
10759
10766
10767
10769
10773
10776
10784
10785
10788
10792
10802
10805
10806
10808
10814
10817
10822
10823
10824
10827
10830
10832
10835
10836
10844
10847
10849
10851
10855
10856
10857
10859
10871
10878
10881
10892
10893
10897
10912
10922
10929
10931
10934
10939
10942
10945
10969
10972
10977
10986
10997
11005
11008
11011
11017
11020
11021
11028
11037
11040
11042
11044
11049
11057
11059
11060
11061
11065
11066
11082
11084
11086
11088
11090
11097
11098
11099
11102
11108
11116
11126
11128
11130
11138
11139
11149
11150
11151
11155
11156
11158
11159
11163
11171
11177
11182
11183
11184
11187
11192
11197
11198
11199
11201
11206
11209
11219
11229
11236
11238
11245
11246
11249
11250
11256
11258
11263
11272
11274
11284
11287
11290
11293
11303
11305
11309
11311
11312
11317
11325
11327
11333
11335
11339
11340
11350
11353
11359
11360
11362
11366
11370
11373
11380
11384
11388
11389
11390
11392
11393
11394
11395
11396
11404
11405
11415
11417
11420
11421
11426
11429
11431
11433
11435
11436
11438
11447
11451
11454
11457
11460
11461
11463
11465
11468
11471
11474
11475
11476
11477
11480
11488
11491
11493
11494
11495
11499
11500
11503
11505
11506
11510
11512
11513
11515
11520
11524
11527
11529
11531
11534
11544
11545
11549
11552
11553
11557
11560
11563
11565
11573
11576
11577
11578
11590
11598
11602
11603
11607
11609
11611
11617
11623
11627
11631
11632
11633
11635
11636
11640
11644
11645
11649
11650
11651
11659
11662
11667
11671
11676
11677
11678
11681
11683
11684
11685
11686
11693
11697
11699
11701
11703
11705
11706
11709
11710
11714
11715
11718
11720
11727
11728
11729
11737
11742
11743
11746
11748
11759
11760
11761
11764
11765
11769
11773
11776
11781
11785
11786
11787
11789
11794
11799
11800
11808
11810
11812
11813
11814
11815
11816
11819
11820
11822
11825
11828
11833
11836
11842
11844
11850
11857
11862
11869
11870
11871
11873
11876
11877
11879
11881
11885
11889
11891
11892
11893
11894
11899
11900
11901
11903
11904
11905
11909
11923
11935
11937
11939
11941
11942
11943
11947
11948
11951
11959
11960
11964
11966
11967
11976
11981
11984
11987
11988
11990
11992
11993
11997
12002
12004
12005
12007
12009
12010
12019
12020
12024
12029
12030
12035
12042
12050
12051
12052
12063
12064
12066
12078
12081
12082
12087
12093
12097
12101
12108
12109
12111
12121
12122
12123
12127
12128
12142
12143
12144
12155
12159
12160
12162
12170
12174
12177
12180
12181
12184
12188
12193
12195
12196
12204
12205
12206
12208
12215
12216
12218
12221
12227
12231
12233
12237
12238
12241
12242
12246
12251
12253
12256
12260
12262
12269
12277
12278
12280
12282
12283
12285
12286
12298
12308
12309
12312
12314
12319
12321
12324
12333
12335
12337
12339
12340
12342
12344
12345
12346
12347
12354
12355
12356
12358
12359
12361
12374
12376
12379
12384
12385
12391
12392
12398
12400
12402
12405
12408
12412
12413
12420
12427
12429
12432
12436
12443
12444
12448
12449
12450
12455
12458
12464
12465
12474
12483
12487
12495
12501
12502
12504
12508
12513
12521
12524
12525
12531
12533
12534
12535
12538
12542
12545
12546
12549
12552
12553
12555
12559
12560
12576
12581
12582
12590
12594
12598
12601
12602
12604
12606
12607
12616
12619
12620
12623
12633
12635
12638
12639
12640
12649
12652
12653
12657
12658
12661
12666
12667
12671
12676
12685
12688
12711
12715
12716
12717
12719
12727
12728
12730
12735
12744
12753
12755
12757
12765
12767
12768
12779
12780
12783
12784
12789
12794
12801
12802
12807
12811
12813
12816
12820
12821
12822
12823
12824
12825
12827
12829
12830
12834
12835
12840
12844
12849
12852
12861
12864
12867
12879
12884
12898
12900
12902
12906
12907
12914
12915
12920
12923
12924
12927
12929
12930
12932
12936
12937
12938
12954
12956
12957
12962
12964
12970
12976
12978
12984
12991
12994
12997
13002
13005
13006
13007
13025
13027
13030
13031
13040
13042
13058
13062
13070
13071
13074
13075
13083
13085
13086
13088
13092
13096
13100
13103
13110
13112
13115
13126
13130
13131
13132
13136
13142
13157
13158
13162
13164
13166
13170
13172
13173
13174
13175
13176
13181
13202
13203
13215
13216
13221
13232
13234
13236
13238
13247
13263
13265
13267
13272
13273
13278
13281
13282
13283
13285
13289
13291
13295
13297
13301
13302
13305
13313
13318
13329
13330
13331
13332
13334
13336
13343
13344
13353
13354
13359
13364
13367
13372
13376
13379
13380
13388
13393
13394
13396
13400
13403
13407
13417
13427
13429
13430
13444
13449
13452
13462
13465
13475
13480
13492
13495
13502
13508
13513
13515
13534
13547
13551
13579
13581
13586
13589
13603
13604
13606
13610
13621
13622
13631
13633
13636
13646
13650
13654
13656
13660
13661
13667
13668
13671
13678
13679
13683
13685
13687
13704
13710
13715
13717
13720
13726
13729
13735
13738
13740
13743
13749
13751
13758
13763
13773
13774
13786
13787
13800
13801
13802
13803
13809
13812
13816
13820
13823
13830
13843
13847
13854
13856
13858
13859
13861
13864
13866
13867
13870
13872
13874
13890
13896
13898
13905
13907
13914
13915
13918
13920
13928
13929
13931
13935
13938
13939
13941
13945
13946
13948
13951
13957
13959
13960
13963
13964
13966
13967
13970
13981
13985
13986
13997
13998
13999
14005
14006
14009
14010
14012
14015
14020
14021
14024
14025
14026
14037
14040
14042
14043
14047
14049
14055
14057
14062
14063
14067
14071
14078
14080
14087
14089
14091
14092
14107
14111
14114
14118
14119
14123
14128
14131
14143
14147
14149
14151
14153
14155
14162
14167
14171
14172
14175
14177
14184
14198
14199
14208
14210
14213
14221
14226
14227
14232
14233
14234
14237
14240
14241
14242
14243
14244
14246
14247
14248
14252
14259
14261
14262
14263
14268
14271
14273
14274
14282
14284
14285
14292
14293
14294
14295
14297
14309
14311
14314
14315
14317
14320
14324
14336
14339
14342
14344
14346
14347
14352
14358
14360
14361
14362
14364
14367
14368
14369
14370
14377
14379
14391
14392
14393
14400
14401
14402
14404
14408
14410
14413
14417
14419
14420
14425
14431
14434
14435
14446
14449
14452
14456
14460
14461
14462
14468
14470
14475
14478
14482
14489
14490
14491
14494
14495
14515
14517
14519
14525
14527
14534
14543
14549
14550
14553
14560
14561
14565
14567
14568
14571
14574
14576
14581
14584
14586
14588
14589
14599
14606
14608
14609
14613
14616
14620
14624
14629
14634
14635
14643
14647
14649
14655
14663
14669
14671
14678
14680
14685
14687
14690
14691
14695
14700
14705
14708
14709
14712
14717
14718
14719
14722
14723
14727
14728
14731
14732
14737
14739
14741
14742
14755
14756
14757
14758
14763
14764
14767
14768
14770
14771
14772
14776
14777
14778
14780
14781
14783
14787
14791
14792
14795
14796
14802
14805
14807
14810
14812
14813
14814
14822
14823
14825
14827
14835
14836
14839
14841
14843
14860
14862
14872
14874
14877
14894
14897
14904
14905
14910
14911
14912
14915
14918
14921
14923
14933
14934
14942
14951
14952
14953
14962
14964
14966
14969
14976
14977
14980
14983
14984
14986
14987
14991
14996
14999
15001
15003
15004
15008
15009
15010
15012
15015
15017
15019
15024
15025
15029
15034
15036
15037
15041
15043
15059
15061
15064
15065
15072
15073
15077
15080
15084
15085
15087
15089
15095
15103
15104
15106
15112
15115
15116
15117
15120
15123
15124
15129
15135
15136
15141
15144
15147
15153
15162
15171
15173
15177
15181
15191
15192
15193
15194
15197
15200
15202
15207
15212
15213
15222
15223
15231
15237
15238
15243
15248
15250
15256
15271
15274
15289
15290
15291
15292
15295
15303
15307
15308
15309
15312
15318
15319
15321
15327
15329
15333
15338
15340
15341
15345
15347
15351
15359
15360
15361
15374
15381
15391
15392
15393
15394
15396
15397
15400
15402
15404
15408
15410
15416
15420
15421
15426
15428
15430
15437
15449
15451
15455
15456
15458
15461
15462
15463
15464
15467
15468
15472
15476
15477
15478
15482
15484
15486
15487
15489
15490
15496
15499
15502
15507
15510
15511
15512
15519
15524
15531
15532
15535
15537
15539
15540
15541
15542
15548
15550
15551
15570
15572
15574
15583
15587
15591
15595
15610
15612
15613
15614
15617
15618
15625
15635
15643
15646
15650
15651
15652
15654
15655
15656
15659
15660
15669
15671
15672
15674
15677
15686
15693
15696
15698
15701
15708
15709
15727
15728
15735
15738
15739
15741
15742
15748
15751
15758
15759
15776
15779
15780
15782
15784
15791
15792
15796
15798
15801
15810
15816
15817
15822
15834
15835
15838
15846
15849
15851
15854
15856
15860
15876
15877
15878
15880
15904
15908
15910
15916
15924
15926
15931
15935
15938
15939
15941
15949
15966
15968
15979
15980
15981
15983
15990
15992
16002
16003
16007
16016
16018
16023
16024
16026
16027
16029
16030
16032
16038
16042
16045
16056
16059
16062
16064
16067
16071
16085
16086
16094
16097
16100
16102
16106
16109
16112
16117
16122
16124
16128
16138
16139
16141
16145
16163
16165
16167
16179
16181
16184
16186
16188
16194
16200
16206
16215
16225
16228
16230
16232
16233
16234
16236
16251
16259
16261
16263
16264
16268
16272
16278
16279
16285
16286
16291
16295
16299
16300
16301
16308
16319
16324
16326
16329
16330
16340
16342
16343
16344
16349
16362
16369
16371
16383
16386
16387
16389
16398
16405
16409
16412
16418
16419
16420
16422
16427
16429
16430
16432
16434
16442
16449
16450
16452
16460
16461
16464
16465
16467
16475
16477
16484
16486
16496
16502
16506
16508
16509
16513
16514
16515
16520
16533
16535
16536
16538
16540
16541
16554
16559
16561
16564
16565
16566
16576
16578
16583
16591
16592
16593
16595
16598
16599
16603
16604
16605
16609
16610
16612
16618
16620
16624
16625
16626
16630
16631
16633
16638
16640
16643
16645
16646
16651
16655
16658
16660
16666
16668
16672
16677
16678
16684
16685
16688
16693
16706
16707
16708
16720
16722
16725
16729
16735
16746
16748
16749
16758
16760
16761
16762
16764
16765
16766
16771
16774
16775
16776
16778
16787
16790
16806
16808
16812
16817
16821
16822
16825
16827
16829
16832
16837
16840
16844
16845
16846
16849
16850
16852
16860
16861
16864
16865
16873
16877
16878
16879
16880
16884
16887
16888
16900
16901
16909
16913
16914
16917
16919
16923
16928
16932
16935
16942
16944
16946
16947
16949
16954
16958
16968
16971
16976
16985
16990
16993
17008
17010
17012
17013
17017
17018
17027
17029
17032
17040
17043
17048
17058
17066
17069
17070
17071
17077
17086
17087
17090
17095
17096
17099
17100
17102
17107
17108
17113
17115
17119
17120
17122
17127
17130
17135
17147
17150
17157
17159
17164
17171
17181
17182
17185
17188
17194
17198
17202
17203
17206
17213
17214
17221
17223
17229
17240
17242
17249
17257
17262
17270
17276
17277
17280
17281
17282
17293
17313
17325
17329
17334
17342
17349
17357
17360
17364
17370
17372
17376
17381
17382
17384
17386
17387
17390
17391
17394
17402
17403
17408
17415
17416
17420
17433
17435
17436
17438
17439
17440
17442
17443
17444
17445
17446
17448
17453
17455
17458
17459
17460
17461
17462
17467
17471
17475
17478
17481
17483
17487
17488
17490
17503
17508
17512
17514
17518
17525
17526
17534
17536
17537
17543
17545
17547
17551
17555
17556
17558
17559
17562
17568
17569
17575
17578
17598
17599
17601
17603
17607
17608
17609
17612
17615
17619
17622
17624
17628
17643
17645
17657
17658
17664
17665
17668
17669
17672
17675
17676
17677
17678
17679
17680
17683
17684
17685
17686
17687
17689
17694
17696
17698
17704
17707
17708
17709
17710
17719
17721
17724
17726
17730
17732
17733
17734
17736
17737
17740
17741
17748
17752
17758
17762
17763
17765
17771
17773
17780
17783
17784
17785
17791
17806
17814
17816
17817
17819
17823
17824
17838
17841
17843
17847
17849
17853
17855
17856
17858
17872
17884
17889
17898
17899
17902
17909
17912
17915
17916
17923
17938
17950
17951
17954
17957
17965
17970
17981
17987
17993
18008
18009
18012
18018
18022
18023
18025
18029
18033
18041
18047
18056
18060
18065
18068
18071
18072
18073
18074
18077
18078
18079
18081
18085
18100
18110
18116
18117
18120
18137
18140
18144
18145
18146
18147
18149
18151
18155
18156
18164
18168
18174
18177
18181
18188
18193
18195
18198
18201
18202
18205
18206
18207
18208
18209
18216
18223
18227
18233
18237
18243
18253
18256
18262
18263
18264
18266
18268
18269
18271
18277
18285
18289
18291
18298
18305
18314
18321
18324
18326
18327
18328
18330
18331
18332
18340
18342
18347
18349
18351
18359
18368
18386
18389
18413
18417
18423
18425
18426
18437
18443
18446
18448
18450
18454
18455
18458
18463
18473
18481
18484
18486
18489
18499
18500
18501
18504
18505
18508
18510
18515
18522
18524
18536
18539
18543
18545
18567
18572
18576
18578
18583
18585
18586
18593
18595
18596
18601
18608
18609
18621
18623
18624
18627
18630
18634
18641
18642
18650
18656
18662
18664
18666
18667
18674
18675
18681
18685
18697
18724
18742
18744
18751
18752
18755
18758
18761
18762
18763
18764
18771
18773
18776
18778
18779
18780
18783
18784
18787
18789
18792
18798
18806
18815
18822
18823
18824
18825
18831
18839
18843
18846
18859
18860
18877
18884
18893
18894
18897
18898
18899
18912
18913
18919
18921
18935
18943
18945
18948
18949
18951
18952
18954
18956
18967
18970
18972
18973
18975
18977
18984
18988
18990
18992
18994
18997
19000
19004
19019
19024
19028
19029
19047
19048
19051
19052
19054
19056
19057
19058
19060
19070
19071
19074
19075
19077
19078
19081
19087
19090
19091
19092
19101
19103
19106
19107
19123
19129
19130
19131
19135
19143
19147
19153
19156
19160
19164
19169
19184
19186
19191
19193
19198
19201
19202
19203
19204
19208
19210
19220
19221
19223
19226
19228
19229
19233
19234
19235
19239
19246
19250
19251
19254
19259
19260
19262
19263
19265
19267
19269
19270
19271
19272
19273
19276
19284
19287
19290
19292
19294
19304
19307
19310
19313
19329
19332
19339
19340
19344
19357
19360
19366
19367
19369
19375
19377
19378
19379
19385
19391
19400
19401
19402
19405
19406
19411
19413
19415
19417
19419
19430
19435
19436
19439
19443
19444
19447
19449
19450
19455
19460
19465
19466
19467
19468
19472
19473
19486
19487
19488
19494
19495
19502
19503
19509
19514
19520
19521
19522
19523
19525
19527
19546
19549
19550
19551
19556
19563
19574
19575
19576
19580
19582
19584
19593
19598
19602
19603
19604
19608
19613
19625
19629
19633
19641
19644
19645
19649
19651
19652
19659
19660
19661
19665
19668
19672
19676
19677
19681
19684
19691
19692
19693
19696
19702
19705
19711
19712
19714
19715
19718
19719
19721
19725
19726
19728
19732
19735
19741
19754
19755
19757
19758
19760
19766
19770
19771
19772
19774
19776
19778
19779
19780
19785
19786
19791
19796
19804
19807
19808
19811
19814
19815
19821
19822
19824
19831
19832
19834
19835
19836
19837
19838
19845
19846
19847
19853
19855
19857
19858
19864
19868
19873
19879
19880
19881
19883
19884
19886
19888
19889
19890
19891
19913
19916
19917
19919
19921
19922
19923
19926
19928
19942
19946
19949
19954
19956
19959
19960
19962
19963
19967
19969
19978
19980
19985
19988
19992
19994
19998
19999
20005
20007
20015
20017
20024
20028
20029
20031
20032
20036
20039
20043
20050
20053
20059
20062
20064
20076
20082
20084
20088
20089
20094
20098
20102
20112
20113
20114
20117
20121
20126
20128
20132
20133
20135
20139
20143
20147
20154
20155
20161
20162
20168
20173
20188
20199
20201
20210
20214
20219
20221
20223
20227
20229
20231
20235
20236
20238
20242
20244
20246
20247
20250
20251
20252
20255
20257
20259
20271
20272
20283
20286
20291
20293
20294
20295
20301
20310
20313
20319
20323
20324
20325
20326
20332
20334
20335
20336
20338
20339
20345
20346
20347
20356
20358
20363
20364
20365
20368
20374
20377
20389
20390
20395
20396
20398
20401
20402
20404
20405
20407
20409
20417
20425
20426
20427
20430
20431
20432
20437
20441
20445
20449
20456
20457
20459
20469
20472
20473
20477
20478
20479
20483
20484
20485
20486
20493
20505
20508
20511
20513
20515
20517
20522
20529
20535
20537
20547
20553
20554
20556
20558
20560
20562
20564
20565
20566
20567
20571
20575
20578
20580
20583
20584
20586
20591
20597
20598
20612
20617
20620
20621
20622
20624
20630
20648
20650
20653
20659
20668
20671
20678
20683
20684
20686
20687
20704
20706
20726
20727
20735
20739
20740
20742
20744
20747
20748
20749
20755
20763
20767
20768
20771
20772
20776
20777
20782
20786
20792
20794
20795
20796
20797
20798
20800
20801
20802
20803
20807
20812
20815
20819
20822
20850
20876
20881
20893
20894
20895
20898
20900
20903
20905
20908
20912
20914
20915
20920
20933
20941
20942
20946
20947
20954
20961
20968
20971
20972
20976
20982
20983
20986
20992
20996
21008
21011
21014
21016
21019
21024
21029
21030
21031
21033
21042
21044
21046
21047
21050
21055
21056
21062
21064
21069
21075
21080
21106
21109
21114
21118
21119
21121
21122
21125
21126
21138
21140
21143
21157
21158
21162
21167
21172
21175
21176
21187
21188
21190
21193
21200
21213
21219
21233
21234
21243
21249
21251
21252
21257
21262
21267
21275
21278
21279
21282
21288
21289
21293
21303
21304
21311
21316
21318
21320
21321
21330
21334
21337
21346
21353
21371
21380
21383
21385
21392
21396
21402
21410
21416
21434
21435
21438
21440
21446
21454
21457
21461
21462
21463
21464
21465
21466
21470
21471
21483
21485
21487
21494
21500
21506
21508
21511
21517
21531
21533
21537
21544
21545
21550
21551
21555
21557
21562
21564
21571
21573
21580
21591
21594
21605
21606
21607
21613
21627
21628
21634
21640
21646
21648
21653
21660
21667
21669
21688
21690
21692
21707
21717
21719
21722
21723
21726
21733
21734
21735
21737
21744
21750
21751
21755
21757
21764
21768
21769
21770
21774
21787
21792
21793
21796
21798
21799
21806
21807
21808
21809
21813
21815
21818
21822
21828
21833
21847
21849
21851
21861
21865
21868
21871
21872
21875
21878
21880
21881
21889
21891
21894
21896
21897
21900
21901
21910
21915
21916
21917
21918
21922
21923
21924
21928
21930
21932
21933
21937
21938
21939
21941
21942
21943
21946
21947
21950
21952
21969
21970
21971
21975
21979
21982
21983
21986
21997
22001
22002
22003
22008
22010
22012
22013
22014
22015
22016
22017
22018
22030
22036
22037
22043
22054
22055
22057
22058
22059
22060
22063
22070
22071
22073
22076
22077
22081
22097
22098
22107
22110
22112
22114
22116
22122
22123
22124
22125
22128
22130
22133
22135
22136
22141
22149
22152
22155
22156
22158
22159
22161
22165
22167
22170
22171
22172
22175
22177
22179
22185
22197
22198
22207
22209
22212
22213
22217
22218
22219
22222
22223
22226
22230
22233
22234
22235
22238
22239
22240
22247
22262
22264
22270
22273
22274
22276
22280
22283
22285
22292
22294
22300
22301
22307
22308
22312
22314
22321
22324
22326
22333
22339
22341
22346
22348
22357
22358
22360
22361
22363
22364
22365
22368
22370
22375
22389
22391
22395
22400
22402
22403
22411
22415
22417
22423
22425
22429
22430
22432
22434
22436
22439
22451
22454
22459
22464
22465
22466
22468
22476
22482
22487
22492
22500
22502
22503
22504
22508
22512
22517
22518
22519
22520
22526
22530
22534
22537
22538
22539
22545
22546
22550
22552
22553
22560
22564
22567
22568
22570
22571
22575
22577
22580
22594
22595
22601
22607
22608
22613
22615
22616
22618
22628
22629
22634
22637
22643
22647
22654
22655
22657
22659
22664
22669
22680
22682
22689
22693
22694
22697
22709
22710
22711
22712
22713
22714
22717
22721
22722
22732
22734
22735
22738
22742
22743
22744
22747
22752
22753
22755
22757
22758
22761
22763
22769
22770
22778
22781
22789
22800
22807
22810
22813
22823
22824
22825
22830
22831
22833
22835
22844
22845
22847
22848
22850
22851
22856
22857
22864
22865
22866
22874
22875
22876
22877
22883
22884
22885
22886
22887
22889
22891
22893
22894
22895
22906
22914
22917
22920
22921
22923
22930
22938
22940
22944
22945
22946
22950
22954
22957
22958
22962
22966
22967
22968
22970
22973
22984
22992
22995
22996
22999
23003
23008
23010
23013
23016
23022
23030
23031
23039
23043
23047
23062
23067
23068
23069
23070
23077
23089
23095
23108
23112
23115
23117
23124
23126
23130
23134
23135
23142
23144
23145
23146
23152
23153
23155
23158
23170
23175
23178
23179
23182
23183
23185
23188
23190
23195
23196
23197
23201
23204
23205
23210
23212
23213
23216
23217
23219
23221
23223
23227
23229
23232
23236
23238
23241
23243
23244
23245
23246
23248
23251
23252
23255
23260
23264
23265
23266
23267
23269
23273
23274
23275
23279
23282
23286
23293
23294
23295
23298
23301
23303
23307
23308
23309
23314
23318
23321
23323
23325
23331
23334
23341
23345
23350
23355
23372
23375
23378
23398
23406
23413
23415
23422
23425
23430
23437
23439
23440
23454
23459
23462
23471
23472
23478
23482
23485
23486
23490
23493
23499
23511
23518
23520
23522
23523
23531
23535
23545
23546
23547
23550
23551
23555
23558
23560
23561
23562
23569
23572
23573
23583
23598
23600
23603
23606
23607
23611
23612
23613
23614
23616
23620
23621
23623
23626
23632
23634
23644
23645
23646
23647
23653
23661
23662
23665
23666
23673
23674
23677
23678
23680
23687
23692
23704
23707
23712
23714
23716
23717
23730
23738
23741
23743
23746
23757
23760
23763
23765
23773
23775
23777
23779
23783
23784
23786
23788
23791
23793
23804
23806
23809
23810
23811
23812
23815
23817
23818
23821
23823
23824
23827
23833
23834
23835
23846
23849
23850
23859
23864
23868
23870
23872
23873
23874
23879
23884
23891
23895
23898
23901
23902
23904
23909
23910
23913
23919
23921
23922
23934
23947
23954
23959
23960
23969
23972
23974
23980
23984
23987
23990
23991
23999
24008
24009
24014
24015
24016
24018
24026
24029
24030
24031
24032
24033
24039
24040
24042
24045
24049
24055
24059
24065
24071
24073
24076
24083
24084
24089
24091
24096
24097
24103
24109
24113
24116
24117
24118
24121
24123
24125
24129
24135
24137
24138
24146
24153
24155
24157
24160
24161
24162
24163
24165
24166
24169
24174
24178
24183
24184
24191
24193
24204
24209
24210
24211
24218
24219
24220
24221
24228
24230
24240
24243
24245
24247
24248
24254
24255
24259
24260
24261
24267
24270
24272
24274
24288
24292
24293
24295
24312
24316
24322
24326
24348
24349
24354
24355
24357
24367
24368
24369
24370
24373
24377
24380
24381
24382
24390
24392
24393
24394
24397
24398
24399
24401
24407
24413
24423
24424
24427
24430
24443
24451
24453
24454
24456
24458
24460
24464
24465
24467
24470
24473
24487
24496
24498
24499
24500
24504
24507
24508
24509
24514
24517
24518
24521
24524
24525
24527
24528
24535
24536
24538
24539
24550
24552
24556
24557
24558
24561
24563
24564
24568
24576
24580
24584
24590
24591
24593
24594
24599
24606
24607
24615
24619
24625
24626
24628
24629
24630
24633
24636
24637
24638
24639
24640
24646
24650
24654
24656
24658
24660
24665
24666
24669
24674
24675
24676
24680
24684
24686
24687
24689
24695
24696
24699
24708
24710
24711
24716
24720
24721
24726
24729
24733
24734
24741
24742
24747
24750
24751
24752
24755
24761
24763
24766
24774
24775
24777
24781
24784
24785
24786
24787
24795
24807
24811
24814
24815
24827
24835
24836
24839
24840
24843
24845
24846
24847
24849
24852
24853
24859
24862
24866
24872
24875
24877
24881
24883
24885
24886
24887
24891
24893
24894
24896
24897
24898
24899
24905
24909
24913
24916
24920
24924
24925
24927
24928
24935
24936
24939
24943
24947
24948
24950
24953
24954
24955
24957
24962
24964
24975
24985
24987
24988
24991
24992
24993
24994
25005
25006
25007
25008
25012
25017
25019
25021
25024
25029
25031
25040
25041
25050
25051
25055
25058
25059
25061
25067
25076
25078
25088
25091
25092
25093
25094
25096
25100
25103
25104
25105
25109
25117
25121
25125
25127
25130
25139
25144
25150
25151
25153
25154
25157
25166
25167
25168
25169
25176
25177
25180
25183
25185
25186
25194
25196
25199
25203
25206
25208
25212
25214
25216
25217
25220
25221
25226
25227
25233
25236
25238
25239
25247
25254
25265
25266
25271
25272
25273
25278
25285
25286
25304
25309
25313
25317
25323
25324
25325
25327
25331
25332
25333
25347
25348
25359
25361
25368
25369
25370
25374
25375
25377
25381
25402
25404
25408
25411
25415
25420
25429
25433
25437
25442
25447
25449
25456
25457
25458
25466
25467
25476
25477
25483
25485
25491
25493
25494
25499
25501
25502
25503
25507
25517
25528
25532
25533
25536
25537
25538
25539
25540
25546
25550
25551
25554
25555
25556
25558
25559
25561
25568
25574
25578
25582
25583
25589
25592
25593
25595
25598
25600
25602
25606
25608
25610
25615
25624
25626
25627
25630
25631
25640
25653
25664
25667
25676
25681
25687
25688
25689
25690
25692
25697
25701
25707
25710
25718
25719
25720
25724
25726
25727
25730
25732
25737
25738
25739
25741
25742
25747
25749
25751
25753
25755
25758
25762
25763
25767
25768
25769
25775
25777
25779
25794
25801
25808
25809
25817
25820
25824
25832
25833
25836
25848
25851
25855
25869
25877
25878
25881
25882
25888
25891
25892
25895
25898
25900
25902
25903
25906
25911
25923
25925
25927
25930
25932
25937
25939
25940
25941
25943
25944
25946
25947
25949
25951
25957
25964
25976
25977
25987
25992
25993
26003
26014
26016
26022
26047
26050
26056
26059
26065
26067
26079
26081
26084
26095
26097
26103
26109
26113
26123
26125
26128
26137
26138
26141
26143
26144
26151
26156
26162
26171
26177
26178
26179
26195
26207
26216
26220
26224
26227
26230
26234
26236
26244
26253
26267
26270
26277
26280
26282
26289
26291
26293
26296
26298
26299
26304
26309
26312
26317
26322
26328
26335
26339
26342
26351
26355
26356
26358
26362
26372
26375
26377
26393
26398
26404
26410
26413
26414
26415
26424
26426
26429
26430
26431
26433
26435
26436
26439
26447
26453
26456
26462
26463
26465
26475
26482
26484
26487
26490
26494
26503
26509
26510
26515
26517
26519
26521
26525
26526
26529
26530
26533
26539
26547
26550
26564
26565
26566
26572
26580
26581
26583
26584
26590
26592
26593
26594
26595
26596
26598
26599
26602
26606
26609
26611
26612
26614
26620
26622
26624
26625
26630
26635
26639
26641
26643
26644
26646
26652
26655
26658
26661
26664
26677
26678
26692
26699
26701
26705
26710
26712
26715
26716
26721
26722
26726
26729
26730
26738
26739
26740
26745
26755
26758
26760
26761
26764
26769
26772
26774
26775
26783
26784
26787
26789
26790
26791
26792
26797
26802
26806
26807
26808
26809
26812
26815
26819
26828
26835
26837
26841
26850
26851
26852
26856
26857
26858
26866
26869
26876
26884
26885
26888
26894
26899
26900
26901
26902
26907
26909
26911
26912
26914
26915
26916
26925
26934
26936
26948
26949
26951
26959
26964
26977
26978
26980
26982
26987
26992
26993
26994
26999
27003
27005
27006
27014
27015
27017
27018
27021
27025
27028
27035
27043
27047
27048
27055
27058
27059
27060
27064
27069
27071
27075
27078
27086
27090
27091
27094
27112
27117
27126
27134
27135
27137
27138
27145
27150
27152
27153
27155
27156
27159
27164
27166
27167
27171
27178
27181
27184
27194
27195
27200
27203
27205
27207
27213
27214
27215
27217
27221
27227
27231
27241
27248
27250
27251
27255
27257
27260
27262
27266
27272
27277
27279
27285
27287
27288
27295
27297
27300
27308
27312
27322
27328
27332
27340
27342
27346
27347
27356
27360
27365
27370
27371
27382
27383
27385
27390
27398
27399
27401
27402
27403
27416
27417
27426
27430
27456
27457
27458
27465
27475
27477
27478
27481
27484
27489
27500
27504
27508
27513
27524
27530
27539
27550
27554
27555
27556
27557
27560
27562
27564
27570
27571
27572
27575
27579
27581
27583
27588
27592
27598
27613
27618
27626
27631
27633
27637
27643
27645
27651
27653
27660
27661
27666
27669
27670
27671
27672
27674
27678
27687
27690
27692
27697
27700
27702
27705
27709
27710
27712
27714
27718
27720
27725
27727
27730
27732
27734
27736
27737
27742
27759
27761
27769
27776
27780
27784
27794
27796
27797
27799
27800
27807
27809
27812
27818
27819
27821
27822
27840
27841
27843
27844
27849
27850
27851
27854
27855
27857
27864
27865
27869
27871
27877
27879
27881
27883
27885
27887
27889
27890
27894
27900
27901
27914
27916
27920
27926
27929
27930
27936
27937
27939
27941
27944
27945
27948
27951
27954
27956
27957
27960
27963
27966
27973
27976
27980
27982
27987
27988
27990
27992
27994
27997
28004
28011
28013
28018
28024
28027
28032
28034
28042
28049
28053
28058
28060
28061
28063
28064
28067
28068
28073
28074
28076
28084
28088
28089
28090
28106
28108
28111
28113
28115
28119
28120
28123
28124
28125
28126
28135
28148
28150
28154
28155
28160
28163
28165
28171
28176
28189
28190
28192
28202
28205
28206
28208
28210
28215
28218
28221
28224
28227
28228
28231
28232
28233
28237
28238
28239
28244
28247
28248
28250
28252
28253
28254
28260
28263
28268
28269
28277
28279
28290
28291
28296
28298
28299
28300
28306
28307
28314
28316
28317
28318
28321
28322
28325
28337
28338
28348
28354
28364
28365
28367
28372
28379
28389
28393
28395
28405
28407
28409
28418
28420
28421
28425
28428
28429
28430
28432
28439
28441
28446
28451
28458
28459
28479
28484
28485
28488
28489
28491
28493
28500
28502
28504
28509
28510
28512
28514
28520
28522
28534
28537
28540
28541
28548
28553
28556
28558
28560
28564
28572
28586
28589
28593
28594
28598
28600
28602
28604
28606
28616
28618
28620
28621
28627
28628
28629
28632
28633
28635
28637
28641
28642
28643
28645
28646
28647
28650
28654
28656
28663
28667
28668
28670
28681
28682
28684
28690
28697
28698
28705
28713
28722
28731
28732
28745
28757
28761
28775
28777
28779
28783
28787
28791
28794
28804
28808
28809
28814
28815
28816
28819
28820
28826
28836
28844
28849
28860
28871
28873
28875
28878
28881
28882
28892
28893
28895
28896
28912
28927
28928
28931
28943
28950
28952
28955
28958
28960
28961
28964
28966
28968
28982
28985
29009
29010
29011
29015
29017
29021
29028
29047
29056
29057
29059
29064
29067
29069
29074
29075
29084
29085
29087
29088
29091
29095
29097
29108
29119
29124
29128
29130
29134
29136
29141
29143
29146
29153
29158
29160
29163
29164
29165
29168
29172
29173
29174
29175
29177
29183
29184
29185
29187
29196
29199
29200
29204
29211
29213
29224
29230
29231
29232
29253
29254
29255
29256
29258
29260
29271
29273
29275
29279
29282
29283
29288
29289
29290
29291
29301
29305
29308
29311
29312
29322
29323
29326
29327
29330
29338
29339
29343
29351
29356
29359
29360
29362
29367
29369
29371
29372
29373
29376
29377
29379
29383
29385
29386
29390
29396
29403
29404
29405
29406
29407
29408
29414
29421
29422
29429
29433
29434
29438
29440
29442
29448
29450
29451
29452
29455
29459
29461
29462
29464
29468
29473
29478
29482
29484
29488
29490
29491
29495
29497
29502
29503
29506
29509
29510
29513
29514
29515
29516
29517
29519
29520
29525
29530
29531
29538
29539
29540
29545
29546
29551
29554
29557
29559
29573
29574
29591
29592
29593
29594
29596
29598
29601
29602
29603
29607
29610
29622
29623
29629
29633
29636
29639
29641
29642
29644
29647
29648
29650
29652
29655
29665
29666
29669
29676
29679
29685
29688
29696
29697
29699
29703
29725
29728
29729
29737
29740
29741
29752
29766
29776
29782
29784
29787
29789
29794
29796
29800
29807
29810
29815
29816
29817
29819
29833
29836
29842
29845
29850
29852
29853
29854
29855
29857
29861
29863
29864
29865
29870
29873
29880
29884
29895
29896
29898
29902
29903
29907
29909
29913
29917
29918
29920
29923
29928
29929
29931
29934
29936
29938
29939
29942
29944
29945
29946
29948
29950
29952
29954
29958
29960
29961
29962
29963
29964
29965
29966
29969
29970
29979
29981
29984
29986
29990
29991
29994
29998
30000
30004
30005
30007
30012
30015
30016
30018
30021
30022
30023
30024
30025
30027
30029
30030
30031
30037
30038
30040
30043
30044
30049
30055
30056
30058
30065
30067
30071
30072
30074
30075
30077
30078
30080
30085
30086
30089
30096
30097
30098
30100
30102
30105
30106
30111
30113
30114
30116
30124
30126
30130
30131
30135
30139
30146
30153
30154
30162
30164
30169
30170
30172
30178
30179
30180
30183
30187
30192
30195
30196
30198
30200
30201
30205
30209
30218
30224
30225
30229
30230
30231
30233
30238
30239
30240
30244
30249
30253
30255
30257
30260
30262
30265
30267
30268
30270
30271
30272
30274
30275
30284
30286
30287
30288
30302
30303
30304
30306
30307
30309
30310
30312
30315
30318
30321
30327
30334
30336
30341
30345
30349
30350
30351
30353
30358
30361
30362
30364
30367
30371
30376
30388
30389
30392
30395
30399
30400
30403
30405
30406
30412
30417
30418
30419
30420
30421
30424
30426
30427
30429
30437
30439
30443
30446
30451
30461
30464
30465
30468
30488
30491
30492
30500
30501
30502
30503
30508
30514
30519
30520
30521
30527
30535
30536
30537
30545
30547
30550
30551
30552
30558
30561
30567
30568
30574
30575
30576
30579
30581
30582
30583
30591
30598
30608
30609
30611
30615
30619
30622
30624
30626
30628
30632
30636
30645
30652
30653
30660
30666
30672
30673
30677
30682
30684
30692
30696
30699
30701
30702
30708
30712
30714
30715
30723
30724
30725
30726
30728
30729
30730
30736
30740
30747
30755
30757
30761
30762
30770
30777
30784
30786
30791
30800
30802
30804
30807
30808
30815
30816
30821
30827
30828
30833
30835
30843
30846
30855
30858
30868
30869
30871
30875
30877
30883
30884
30885
30889
30890
30891
30894
30899
30902
30903
30909
30910
30912
30922
30927
30934
30938
30939
30942
30949
30952
30954
30959
30963
30966
30975
30976
30978
30979
30981
30985
30986
30998
31002
31004
31008
31009
31014
31017
31019
31022
31023
31024
31026
31027
31029
31030
31036
31038
31039
31040
31044
31046
31053
31054
31071
31072
31083
31088
31104
31106
31107
31112
31114
31115
31118
31122
31136
31139
31141
31146
31153
31154
31169
31170
31177
31178
31186
31200
31201
31206
31212
31217
31218
31222
31228
31229
31232
31238
31244
31246
31247
31248
31249
31251
31252
31253
31254
31257
31264
31270
31279
31281
31285
31287
31303
31304
31311
31323
31326
31327
31334
31335
31340
31341
31347
31351
31355
31364
31366
31372
31376
31380
31383
31390
31396
31407
31409
31413
31437
31442
31443
31448
31452
31456
31458
31470
31476
31478
31490
31493
31498
31503
31507
31509
31514
31515
31522
31527
31531
31532
31534
31536
31539
31541
31552
31554
31556
31568
31569
31573
31578
31584
31585
31586
31591
31592
31598
31599
31602
31603
31604
31607
31608
31610
31613
31614
31626
31629
31640
31646
31649
31651
31652
31653
31654
31655
31656
31659
31666
31671
31674
31679
31687
31689
31691
31699
31704
31708
31721
31723
31725
31727
31732
31733
31744
31745
31750
31754
31760
31767
31776
31783
31785
31796
31799
31807
31808
31814
31816
31818
31819
31821
31824
31825
31829
31830
31835
31851
31852
31859
31861
31865
31866
31867
31875
31876
31878
31882
31886
31887
31888
31891
31893
31895
31898
31900
31903
31904
31905
31907
31925
31935
31941
31943
31946
31948
31949
31962
31969
31970
31973
31974
31975
31982
31983
31984
31996
31997
32012
32014
32015
32016
32017
32030
32032
32036
32039
32051
32052
32057
32058
32060
32061
32065
32070
32074
32081
32083
32085
32086
32087
32090
32091
32096
32097
32103
32106
32108
32111
32117
32123
32124
32126
32131
32133
32135
32139
32144
32147
32148
32156
32158
32159
32160
32161
32163
32164
32168
32170
32171
32173
32177
32178
32180
32181
32183
32189
32192
32197
32207
32211
32212
32215
32219
32220
32224
32230
32231
32232
32234
32235
32236
32237
32240
32243
32244
32246
32247
32250
32251
32254
32258
32261
32264
32267
32268
32278
32281
32284
32287
32298
32300
32302
32307
32308
32314
32318
32323
32324
32325
32326
32329
32330
32332
32336
32341
32353
32354
32355
32359
32360
32361
32366
32367
32369
32376
32382
32384
32387
32389
32395
32397
32399
32405
32408
32413
32414
32416
32419
32420
32421
32422
32423
32424
32430
32431
32432
32436
32437
32438
32444
32445
32448
32449
32451
32459
32460
32462
32465
32466
32470
32472
32476
32479
32481
32485
32487
32489
32493
32496
32498
32506
32512
32517
32520
32521
32523
32524
32526
32531
32533
32535
32542
32543
32544
32546
32553
32554
32557
32558
32562
32565
32573
32574
32590
32593
32601
32603
32604
32605
32606
32613
32618
32619
32621
32622
32624
32625
32626
32630
32641
32643
32646
32647
32649
32659
32663
32665
32667
32668
32670
32671
32673
32676
32677
32679
32680
32681
32692
32694
32695
32700
32702
32703
32704
32706
32711
32712
32714
32723
32727
32729
32734
32738
32739
32742
32748
32750
32752
32753
32756
32758
32759
32761
32763
32766
32767
32768
32771
32772
32773
32774
32777
32779
32782
32789
32790
32792
32794
32798
32800
32805
32807
32808
32809
32810
32812
32817
32818
32819
32823
32824
32827
32828
32829
32831
32832
32834
32836
32838
32841
32842
32845
32846
32850
32852
32853
32856
32858
32862
32866
32867
32868
32871
32872
32873
32875
32876
32880
32881
32882
32885
32886
32887
32888
32889
32891
32893
32895
32898
32901
32908
32911
32912
32917
32924
32925
32929
32930
32932
32933
32934
32936
32941
32942
32945
32947
32949
32952
32953
32956
32961
32964
32966
32973
32975
32978
32979
32981
32982
32986
32987
32988
32990
32996
32999
33005
33009
33010
33012
33013
33014
33015
33016
33017
33021
33022
33024
33026
33027
33028
33029
33033
33035
33041
33045
33046
33047
33048
33049
33052
33057
33058
33060
33061
33070
33071
33080
33084
33088
33091
33092
33093
33094
33099
33100
33104
33105
33107
33109
33110
33111
33117
33118
33119
33126
33128
33129
33133
33135
33148
33149
33155
33157
33160
33167
33172
33175
33177
33179
33182
33187
33190
33193
33196
33199
33200
33214
33216
33218
33219
33222
33225
33227
33230
33231
33233
33234
33238
33240
33241
33244
33260
33261
33264
33268
33272
33278
33283
33284
33285
33290
33293
33297
33299
33300
33305
33310
33314
33316
33317
33318
33319
33323
33324
33329
33330
33333
33334
33337
33338
33352
33358
33359
33362
33363
33365
33369
33371
33373
33383
33385
33393
33401
33409
33410
33411
33412
33414
33415
33416
33423
33428
33431
33432
33433
33436
33437
33443
33444
33453
33456
33460
33463
33468
33470
33471
33478
33481
33483
33486
33490
33492
33493
33495
33505
33506
33507
33509
33510
33517
33526
33529
33531
33532
33536
33541
33543
33546
33553
33554
33560
33568
33569
33574
33581
33585
33590
33596
33599
33600
33601
33602
33604
33605
33607
33609
33614
33620
33629
33633
33639
33640
33645
33648
33657
33662
33663
33668
33674
33675
33678
33684
33686
33690
33692
33694
33696
33701
33702
33704
33706
33708
33715
33717
33718
33719
33724
33728
33729
33732
33734
33738
33745
33750
33753
33755
33762
33765
33769
33770
33771
33773
33775
33777
33792
33795
33798
33829
33830
33831
33844
33851
33859
33860
33864
33868
33878
33879
33887
33890
33892
33893
33896
33908
33915
33917
33920
33922
33923
33925
33932
33933
33943
33945
33955
33956
33958
33965
33967
33969
33970
33976
33979
33984
33985
33986
33991
33998
34002
34005
34006
34010
34011
34013
34022
34026
34027
34031
34034
34035
34037
34042
34045
34049
34052
34068
34074
34075
34076
34090
34094
34097
34112
34115
34119
34126
34130
34132
34137
34138
34139
34140
34146
34147
34164
34166
34174
34188
34192
34194
34196
34202
34207
34214
34230
34231
34232
34233
34234
34235
34241
34242
34245
34246
34252
34253
34254
34255
34256
34258
34259
34260
34269
34270
34272
34276
34278
34282
34288
34289
34294
34302
34307
34308
34309
34310
34312
34313
34314
34315
34317
34321
34323
34326
34327
34330
34334
34335
34345
34355
34362
34369
34372
34380
34384
34389
34393
34395
34397
34400
34402
34403
34405
34406
34411
34412
34414
34418
34419
34425
34427
34428
34431
34432
34435
34436
34440
34442
34443
34449
34451
34452
34464
34466
34469
34478
34479
34481
34491
34492
34493
34495
34500
34507
34508
34510
34512
34518
34519
34522
34523
34529
34531
34532
34533
34536
34537
34548
34549
34553
34556
34559
34561
34571
34572
34579
34582
34587
34588
34590
34592
34594
34598
34600
34601
34602
34603
34607
34608
34609
34610
34618
34624
34626
34628
34631
34632
34635
34637
34643
34647
34649
34651
34654
34664
34666
34672
34674
34682
34684
34686
34690
34692
34693
34694
34696
34702
34707
34708
34715
34716
34717
34720
34723
34724
34731
34732
34733
34735
34738
34739
34741
34743
34745
34746
34753
34757
34759
34766
34767
34771
34772
34773
34775
34776
34777
34781
34783
34786
34787
34788
34791
34800
34803
34819
34823
34825
34832
34833
34834
34837
34839
34841
34842
34846
34847
34848
34849
34851
34853
34854
34855
34857
34862
34863
34867
34871
34872
34873
34875
34876
34878
34884
34889
34892
34897
34902
34912
34914
34917
34922
34923
34925
34934
34936
34938
34940
34941
34944
34945
34951
34957
34960
34962
34965
34970
34972
34977
34983
34987
34989
34990
34991
34992
34994
34999
35000
35004
35005
35006
35009
35010
35011
35013
35014
35015
35016
35017
35018
35021
35022
35023
35027
35032
35033
35034
35035
35036
35038
35042
35047
35049
35051
35052
35054
35055
35057
35058
35061
35063
35064
35065
35066
35067
35068
35070
35075
35077
35080
35084
35086
35091
35092
35093
35095
35096
35103
35104
35105
35107
35115
35117
35118
35119
35126
35127
35133
35136
35142
35145
35146
35154
35163
35164
35171
35173
35175
35179
35180
35181
35190
35199
35200
35201
35204
35208
35214
35216
35225
35231
35232
35233
35234
35245
35250
35251
35255
35258
35262
35266
35268
35270
35274
35279
35280
35287
35291
35294
35295
35296
35302
35303
35306
35315
35318
35323
35324
35326
35339
35342
35346
35350
35354
35362
35363
35371
35374
35377
35378
35383
35384
35386
35392
35396
35398
35404
35405
35406
35407
35409
35421
35422
35426
35439
35447
35448
35454
35460
35470
35471
35472
35473
35474
35475
35476
35478
35482
35485
35519
35532
35534
35542
35544
35550
35551
35554
35556
35558
35561
35563
35567
35571
35572
35573
35575
35577
35578
35587
35610
35614
35616
35618
35622
35624
35627
35628
35629
35638
35642
35645
35647
35656
35657
35660
35661
35662
35663
35664
35671
35676
35680
35684
35687
35689
35691
35695
35716
35723
35724
35725
35727
35736
35741
35752
35757
35758
35759
35767
35772
35775
35776
35777
35779
35782
35784
35788
35789
35792
35797
35807
35811
35816
35828
35829
35831
35836
35839
35845
35848
35853
35859
35860
35861
35873
35874
35879
35882
35885
35892
35894
35897
35899
35900
35901
35904
35905
35911
35924
35928
35938
35939
35943
35954
35956
35958
35961
35964
35972
35978
35990
35991
35992
35995
35998
36003
36004
36008
36012
36015
36021
36026
36028
36031
36032
36037
36038
36046
36053
36059
36060
36062
36063
36067
36075
36080
36089
36090
36099
36106
36111
36117
36118
36121
36124
36126
36129
36132
36136
36138
36139
36146
36147
36148
36149
36151
36152
36153
36154
36162
36177
36178
36192
36199
36202
36205
36208
36212
36216
36217
36218
36222
36226
36227
36228
36232
36235
36236
36238
36242
36243
36244
36253
36254
36256
36258
36263
36265
36269
36271
36272
36279
36281
36282
36285
36287
36292
36294
36296
36299
36303
36323
36332
36337
36343
36344
36349
36350
36358
36360
36361
36363
36368
36378
36379
36406
36408
36409
36411
36412
36413
36414
36416
36417
36421
36423
36427
36429
36431
36437
36439
36441
36452
36458
36468
36474
36478
36482
36486
36493
36498
36503
36516
36517
36518
36522
36524
36530
36544
36550
36554
36555
36559
36572
36576
36604
36605
36615
36619
36620
36621
36641
36642
36644
36651
36655
36656
36657
36673
36676
36679
36680
36685
36690
36691
36692
36694
36695
36698
36699
36713
36715
36716
36721
36722
36724
36726
36727
36730
36742
36749
36753
36772
36780
36787
36792
36800
36801
36812
36817
36818
36821
36832
36836
36839
36840
36845
36848
36849
36851
36852
36863
36871
36873
36874
36877
36880
36883
36886
36887
36892
36894
36898
36909
36911
36916
36919
36921
36926
36929
36932
36937
36940
36941
36949
36953
36955
36960
36963
36966
36968
36969
36972
36977
36978
36982
36984
36985
36986
36987
36990
37004
37008
37014
37022
37024
37025
37029
37030
37033
37034
37039
37046
37047
37048
37053
37061
37062
37063
37069
37072
37074
37076
37079
37084
37085
37086
37093
37094
37095
37100
37102
37103
37106
37108
37114
37115
37116
37117
37118
37121
37123
37126
37128
37130
37142
37144
37147
37149
37160
37162
37163
37165
37173
37175
37176
37180
37184
37187
37191
37192
37199
37201
37210
37215
37220
37230
37232
37239
37241
37244
37246
37249
37250
37252
37258
37259
37265
37267
37270
37271
37279
37280
37285
37286
37293
37297
37299
37300
37306
37309
37311
37315
37322
37325
37333
37334
37340
37343
37356
37361
37362
37364
37366
37368
37369
37377
37381
37382
37388
37390
37397
37399
37415
37417
37421
37422
37423
37425
37426
37427
37428
37430
37433
37439
37446
37447
37448
37449
37451
37467
37469
37471
37472
37473
37480
37483
37490
37492
37498
37501
37508
37509
37510
37512
37528
37533
37534
37536
37537
37539
37543
37544
37548
37558
37560
37561
37564
37566
37569
37570
37574
37579
37584
37597
37600
37602
37605
37610
37611
37612
37614
37615
37616
37622
37626
37630
37632
37634
37635
37636
37649
37650
37651
37653
37663
37671
37675
37681
37684
37685
37689
37691
37694
37695
37697
37698
37700
37701
37707
37708
37714
37716
37717
37718
37728
37731
37732
37735
37743
37751
37753
37759
37761
37764
37766
37767
37768
37775
37777
37806
37810
37813
37817
37821
37822
37835
37836
37837
37838
37839
37843
37858
37863
37875
37877
37881
37882
37883
37885
37894
37895
37897
37902
37905
37907
37909
37912
37918
37920
37921
37924
37926
37928
37933
37934
37935
37939
37940
37941
37944
37945
37950
37952
37956
37959
37963
37969
37970
37972
37974
37975
37983
37988
37996
37998
37999
38000
38001
38008
38009
38012
38013
38016
38017
38021
38022
38025
38026
38032
38035
38042
38044
38048
38050
38057
38059
38087
38088
38093
38095
38106
38111
38112
38116
38123
38133
38134
38135
38137
38142
38152
38153
38154
38157
38158
38170
38172
38173
38175
38179
38180
38186
38188
38189
38191
38194
38196
38199
38209
38210
38217
38219
38220
38229
38231
38233
38236
38239
38240
38250
38251
38255
38256
38259
38260
38268
38280
38281
38283
38284
38285
38286
38292
38294
38298
38306
38313
38317
38322
38326
38331
38333
38335
38336
38344
38349
38376
38377
38394
38399
38400
38401
38414
38430
38432
38439
38440
38446
38447
38448
38450
38451
38458
38460
38462
38464
38465
38466
38467
38473
38474
38476
38485
38492
38493
38497
38501
38507
38510
38514
38515
38516
38518
38519
38524
38525
38526
38533
38536
38538
38540
38543
38544
38545
38546
38555
38556
38557
38562
38564
38565
38567
38570
38571
38574
38576
38581
38584
38594
38595
38598
38601
38606
38607
38608
38610
38611
38613
38614
38615
38618
38619
38620
38625
38626
38630
38632
38633
38637
38641
38644
38650
38651
38653
38655
38657
38660
38667
38671
38676
38678
38680
38692
38726
38729
38734
38736
38746
38752
38753
38762
38763
38769
38773
38781
38788
38794
38795
38800
38803
38805
38816
38817
38818
38820
38822
38823
38833
38852
38854
38861
38868
38872
38873
38875
38878
38879
38883
38889
38890
38891
38895
38896
38900
38906
38907
38909
38911
38913
38915
38916
38917
38920
38921
38923
38930
38932
38934
38937
38938
38952
38958
38962
38971
38973
38974
38975
38981
38982
38983
38984
38985
38993
38994
38996
38997
38999
39000
39001
39009
39011
39012
39013
39015
39017
39022
39029
39035
39046
39047
39050
39052
39062
39078
39079
39081
39084
39086
39089
39090
39096
39100
39107
39108
39115
39119
39132
39134
39135
39138
39139
39141
39145
39146
39152
39154
39159
39161
39162
39164
39166
39167
39168
39171
39175
39178
39181
39186
39187
39188
39190
39192
39195
39198
39200
39206
39211
39213
39223
39227
39235
39245
39249
39250
39262
39274
39275
39277
39281
39282
39289
39295
39300
39301
39309
39315
39317
39321
39326
39329
39330
39335
39340
39357
39360
39365
39370
39371
39375
39377
39379
39380
39384
39387
39388
39393
39394
39395
39396
39397
39399
39400
39402
39404
39411
39412
39413
39414
39417
39419
39421
39422
39425
39427
39430
39431
39435
39437
39440
39445
39446
39448
39455
39456
39457
39466
39468
39469
39470
39473
39475
39478
39486
39487
39488
39491
39494
39498
39500
39504
39505
39506
39507
39508
39509
39512
39513
39514
39516
39517
39518
39525
39526
39528
39529
39530
39531
39532
39533
39534
39540
39542
39547
39549
39553
39554
39557
39560
39567
39575
39578
39579
39587
39603
39609
39611
39612
39613
39618
39620
39624
39625
39629
39632
39643
39649
39657
39659
39660
39664
39667
39679
39684
39685
39699
39704
39707
39711
39719
39723
39729
39735
39748
39752
39753
39757
39758
39760
39762
39764
39768
39772
39773
39776
39779
39787
39788
39790
39796
39800
39802
39803
39804
39805
39812
39817
39818
39820
39821
39822
39823
39824
39827
39831
39832
39833
39835
39841
39842
39847
39848
39857
39862
39864
39867
39870
39871
39873
39874
39878
39881
39882
39886
39887
39889
39893
39894
39895
39901
39905
39909
39911
39914
39915
39916
39919
39921
39923
39924
39926
39931
39934
39936
39947
39949
39952
39967
39973
39975
39976
39983
39986
39989
39996
39998
40002
40004
40005
40012
40014
40015
40018
40019
40021
40025
40026
40029
40032
40033
40034
40035
40036
40037
40043
40045
40047
40052
40057
40059
40062
40063
40064
40066
40067
40068
40069
40070
40071
40072
40074
40075
40076
40077
40079
40082
40084
40086
40087
40097
40100
40105
40109
40112
40113
40114
40116
40119
40122
40123
40128
40135
40142
40146
40148
40158
40164
40165
40167
40170
40172
40174
40175
40176
40184
40190
40191
40192
40199
40201
40202
40203
40204
40205
40207
40210
40211
40214
40216
40219
40222
40223
40224
40225
40230
40231
40232
40233
40234
40235
40238
40240
40241
40242
40246
40248
40258
40260
40265
40266
40267
40268
40269
40270
40271
40273
40277
40281
40285
40286
40287
40293
40294
40299
40305
40310
40311
40312
40314
40316
40322
40328
40331
40340
40342
40345
40347
40349
40350
40351
40355
40356
40358
40369
40370
40371
40373
40379
40381
40382
40383
40393
40396
40404
40405
40406
40413
40414
40418
40440
40445
40448
40449
40451
40453
40457
40461
40470
40471
40472
40474
40476
40477
40480
40481
40482
40489
40491
40498
40504
40508
40514
40515
40516
40518
40525
40532
40535
40537
40546
40549
40550
40552
40554
40559
40563
40567
40571
40572
40573
40574
40575
40576
40580
40587
40590
40592
40599
40603
40605
40606
40610
40614
40616
40618
40620
40623
40627
40629
40630
40631
40632
40633
40634
40640
40641
40651
40662
40665
40666
40668
40672
40678
40679
40684
40690
40691
40692
40695
40698
40701
40706
40707
40710
40714
40718
40720
40727
40728
40731
40733
40740
40744
40745
40747
40748
40749
40753
40762
40764
40766
40768
40770
40772
40773
40776
40780
40782
40786
40787
40790
40793
40805
40809
40823
40824
40832
40834
40837
40841
40842
40852
40853
40855
40870
40875
40877
40879
40881
40890
40894
40902
40904
40905
40906
40908
40918
40922
40926
40933
40935
40940
40941
40943
40949
40950
40952
40953
40954
40955
40959
40962
40963
40968
40970
40971
40981
40983
40989
40992
40995
40997
41000
41004
41005
41006
41008
41014
41015
41017
41018
41019
41027
41031
41032
41037
41039
41044
41046
41048
41049
41054
41055
41057
41064
41065
41067
41069
41071
41073
41076
41088
41092
41094
41095
41096
41098
41100
41103
41109
41110
41111
41114
41118
41123
41125
41127
41128
41132
41140
41141
41144
41146
41147
41162
41164
41166
41168
41177
41180
41183
41184
41185
41190
41195
41196
41198
41200
41201
41203
41206
41214
41223
41224
41225
41227
41228
41229
41243
41248
41249
41263
41266
41271
41272
41276
41277
41282
41288
41289
41290
41291
41292
41299
41301
41302
41308
41310
41319
41320
41321
41323
41327
41332
41333
41334
41337
41344
41345
41350
41351
41353
41361
41364
41368
41383
41398
41399
41400
41407
41409
41413
41420
41421
41426
41427
41428
41430
41433
41437
41441
41444
41449
41451
41452
41467
41469
41473
41474
41475
41479
41483
41484
41489
41495
41497
41498
41500
41502
41506
41511
41514
41516
41519
41536
41540
41541
41544
41545
41546
41548
41549
41550
41551
41552
41561
41569
41570
41573
41580
41581
41582
41585
41587
41588
41591
41593
41602
41603
41604
41606
41611
41614
41618
41621
41628
41631
41632
41634
41636
41640
41642
41648
41656
41657
41663
41664
41668
41686
41687
41690
41691
41696
41699
41700
41701
41705
41706
41709
41712
41713
41715
41717
41719
41720
41721
41729
41740
41742
41745
41751
41752
41753
41755
41757
41761
41767
41768
41771
41773
41774
41775
41777
41786
41788
41791
41792
41793
41794
41800
41802
41807
41808
41814
41823
41827
41829
41830
41831
41832
41833
41834
41838
41841
41844
41850
41851
41856
41857
41858
41860
41865
41873
41875
41877
41878
41879
41880
41881
41884
41898
41901
41908
41910
41915
41916
41920
41921
41923
41927
41936
41937
41938
41939
41940
41941
41943
41945
41948
41949
41954
41957
41965
41967
41968
41969
41974
41975
41976
41979
41980
41988
41993
41995
41996
42001
42002
42003
42004
42009
42010
42011
42012
42014
42018
42019
42021
42029
42032
42048
42052
42054
42056
42058
42060
42063
42065
42069
42072
42075
42076
42079
42083
42084
42085
42089
42097
42099
42100
42103
42111
42113
42114
42116
42119
42120
42124
42128
42130
42137
42140
42142
42147
42149
42151
42152
42159
42160
42161
42166
42170
42176
42177
42178
42179
42184
42187
42192
42193
42194
42195
42198
42200
42201
42204
42205
42206
42207
42214
42216
42218
42220
42222
42224
42225
42226
42231
42236
42237
42238
42240
42247
42251
42255
42259
42260
42263
42264
42269
42273
42276
42278
42285
42293
42297
42307
42309
42310
42313
42315
42319
42329
42330
42331
42339
42340
42348
42350
42353
42357
42358
42359
42361
42362
42363
42366
42368
42369
42371
42373
42377
42378
42385
42387
42394
42405
42411
42413
42414
42416
42420
42421
42422
42430
42444
42445
42446
42447
42453
42455
42459
42463
42464
42468
42469
42473
42475
42477
42478
42480
42481
42489
42491
42492
42497
42502
42503
42505
42509
42510
42513
42515
42518
42519
42520
42521
42522
42523
42524
42525
42526
42527
42528
42529
42530
42531
42532
42533
42534
42535
42536
42537
42538
42539
42540
42541
42542
42543
42544
42545
42546
42547
42548
42549
42550
42551
42552
42553
42554
42555
42556
42557
42558
42559
42560
42561
42562
42563
42564
42565
42566
42567
42568
42569
42570
42571
42572
42573
42574
42575
42576
42577
42578
42579
42580
42581
42582
42583
42584
42585
42586
42587
42588
42589
42590
42591
42592
42593
42594
42595
42596
42597
42598
42599
42600
42601
42602
42603
42604
42605
42606
42607
42608
42609
42610
42611
42612
42613
42614
42615
42616
42617
42618
42619
42620
42621
42622
42623
42624
42625
42626
42627
42628
42629
42630
42631
42632
42633
42634
42635
42636
42637
42638
42639
42640
42641
42642
42643
42644
42645
42646
42647
42648
42649
42650
42651
42652
42653
42654
42655
42656
42657
42658
42659
42660
42661
42662
42663
42664
42665
42666
42667
42668
42669
42670
42671
42672
42673
42674
42675
42676
42677
42678
42679
42680
42681
42682
42683
42684
42685
42686
42687
42688
42689
42690
42691
42692
42693
42694
42695
42696
42697
42698
42699
42700
42701
42702
42703
42704
42705
42706
42707
42708
42709
42710
42711
42712
42713
42714
42715
42716
42717
42718
42719
42720
42721
42722
42723
42724
42725
42726
42727
42728
42729
42730
42731
42732
42733
42734
42735
42736
42737
42738
42739
42740
42741
42742
42743
42744
42745
42746
42747
42748
42749
42750
42751
42752
42753
42754
42755
42756
42757
42758
42759
42760
42761
42762
42763
42764
42765
42766
42767
42768
42769
42770
42771
42772
42773
42774
42775
42776
42777
42778
42779
42780
42781
42782
42783
42784
42785
42786
42787
42788
42789
42790
42791
42792
42793
42794
42795
42796
42797
42798
42799
42800
42801
42802
42803
42804
42805
42806
42807
42808
42809
42810
42811
42812
42813
42814
42815
42816
42817
42818
42819
42820
42821
42822
42823
42824
42825
42826
42827
42828
42829
42830
42831
42832
42833
42834
42835
42836
42837
42838
42839
42840
42841
42842
42843
42844
42845
42846
42847
42848
42849
42850
42851
42852
42853
42854
42855
42856
42857
42858
42859
42860
42861
42862
42863
42864
42865
42866
42867
42868
42869
42870
42871
42872
42873
42874
42875
42876
42877
42878
42879
42880
42881
42882
42883
42884
42885
42886
42887
42888
42889
42890
42891
42892
42893
42894
42895
42896
42897
42898
42899
42900
42901
42902
42903
42904
42905
42906
42907
42908
42909
42910
42911
42912
42913
42914
42915
42916
42917
42918
42919
42920
42921
42922
42923
42924
42925
42926
42927
42928
42929
42930
42931
42932
42933
42934
42935
42936
42937
42938
42939
42940
42941
42942
42943
42944
42945
42946
42947
42948
42949
42950
42951
42952
42953
42954
42955
42956
42957
42958
42959
42960
42961
42962
42963
42964
42965
42966
42967
42968
42969
42970
42971
42972
42973
42974
42975
42976
42977
42978
42979
42980
42981
42982
42983
42984
42985
42986
42987
42988
42989
42990
42991
42992
42993
42994
42995
42996
42997
42998
42999
43000
43001
43002
43003
43004
43005
43006
43007
43008
43009
43010
43011
43012
43013
43014
43015
43016
43017
43018
43019
43020
43021
43022
43023
43024
43025
43026
43027
43028
43029
43030
43031
43032
43033
43034
43035
43036
43037
43038
43039
43040
43041
43042
43043
43044
43045
43046
43047
43048
43049
43050
43051
43052
43053
43054
43055
43056
43057
43058
43059
43060
43061
43062
43063
43064
43065
43066
43067
43068
43069
43070
43071
43072
43073
43074
43075
43076
43077
43078
43079
43080
43081
43082
43083
43084
43085
43086
43087
43088
43089
43090
43091
43092
43093
43094
43095
43096
43097
43098
43099
43100
43101
43102
43103
43104
43105
43106
43107
43108
43109
43110
43111
43112
43113
43114
43115
43116
43117
43118
43119
43120
43121
43122
43123
43124
43125
43126
43127
43128
43129
43130
43131
43132
43133
43134
43135
43136
43137
43138
43139
43140
43141
43142
43143
43144
43145
43146
43147
43148
43149
43150
43151
43152
43153
43154
43155
43156
43157
43158
43159
43160
43161
43162
43163
43164
43165
43166
43167
43168
43169
43170
43171
43172
43173
43174
43175
43176
43177
43178
43179
43180
43181
43182
43183
43184
43185
43186
43187
43188
43189
43190
43191
43192
43193
43194
43195
43196
43197
43198
43199
43200
43201
43202
43203
43204
43205
43206
43207
43208
43209
43210
43211
43212
43213
43214
43215
43216
43217
43218
43219
43220
43221
43222
43223
43224
43225
43226
43227
43228
43229
43230
43231
43232
43233
43234
43235
43236
43237
43238
43239
43240
43241
43242
43243
43244
43245
43246
43247
43248
43249
43250
43251
43252
43253
43254
43255
43256
43257
43258
43259
43260
43261
43262
43263
43264
43265
43266
43267
43268
43269
43270
43271
43272
43273
43274
43275
43276
43277
43278
43279
43280
43281
43282
43283
43284
43285
43286
43287
43288
43289
43290
43291
43292
43293
43294
43295
43296
43297
43298
43299
43300
43301
43302
43303
43304
43305
43306
43307
43308
43309
43310
43311
43312
43313
43314
43315
43316
43317
43318
43319
43320
43321
43322
43323
43324
43325
43326
43327
43328
43329
43330
43331
43332
43333
43334
43335
43336
43337
43338
43339
43340
43341
43342
43343
43344
43345
43346
43347
43348
43349
43350
43351
43352
43353
43354
43355
43356
43357
43358
43359
43360
43361
43362
43363
43364
43365
43366
43367
43368
43369
43370
43371
43372
43373
43374
43375
43376
43377
43378
43379
43380
43381
43382
43383
43384
43385
43386
43387
43388
43389
43390
43391
43392
43393
43394
43395
43396
43397
43398
43399
43400
43401
43402
43403
43404
43405
43406
43407
43408
43409
43410
43411
43412
43413
43414
43415
43416
43417
43418
43419
43420
43421
43422
43423
43424
43425
43426
43427
43428
43429
43430
43431
43432
43433
43434
43435
43436
43437
43438
43439
43440
43441
43442
43443
43444
43445
43446
43447
43448
43449
43450
43451
43452
43453
43454
43455
43456
43457
43458
43459
43460
43461
43462
43463
43464
43465
43466
43467
43468
43469
43470
43471
43472
43473
43474
43475
43476
43477
43478
43479
43480
43481
43482
43483
43484
43485
43486
43487
43488
43489
43490
43491
43492
43493
43494
43495
43496
43497
43498
43499
43500
43501
43502
43503
43504
43505
43506
43507
43508
43509
43510
43511
43512
43513
43514
43515
43516
43517
43518
43519
43520
43521
43522
43523
43524
43525
43526
43527
43528
43529
43530
43531
43532
43533
43534
43535
43536
43537
43538
43539
43540
43541
43542
43543
43544
43545
43546
43547
43548
43549
43550
43551
43552
43553
43554
43555
43556
43557
43558
43559
43560
43561
43562
43563
43564
43565
43566
43567
43568
43569
43570
43571
43572
43573
43574
43575
43576
43577
43578
43579
43580
43581
43582
43583
43584
43585
43586
43587
43588
43589
43590
43591
43592
43593
43594
43595
43596
43597
43598
43599
43600
43601
43602
43603
43604
43605
43606
43607
43608
43609
43610
43611
43612
43613
43614
43615
43616
43617
43618
43619
43620
43621
43622
43623
43624
43625
43626
43627
43628
43629
43630
43631
43632
43633
43634
43635
43636
43637
43638
43639
43640
43641
43642
43643
43644
43645
43646
43647
43648
43649
43650
43651
43652
43653
43654
43655
43656
43657
43658
43659
43660
43661
43662
43663
43664
43665
43666
43667
43668
43669
43670
43671
43672
43673
43674
43675
43676
43677
43678
43679
43680
43681
43682
43683
43684
43685
43686
43687
43688
43689
43690
43691
43692
43693
43694
43695
43696
43697
43698
43699
43700
43701
43702
43703
43704
43705
43706
43707
43708
43709
43710
43711
43712
43713
43714
43715
43716
43717
43718
43719
43720
43721
43722
43723
43724
43725
43726
43727
43728
43729
43730
43731
43732
43733
43734
43735
43736
43737
43738
43739
43740
43741
43742
43743
43744
43745
43746
43747
43748
43749
43750
43751
43752
43753
43754
43755
43756
43757
43758
43759
43760
43761
43762
43763
43764
43765
43766
43767
43768
43769
43770
43771
43772
43773
43774
43775
43776
43777
43778
43779
43780
43781
43782
43783
43784
43785
43786
43787
43788
43789
43790
43791
43792
43793
43794
43795
43796
43797
43798
43799
43800
43801
43802
43803
43804
43805
43806
43807
43808
43809
43810
43811
43812
43813
43814
43815
43816
43817
43818
43819
43820
43821
43822
43823
43824
43825
43826
43827
43828
43829
43830
43831
43832
43833
43834
43835
43836
43837
43838
43839
43840
43841
43842
43843
43844
43845
43846
43847
43848
43849
43850
43851
43852
43853
43854
43855
43856
43857
43858
43859
43860
43861
43862
43863
43864
43865
43866
43867
43868
43869
43870
43871
43872
43873
43874
43875
43876
43877
43878
43879
43880
43881
43882
43883
43884
43885
43886
43887
43888
43889
43890
43891
43892
)


// ************************************************************************* //
