/*--------------------------------*- C++ -*----------------------------------*\
| =========                 |                                                 |
| \\      /  F ield         | OpenFOAM: The Open Source CFD Toolbox           |
|  \\    /   O peration     | Version:  2512                                  |
|   \\  /    A nd           | Website:  www.openfoam.com                      |
|    \\/     M anipulation  |                                                 |
\*---------------------------------------------------------------------------*/
FoamFile
{
    version     2.0;
    format      ascii;
    arch        "LSB;label=32;scalar=64";
    class       labelList;
    location    "constant/domain2/polyMesh";
    object      cellRegionAddressing;
}
// * * * * * * * * * * * * * * * * * * * * * * * * * * * * * * * * * * * * * //


1746
(
9
87
121
122
128
252
316
318
330
424
522
578
822
824
886
942
1075
1255
1532
1607
1625
1631
1632
1646
1647
1648
1654
1656
1657
1666
1674
1677
1688
1689
1694
1698
1706
1730
1731
1741
1745
1755
1758
1759
1761
1763
1764
1777
1779
1870
1879
1954
2217
2480
2485
2504
2583
3167
3292
3847
4111
4462
4526
4711
5368
5711
5864
6317
6678
6774
6775
6777
6806
6821
6833
6847
6851
6911
6928
6934
6945
6973
6979
6997
7025
7046
7092
7122
7129
7150
7151
7155
7167
7184
7185
7188
7197
7201
7206
7211
7216
7226
7254
7264
7267
7268
7281
7286
7288
7297
7298
7304
7313
7317
7319
7327
7339
7343
7350
7359
7361
7375
7404
7406
7407
7415
7417
7420
7424
7426
7443
7446
7459
7477
7491
7493
7511
7512
7527
7535
7558
7566
7570
7581
7593
7594
7611
7619
7642
7643
7649
7650
7652
7659
7662
7664
7669
7685
7703
7704
7727
7734
7767
7781
7805
7813
7821
7835
7837
7839
7871
7875
7912
7967
7974
7978
8204
8478
8570
8779
8782
9573
9734
10453
10563
10897
11426
11468
11727
11964
12991
13636
14240
14568
14643
15089
15243
15312
15321
15396
16056
16452
16465
16484
16486
16496
16502
16506
16513
16520
16533
16538
16541
16554
16591
16595
16598
16625
16626
16640
16645
16646
16651
16684
16685
16688
16725
16729
16746
16749
16758
16760
16762
16764
16765
16766
16774
16775
16776
16787
16806
16821
16822
16827
16832
16860
16864
16865
16873
16877
16880
16884
16888
16900
16913
16917
16932
16935
16942
16944
16946
16954
16976
16985
16990
16993
17010
17012
17013
17017
17018
17048
17066
17069
17077
17086
17096
17113
17119
17120
17122
17130
17135
17150
17157
17164
17171
17181
17188
17194
17202
17206
17213
17214
17221
17276
17313
17334
17342
17357
17360
17364
17370
17376
17381
17382
17384
17386
17387
17390
17394
17435
17436
17439
17442
17444
17445
17446
17453
17458
17459
17471
17481
17483
17487
17488
17508
17512
17514
17525
17534
17543
17547
17551
17555
17558
17562
17568
17575
17598
17599
17601
17603
17608
17619
17645
17657
17658
17664
17665
17668
17677
17679
17684
17685
17686
17687
17708
17710
17721
17724
17730
17732
17734
17748
17752
17758
17765
17780
17791
17814
17823
17841
17847
17849
17855
17858
17915
17923
17938
17951
17954
17957
17981
17993
18025
18029
18041
18047
18065
18072
18074
18081
19000
19169
19625
19660
19772
20219
20427
20432
20898
20968
22128
22234
22308
22607
22738
22757
23197
23274
24015
24274
24322
25176
25993
26526
26533
27360
27560
27562
27564
27570
27571
27598
27618
27633
27643
27794
27841
27843
27881
27956
27960
27963
27966
27982
27988
27990
27997
28011
28013
28027
28032
28053
28063
28068
28073
28084
28088
28189
28192
28202
28205
28206
28208
28215
28218
28228
28233
28244
28247
28248
28252
28253
28254
28263
28268
28269
28277
28296
28306
28307
28316
28322
28354
28372
28379
28409
28418
28421
28428
28429
28432
28439
28441
28446
28484
28493
28512
28540
28556
28558
28560
28564
28593
28594
28604
28618
28621
28629
28632
28635
28641
28642
28643
28654
28663
28668
28670
28684
28705
28713
28761
28775
28787
28809
28815
28849
28873
28875
28881
28882
28892
28912
28928
28958
28961
28968
28982
29009
29010
29011
29021
29028
29056
29057
29069
29074
29075
29084
29088
29091
29097
29128
29134
29141
29163
29164
29165
29168
29173
29183
29184
29185
29196
29199
29200
29213
29230
29231
29232
29254
29258
29260
29273
29275
29282
29283
29288
29289
29290
29305
29308
29311
29326
29327
29330
29359
29362
29372
29376
29404
29407
29408
29422
29440
29448
29450
29451
29459
29461
29464
29468
29484
29488
29495
29497
29502
29503
29509
29510
29514
29515
29519
29520
29531
29546
29557
29574
29591
29592
29601
29603
29607
29610
29622
29623
29633
29636
29642
29647
29650
29652
29669
29789
29961
30576
30816
31882
32070
32087
32243
32251
32489
32535
32542
32626
32676
32704
32727
32790
32862
33041
33070
33155
33190
33231
33244
33300
33506
33532
33639
33701
33708
33732
34246
34256
34323
34479
34519
34846
34977
35036
35063
35115
35119
35190
35225
35377
35587
35610
35661
35978
35992
36089
36265
36332
36344
36413
36427
36642
36812
36848
37048
37063
37095
37322
37533
37564
37615
37616
37698
37759
37764
37843
37877
37920
37924
37926
37941
37950
37952
37956
37974
37975
37983
37996
37998
37999
38012
38013
38135
38137
38175
38180
38188
38191
38199
38219
38220
38229
38284
38285
38292
38298
38322
38336
38394
38430
38439
38448
38458
38460
38462
38464
38466
38467
38493
38510
38515
38516
38518
38524
38526
38544
38555
38556
38562
38564
38565
38567
38581
38594
38598
38608
38632
38633
38641
38650
38651
38653
38655
38657
38667
38678
38680
38746
38763
38769
38773
38820
38852
38875
38878
38889
38900
38906
38907
38913
38917
38921
38923
38937
38975
38985
38996
38997
38999
39000
39001
39009
39011
39013
39015
39017
39035
39046
39050
39079
39084
39086
39115
39138
39141
39145
39146
39152
39161
39164
39167
39168
39171
39175
39178
39181
39187
39188
39195
39198
39206
39213
39245
39250
39262
39275
39282
39295
39300
39317
39340
39370
39375
39384
39387
39399
39400
39412
39414
39417
39419
39422
39427
39430
39435
39437
39445
39446
39448
39456
39466
39468
39470
39473
39475
39494
39498
39500
39505
39508
39514
39526
39528
39540
39549
39557
39560
39575
39579
39587
39613
39618
39620
39660
39664
39667
39684
39699
39707
39711
39719
39723
39748
39752
39753
39758
39764
39768
39772
39924
40018
40025
40172
40190
40223
40294
40322
40406
40766
41018
41065
41100
41399
41413
41618
41699
41713
41823
41844
41943
42054
42140
42193
42348
42510
42518
42519
42521
42522
42523
42524
42525
42527
42529
42531
42535
42537
42539
42540
42541
42543
42544
42546
42547
42549
42550
42551
42552
42553
42554
42555
42556
42558
42559
42560
42561
42562
42564
42566
42567
42568
42570
42572
42573
42576
42579
42581
42585
42586
42587
42589
42591
42593
42594
42596
42597
42602
42603
42605
42606
42608
42609
42610
42611
42612
42613
42615
42616
42618
42619
42620
42621
42623
42624
42625
42626
42627
42628
42633
42635
42638
42639
42642
42643
42645
42646
42648
42650
42651
42652
42654
42656
42660
42664
42665
42666
42667
42668
42669
42671
42673
42676
42677
42678
42680
42681
42683
42684
42685
42686
42687
42689
42690
42691
42692
42693
42695
42697
42698
42699
42701
42702
42705
42707
42708
42709
42710
42711
42712
42714
42716
42720
42721
42723
42724
42725
42727
42728
42729
42730
42732
42733
42736
42738
42740
42741
42742
42744
42745
42746
42747
42751
42752
42754
42755
42756
42758
42760
42761
42762
42763
42764
42767
42768
42770
42771
42773
42775
42780
42785
42789
42790
42792
42793
42794
42795
42797
42798
42800
42803
42806
42809
42810
42815
42817
42819
42821
42823
42824
42826
42827
42830
42831
42833
42835
42836
42837
42838
42839
42840
42841
42842
42844
42845
42846
42849
42851
42852
42853
42854
42857
42858
42859
42862
42864
42865
42866
42867
42869
42870
42872
42877
42879
42880
42881
42882
42883
42884
42885
42886
42887
42888
42889
42891
42892
42893
42894
42898
42899
42900
42902
42903
42905
42907
42910
42911
42912
42914
42916
42917
42920
42923
42928
42929
42931
42932
42933
42934
42936
42938
42939
42940
42942
42943
42945
42948
42949
42952
42953
42956
42957
42958
42959
42960
42963
42966
42968
42970
42971
42974
42975
42978
42980
42981
42982
42984
42985
42986
42987
42988
42989
42991
42992
42994
42996
42997
42998
43000
43003
43005
43006
43007
43008
43009
43011
43012
43014
43015
43016
43017
43022
43023
43027
43029
43030
43033
43036
43038
43039
43040
43041
43042
43043
43045
43046
43048
43051
43052
43055
43058
43061
43062
43063
43065
43066
43068
43069
43070
43071
43072
43073
43074
43075
43077
43078
43080
43081
43082
43083
43084
43085
43087
43089
43090
43091
43093
43095
43097
43099
43100
43106
43108
43109
43110
43113
43114
43116
43117
43120
43121
43123
43124
43125
43127
43134
43135
43136
43137
43139
43141
43142
43144
43145
43146
43147
43148
43149
43152
43153
43156
43157
43158
43160
43162
43163
43164
43166
43167
43169
43170
43171
43172
43174
43176
43178
43179
43180
43181
43182
43183
43184
43185
43188
43189
43190
43191
43192
43194
43195
43200
43203
43204
43208
43209
43210
43211
43213
43214
43215
43216
43217
43218
43219
43220
43221
43223
43224
43227
43228
43229
43231
43232
43233
43235
43237
43238
43239
43240
43242
43244
43245
43246
43247
43248
43250
43252
43253
43254
43256
43257
43258
43259
43262
43263
43266
43267
43268
43271
43273
43277
43278
43279
43281
43282
43287
43288
43289
43290
43292
43294
43295
43296
43298
43299
43300
43301
43302
43303
43304
43307
43308
43309
43310
43312
43316
43318
43320
43321
43323
43324
43327
43328
43329
43331
43333
43334
43335
43336
43338
43340
43341
43342
43343
43346
43347
43350
43351
43352
43353
43356
43357
43358
43359
43360
43363
43364
43366
43367
43369
43370
43371
43373
43375
43376
43378
43382
43383
43384
43386
43387
43388
43389
43390
43391
43392
43393
43394
43396
43397
43399
43400
43402
43403
43405
43406
43410
43415
43416
43417
43420
43422
43423
43425
43426
43427
43428
43430
43433
43434
43438
43440
43443
43445
43446
43448
43449
43450
43451
43453
43454
43456
43457
43458
43461
43462
43463
43465
43466
43467
43468
43470
43471
43472
43473
43474
43479
43480
43483
43484
43487
43489
43492
43494
43502
43503
43506
43507
43508
43509
43510
43512
43513
43516
43517
43519
43522
43525
43526
43527
43528
43529
43531
43532
43535
43537
43539
43540
43541
43543
43544
43545
43546
43547
43548
43550
43552
43553
43554
43555
43556
43561
43562
43563
43566
43567
43568
43569
43570
43571
43574
43576
43577
43581
43583
43584
43587
43591
43593
43594
43595
43596
43597
43599
43601
43603
43605
43606
43609
43610
43611
43613
43617
43618
43621
43622
43624
43625
43626
43627
43629
43631
43634
43636
43639
43641
43642
43644
43645
43647
43648
43649
43651
43655
43658
43662
43663
43664
43665
43666
43667
43668
43669
43670
43671
43674
43675
43677
43679
43680
43681
43682
43683
43684
43685
43688
43691
43692
43693
43695
43696
43698
43703
43705
43706
43709
43710
43712
43714
43716
43717
43722
43723
43726
43729
43732
43733
43736
43737
43739
43741
43742
43743
43744
43745
43746
43747
43748
43750
43753
43755
43756
43757
43758
43759
43760
43761
43762
43763
43764
43765
43766
43770
43771
43772
43777
43779
43780
43781
43782
43787
43788
43789
43790
43791
43792
43793
43798
43800
43803
43805
43806
43807
43808
43809
43810
43811
43812
43817
43818
43819
43821
43822
43824
43826
43827
43829
43830
43833
43839
43841
43842
43843
43844
43845
43846
43847
43848
43849
43850
43851
43853
43855
43856
43858
43859
43862
43863
43865
43867
43868
43870
43871
43872
43876
43878
43879
43880
43881
43884
43885
43886
43887
43889
43890
43891
43892
)


// ************************************************************************* //
