/*--------------------------------*- C++ -*----------------------------------*\
| =========                 |                                                 |
| \\      /  F ield         | OpenFOAM: The Open Source CFD Toolbox           |
|  \\    /   O peration     | Version:  2512                                  |
|   \\  /    A nd           | Website:  www.openfoam.com                      |
|    \\/     M anipulation  |                                                 |
\*---------------------------------------------------------------------------*/
FoamFile
{
    version     2.0;
    format      ascii;
    arch        "LSB;label=32;scalar=64";
    class       labelList;
    location    "constant/domain2/polyMesh";
    object      faceRegionAddressing;
}
// * * * * * * * * * * * * * * * * * * * * * * * * * * * * * * * * * * * * * //


3991
(
37
38
39
40
342
343
344
345
467
468
469
470
471
472
473
494
495
496
497
965
966
967
968
1207
1208
1209
1210
1215
1217
1262
1263
1264
1625
1626
1627
1628
1995
1997
2204
2205
2206
3116
3117
3119
3124
3125
3126
3354
3355
3356
3563
3564
3565
3566
4054
4055
4056
4693
4694
4695
4696
5698
5699
5968
5970
5971
6032
6033
6034
6035
6056
6057
6058
6059
6060
6110
6111
6112
6113
6114
6115
6116
6117
6118
6119
6138
6139
6140
6141
6147
6148
6149
6150
6182
6183
6184
6185
6213
6214
6222
6223
6224
6261
6262
6263
6265
6279
6280
6292
6293
6317
6319
6398
6400
6401
6402
6403
6404
6438
6439
6440
6441
6453
6454
6455
6489
6490
6491
6500
6501
6502
6503
6504
6510
6515
6516
6517
6518
6519
6520
6521
6569
6570
6571
6572
6577
6578
6579
6904
6905
6906
6937
7205
7206
8125
8126
8127
8128
9066
9067
9068
9084
9085
9086
9087
9156
9157
9158
9159
9440
9441
9442
11461
11463
11464
11890
11891
11892
13804
13805
13806
13807
14703
14704
14705
15905
15907
15908
16126
16127
16129
16746
16747
16748
18868
18869
18870
19973
19975
19976
20482
20483
20484
21971
21972
21973
21974
23143
23144
23145
23457
23458
23459
23460
23461
23462
23463
23467
23468
23563
23564
23565
23613
23614
23615
23616
23657
23658
23659
23703
23705
23715
23716
23717
23909
23911
23912
23961
23962
23963
23964
23980
23981
24017
24018
24019
24020
24108
24109
24110
24128
24129
24130
24182
24183
24267
24268
24269
24319
24320
24321
24465
24466
24554
24555
24556
24557
24578
24580
24644
24645
24646
24647
24649
24650
24662
24663
24664
24701
24702
24703
24704
24754
24755
24756
24757
24758
24759
24760
24770
24800
24801
24813
24814
24815
24816
24830
24832
24833
24847
24848
24862
24863
24864
24865
24894
24895
24978
24979
24980
24981
25010
25011
25012
25021
25022
25023
25024
25025
25068
25069
25070
25071
25084
25085
25086
25092
25093
25122
25123
25124
25125
25126
25127
25128
25129
25147
25148
25149
25174
25175
25176
25185
25186
25187
25190
25217
25218
25219
25257
25258
25259
25270
25271
25272
25291
25292
25293
25316
25317
25318
25319
25323
25324
25325
25326
25366
25367
25368
25455
25457
25458
25463
25464
25465
25466
25467
25468
25469
25470
25495
25496
25500
25501
25502
25503
25512
25513
25524
25525
25526
25531
25532
25533
25534
25587
25588
25596
25597
25598
25639
25640
25641
25642
25688
25689
25735
25737
25738
25742
25743
25744
25745
25805
25807
25808
25809
25810
25854
25855
25856
25857
25883
25884
25885
25951
25952
25953
25978
25980
25981
25992
25993
26029
26031
26032
26071
26072
26073
26074
26075
26076
26077
26130
26131
26155
26157
26158
26230
26231
26232
26233
26234
26235
26236
26237
26257
26258
26259
26260
26261
26262
26263
26267
26268
26289
26290
26291
26299
26303
26305
26306
26320
26321
26322
26323
26374
26375
26376
26430
26431
26432
26433
26434
26435
26499
26500
26502
26525
26526
26637
26638
26640
26682
26684
26685
26757
26759
26760
26786
26811
26812
26859
26860
26861
26867
26868
26873
26874
26875
26980
26981
26982
26983
26992
26993
27099
27100
27101
27271
27272
27273
27274
27294
27295
27296
27307
27308
27309
27982
27983
27984
28808
28809
28810
29093
29704
29705
29706
29707
29715
29717
29718
32061
32062
32063
32064
32547
32548
32549
32550
34672
34673
34674
34993
34994
34995
34996
35927
35928
37401
37402
37521
37522
37523
38241
38242
38243
38909
38910
38911
38912
41607
41608
41609
43313
43314
43316
44830
44831
44832
45713
45714
45715
45912
45913
45914
45915
46998
47000
47001
47368
47370
47371
47545
47546
47547
47567
47569
47757
47758
47759
47760
49305
49306
49307
50241
50242
50266
50267
50268
50269
50312
50313
50314
50315
50317
50318
50343
50344
50345
50355
50356
50357
50365
50383
50384
50385
50402
50403
50432
50433
50434
50444
50445
50452
50453
50482
50483
50484
50574
50576
50577
50586
50587
50591
50592
50654
50655
50656
50657
50658
50659
50688
50689
50690
50702
50703
50704
50705
50706
50708
50717
50718
50798
50799
50800
50801
50802
50803
50804
50810
50811
50906
50907
50908
50918
50919
50920
50921
50961
50962
50963
50964
50969
50970
50971
50999
51000
51004
51006
51009
51010
51011
51012
51014
51015
51016
51017
51018
51019
51020
51021
51022
51023
51044
51045
51046
51047
51048
51049
51050
51051
51075
51076
51077
51118
51119
51120
51121
51156
51157
51158
51159
51160
51161
51170
51171
51172
51183
51184
51247
51248
51249
51259
51260
51261
51262
51263
51264
51283
51284
51290
51291
51292
51297
51298
51299
51300
51312
51313
51314
51315
51325
51326
51327
51363
51395
51404
51406
51436
51437
51438
51439
51446
51447
51448
51465
51466
51470
51474
51475
51476
51494
51495
51496
51550
51551
51553
51573
51581
51582
51584
51585
51586
51619
51620
51621
51625
51626
51627
51628
51629
51630
51631
51641
51642
51643
51644
51748
51749
51750
51757
51758
51773
51774
51775
51794
51795
51796
51816
51817
51857
51858
51859
51873
51874
51875
51876
51878
51879
51881
51882
51883
51884
51898
51899
51901
51912
51913
51946
51947
51962
51963
51976
51977
51978
51979
51991
51992
51993
52013
52014
52029
52030
52043
52044
52045
52061
52062
52063
52071
52072
52073
52087
52088
52089
52090
52091
52092
52105
52213
52214
52298
52299
52342
52344
52345
52361
52362
52395
52396
52397
52398
52405
52406
52407
52410
52411
52412
52424
52425
52426
52440
52441
52450
52451
52452
52453
52454
52456
52457
52458
52461
52462
52463
52464
52465
52471
52472
52482
52483
52484
52574
52576
52577
52578
52579
52580
52584
52585
52586
52587
52591
52592
52593
52596
52597
52598
52599
52601
52602
52615
52616
52617
52629
52630
52631
52632
52633
52654
52656
52657
52676
52677
52678
52680
52681
52682
52691
52692
52693
52694
52695
52742
52743
52744
52750
52751
52752
52754
52756
52786
52787
52805
52825
52826
52827
52834
52835
52836
52837
52846
52847
52854
52855
52859
52860
52861
52862
52870
52872
52873
52888
52889
52890
52953
52954
52955
52956
52960
52962
52963
52967
52968
52978
52979
53064
53065
53066
53067
53089
53090
53091
53092
53093
53094
53095
53102
53104
53106
53111
53112
53126
53128
53132
53139
53140
53141
53142
53143
53144
53146
53147
53148
53149
53150
53193
53194
53195
53198
53199
53200
53201
53215
53221
53222
53236
53237
53238
53241
53242
53243
53248
53249
53277
53278
53287
53289
53290
53301
53302
53304
53321
53322
53346
53347
53348
53370
53372
53424
53426
53427
53447
53448
53449
53490
53491
53492
53504
53508
53509
53523
53524
53525
53526
53532
53533
53654
53655
53673
53674
53675
53701
53702
53703
53733
53734
53735
53741
53742
53746
53747
53748
53796
53797
53825
53826
53827
53888
53889
53890
53891
53900
53901
53925
53926
53927
53938
53939
53970
53971
53972
53973
53986
53987
53990
53991
53992
53993
54009
54010
55990
55991
55992
56315
56316
56317
57243
57244
57245
57322
57323
57552
57553
57554
58431
58432
58433
58830
58831
58841
58842
58843
59734
59736
59737
59858
59859
59860
62191
62192
62193
62407
62408
63169
63170
63416
63417
63418
63419
63455
63456
63457
63458
64249
64250
64251
64371
64372
64373
65749
65750
65751
66244
66245
66330
66331
67886
67887
69181
69182
70055
70056
70057
70058
70067
70068
70069
71467
71468
71469
71735
71736
71739
71740
71741
71744
71745
71751
71752
71789
71790
71791
71792
71815
71816
71833
71834
71844
71845
72054
72055
72056
72057
72105
72106
72107
72111
72112
72172
72173
72267
72268
72274
72275
72276
72280
72281
72284
72286
72303
72304
72305
72313
72314
72317
72318
72326
72327
72328
72329
72346
72347
72348
72349
72351
72352
72369
72370
72374
72375
72401
72402
72403
72417
72418
72427
72428
72429
72430
72438
72439
72447
72448
72449
72456
72457
72590
72591
72597
72598
72599
72600
72614
72615
72616
72619
72620
72621
72622
72624
72634
72635
72640
72641
72656
72657
72658
72665
72666
72684
72685
72686
72689
72690
72691
72692
72699
72700
72701
72702
72703
72704
72705
72706
72717
72718
72723
72724
72725
72726
72727
72728
72729
72739
72740
72762
72764
72776
72777
72778
72779
72780
72792
72793
72794
72805
72806
72854
72855
72856
72857
72881
72882
72890
72891
72892
72936
72938
72939
72950
72951
72953
72954
72955
72960
72961
72962
72963
72964
72965
72966
72967
72970
72971
72982
72983
72984
72986
72990
72991
73028
73040
73041
73042
73062
73063
73064
73094
73095
73112
73113
73114
73118
73120
73121
73122
73123
73125
73126
73158
73159
73160
73161
73176
73177
73178
73179
73199
73200
73201
73205
73206
73218
73219
73222
73223
73224
73225
73227
73228
73235
73236
73237
73238
73239
73240
73257
73258
73259
73272
73273
73280
73281
73282
73283
73285
73286
73287
73304
73305
73306
73335
73346
73347
73421
73422
73439
73440
73441
73461
73462
73495
73496
73497
73506
73561
73562
73563
73564
73603
73604
73605
73609
73610
73616
73617
73619
73620
73630
73654
73655
73656
73679
73680
73681
73726
73727
73728
73730
73731
73733
73742
73743
73744
73745
73766
73767
73768
73802
73803
73804
73805
73806
73807
73823
73824
73825
73826
73839
73840
73884
73885
73886
73887
73888
73905
73906
73907
73910
73911
73912
73913
73928
73935
73936
73937
73940
73941
73942
73950
73951
73952
73953
73989
73990
73991
73995
73996
74002
74003
74004
74040
74041
74043
74044
74045
74046
74047
74048
74049
74052
74053
74059
74060
74061
74074
74075
74076
74077
74078
74079
74080
74081
74100
74101
74102
74104
74105
74124
74125
74148
74149
74150
74151
74152
74153
74154
74155
74182
74186
74187
74188
74189
74190
74208
74209
74211
74212
74213
74219
74220
74221
74222
74228
74229
74230
74231
74233
74234
74235
74236
74255
74256
74263
74265
74269
74270
74287
74288
74289
74295
74332
74333
74334
74340
74341
74342
74343
74356
74357
74363
74364
74403
74404
74405
74407
74408
74409
74410
74411
74425
74427
74428
74452
74464
74465
74467
74468
74469
74477
74479
74480
74481
74482
74486
74493
74494
74495
74513
74514
74516
74528
74530
74531
74532
74537
74538
74539
74540
74541
74544
74545
74546
74547
74548
74552
74553
74554
74555
74561
74562
74563
74564
74565
74579
74580
74581
74597
74598
74616
74617
74618
74645
74672
74673
74674
74675
74676
74692
74693
74694
74696
74697
74698
74705
74706
74707
74711
74728
74729
74730
74731
74732
74746
74748
74753
74754
74762
74763
74767
74768
74769
74772
74773
74774
74776
74798
74799
74800
74961
75186
75187
75883
75884
75885
76158
76159
76160
77418
77419
77420
77627
77628
77629
77652
77653
77857
77858
77859
77867
78146
78147
78196
78197
78199
78208
78314
78315
78373
78374
78375
78376
78412
78413
78414
78432
78433
78434
78501
78502
78757
78758
78759
78785
78786
78880
78917
78918
78919
78957
78970
79037
79039
79252
79253
79279
79280
79281
79386
79445
79454
79455
79491
79492
80043
80044
80045
80056
80118
80119
80263
80293
80294
80295
80657
80658
80659
80776
80777
80778
80824
80825
80849
80850
80851
80891
80898
80951
80952
80953
80976
80977
81100
81101
81288
81311
81312
81359
81360
81361
81644
81645
81661
81662
81663
81741
81742
81885
81886
81939
81940
81941
81942
81946
81947
81948
82006
82007
82026
82190
82191
82311
82312
82338
82339
82340
82510
82511
82524
82525
82526
82527
82552
82553
82554
82741
82916
82917
82918
82937
82978
82979
82980
82981
82982
83031
83032
83074
83075
83083
83084
83150
83151
83152
83166
83167
83203
83204
83205
83207
83208
83209
83211
83212
83222
83223
83224
83228
83230
83232
83233
83234
83246
83247
83248
83249
83250
83257
83258
83259
83272
83273
83274
83275
83276
83288
83289
83290
83291
83292
83293
83371
83372
83399
83401
83406
83408
83412
83413
83420
83421
83422
83431
83432
83433
83434
83435
83436
83437
83442
83443
83473
83474
83475
83476
83477
83480
83481
83485
83499
83500
83505
83506
83554
83555
83576
83577
83578
83587
83588
83589
83598
83605
83606
83607
83608
83609
83610
83611
83612
83613
83614
83616
83629
83642
83643
83645
83646
83647
83648
83649
83651
83652
83653
83656
83657
83660
83661
83662
83676
83677
83678
83685
83686
83687
83692
83693
83694
83695
83696
83697
83713
83714
83715
83718
83719
83720
83721
83726
83742
83743
83744
83746
83748
83749
83755
83756
83757
83758
83759
83760
83761
83762
83763
83764
83765
83767
83775
83783
83784
83786
83826
83839
83841
83872
83873
83893
83894
83908
83909
83910
83913
83923
83934
83936
83937
83938
83939
83940
83946
83947
83948
83951
83952
83953
83957
83958
83967
83993
83994
83995
84006
84007
84015
84016
84017
84019
84020
84021
84022
84023
84024
84025
84027
84029
84030
84031
84032
84033
84034
84035
84036
84049
84050
84051
84057
84060
84061
84062
84076
84077
84078
84085
84086
84087
84088
84090
84112
84133
84134
84135
84137
84138
84141
84142
84143
84144
84148
84151
84152
84156
84157
84159
84160
84161
84162
84163
84164
84165
84167
84168
84171
84173
84177
84178
84179
84180
84184
84185
84191
84192
84193
84200
84201
84221
84222
84223
84224
84229
84230
84231
84236
84237
84249
84250
84255
84256
84270
84282
84297
84298
84314
84315
84317
84318
84319
84327
84328
84331
84332
84333
84339
84340
84346
84347
84348
84349
84350
84353
84354
84355
84356
84357
84358
84359
84360
84363
84364
84365
84366
84367
84368
84369
84370
84371
84373
84374
84375
84376
84377
84378
84379
84383
84384
84387
84389
84391
84393
84394
84395
84408
84409
84411
84412
84413
84418
84419
84423
84426
84427
84428
84435
84436
84437
84440
84449
84453
84457
84458
84459
84461
84467
84468
84469
84471
84472
84477
84478
84488
84489
84493
84495
84496
84497
84522
84524
84525
84526
84527
84537
84545
84546
84549
84551
84556
84557
84558
84559
84563
84564
84565
84570
84571
84573
84574
84575
84576
84577
84580
84584
84585
84586
84587
84588
84590
84591
84592
84593
84751
84752
84753
84754
84835
84836
84851
84852
84853
84882
84883
84942
84943
84948
84981
85192
85193
85327
85328
85355
85356
85357
85371
85372
85373
85514
85515
85523
85680
85681
85682
85683
85686
85687
85688
85742
85743
85749
85750
85858
85895
85896
85916
85917
85975
86034
86035
86036
86037
86038
86039
86040
86041
86042
86043
86044
86045
86046
86047
86048
86049
86050
86051
86052
86053
86054
86055
86056
86057
86061
86062
86063
86064
86065
86066
86067
86070
86071
86072
86073
86074
86075
86076
86077
86078
86079
86080
86081
86082
86083
86084
86085
86086
86087
86088
86089
86090
86091
86092
86096
86097
86099
86100
86101
86102
86103
86104
86105
86109
86110
86111
86112
86113
86114
86115
86116
86117
86118
86119
86120
86121
86122
86123
86124
86125
86126
86127
86129
86130
86131
86132
86133
86134
86135
86136
86137
86138
86139
86141
86142
86143
86144
86145
86146
86147
86148
86149
86150
86151
86152
86153
86154
86155
86156
86157
86158
86159
86160
86162
86163
86167
86169
86170
86171
86172
86173
86174
86175
86176
86177
86178
86179
86181
86183
86187
86188
86189
86190
86191
86192
86193
86194
86195
86197
86198
86199
86200
86202
86203
86204
86205
86206
86207
86208
86209
86210
86211
86212
86213
86214
86215
86216
86217
86218
86219
86220
86221
86222
86223
86224
86225
86226
86227
86228
86229
86230
86232
86233
86234
86235
86236
86237
86238
86239
86240
86241
86242
86244
86245
86246
86247
86248
86249
86250
86251
86253
86254
86255
86256
86257
86258
86259
86260
86261
86262
86263
86264
86265
86266
86267
86269
86270
86271
86273
86274
86275
86276
86279
86280
86281
86283
86284
86285
86286
86287
86288
86289
86290
86291
86292
86293
86294
86295
86296
86297
86298
86299
86300
86302
86303
86304
86306
86312
86314
86315
86316
86317
86318
86320
86321
86324
86325
86327
86328
86329
86330
86331
86332
86333
86334
86335
86337
86338
86339
86342
86343
86344
86346
86347
86349
86350
86351
86352
86353
86354
86355
86356
86357
86358
86359
86360
86361
86362
86363
86364
86365
86366
86367
86368
86369
86370
86371
86372
86374
86375
86376
86377
86378
86379
86380
86381
86382
86383
86384
86385
86387
86388
86389
86390
86391
86392
86393
86394
86395
86396
86397
86398
86400
86401
86402
86403
86404
86405
86407
86408
86409
86410
86411
86412
86413
86415
86416
86417
86418
86419
86420
86421
86422
86423
86424
86425
86426
86429
86432
86433
86434
86435
86436
86437
86438
86439
86440
86441
86442
86443
86444
86445
86446
86447
86448
86449
86450
86451
86452
86453
86454
86455
86456
86457
86458
86459
86460
86462
86463
86464
86465
86466
86469
86470
86471
86472
86473
86474
86475
86477
86478
86479
86480
86482
86483
86484
86485
86486
86487
86488
86489
86490
86491
86492
86493
86494
86495
86496
86497
86498
86499
86500
86501
86502
86505
86506
86507
86508
86509
86510
86511
86512
86513
86514
86515
86516
86518
86520
86521
86523
86524
86525
86526
86527
86528
86529
86530
86531
86532
86533
86534
86535
86536
86537
86538
86539
86540
86541
86542
86543
86544
86545
86546
86547
86548
86550
86551
86552
86554
86555
86556
86557
86558
86559
86560
86561
86563
86564
86565
86566
86567
86568
86569
86570
86571
86572
86573
86574
86575
86576
86577
86578
86579
86580
86582
86583
86584
86585
86586
86588
86590
86591
86592
86593
86594
86595
86596
86597
86598
86599
86600
86601
86602
86603
86604
86605
86607
86609
86610
86611
86612
86613
86614
86615
86616
86617
86621
86622
86623
86624
86625
86626
86627
86628
86629
86630
86631
86632
86633
86634
86635
86636
86637
86638
86640
86641
86642
86643
86644
86645
86646
86647
86648
86649
86650
86651
86652
86653
86654
86655
86656
86657
86658
86659
86660
86661
86662
86663
86664
86665
86666
86667
86668
86669
86670
86672
86673
86674
86675
86676
86677
86680
86681
86682
86684
86685
86686
86687
86688
86689
86690
86691
86692
86693
86694
86695
86696
86697
86698
86699
86700
86701
86702
86705
86706
86708
86709
86710
86711
86712
86714
86716
86717
86718
86719
86720
86721
86722
86723
86724
86725
86726
86727
86728
86729
86730
86732
86733
86734
86736
86739
86740
86741
86743
86744
86745
86746
86747
86748
86749
86750
86751
86752
86753
86754
86757
86758
86759
86760
86762
86764
86766
86768
86769
86770
86771
86772
86773
86774
86775
86776
86777
86778
86780
86781
86783
86787
86788
86790
86791
86792
86793
86794
86795
86798
86799
86800
86801
86802
86803
86804
86805
86807
86808
86809
86811
86812
86814
86815
86816
86817
86819
86820
86821
86822
86823
86826
86827
86828
86829
86830
86831
86832
86833
86834
86835
86836
86841
86842
86843
86844
86845
86846
86847
86848
86850
86852
86853
86854
86855
86856
86857
86859
86860
86861
86862
86863
86865
86866
86867
86868
86870
86872
86873
86874
86875
86877
86878
86881
86882
86884
86887
86888
86889
86891
86893
86895
86896
86910
86911
86912
86913
86914
86915
86916
86917
86918
86919
86920
86921
86922
87001
87002
87003
87004
87005
87006
87007
87008
87009
87010
87011
87012
87013
88121
88634
88635
88638
88639
88640
88642
88645
88646
88647
88648
88650
88651
88652
88653
88654
88655
88656
88657
88658
88661
88662
88663
88664
88665
88667
88668
88669
88670
88671
88672
88675
88676
88677
88678
88679
-1074
1216
-1372
-1443
-1785
-1812
1996
-2307
-2488
-2501
-3029
3118
-3486
-3748
-3775
-4192
-4218
-4485
-4622
-5003
-5263
-5328
-5350
-5477
5697
-5745
-5859
5969
-6050
6055
6146
6212
6264
6318
6399
-6480
6509
-6747
-6786
6903
7204
-7778
-7800
-8237
-8260
-8792
9065
-9080
-9245
9439
-10587
-10774
-10945
-11020
-11142
-11270
-11338
11462
-11589
-11720
-11764
-11863
-11963
-12294
-12327
-12495
-12529
-12824
-12960
-13234
-13513
-13602
-13945
-14038
-14242
-14478
-14657
-14682
-14690
-15619
-15669
-15785
15906
16128
-16521
-16591
-16619
-16704
-16715
16745
-16846
-16940
-16998
-17021
-17329
-17564
-17971
-18378
-18412
-18471
-18498
-18528
-18541
-18757
-19267
-19305
-19569
19974
-20001
-20021
-20102
-20109
-20192
-20343
-20355
-20403
-20486
-20497
-20582
-20592
-20609
-20617
-20712
-20775
-20789
-20922
-20930
-21013
-21251
-21360
-21479
-21800
-22310
-22334
-22483
-22678
-22781
-22924
-22987
-23001
-23053
23142
-23218
-23296
-23318
-23331
-23386
23466
-23589
-23645
-23649
23704
-23833
-23867
23910
-23972
23979
-23987
24181
24318
-24436
-24484
24579
24648
24769
24799
24831
24893
25020
25091
25189
-25198
25256
-25374
25456
25511
25523
25586
-25712
25736
25806
-25913
-25930
25979
25991
26030
-26070
26132
26156
26298
26304
-26401
-26428
26429
26501
26639
26683
-26756
26758
26785
-26804
26866
-27019
27098
27306
-27390
-27396
-27526
-27701
-27828
-27902
-27933
-27986
-28057
-28214
-28596
-28635
-28765
-28785
-28818
-28919
-28965
-29005
-29102
-29117
-29183
-29204
-29291
-29302
-29430
-29554
29716
-29719
-30322
-30753
-30890
-30901
-30921
-30931
-31212
-31324
-31329
-31372
-31458
-31722
-33613
-33781
-33852
-33914
-34016
-34377
-34391
-34431
-34519
-34678
-34682
-34804
-34807
-35089
-35293
-35335
-35403
-35441
-35469
-35923
-35981
-36062
-36068
-36095
-36103
-36124
-36138
-36244
-36316
-36345
-36392
-36407
-36436
-36456
-36479
-36509
-36530
-36544
-36557
-36641
-36658
-36672
-37369
-37761
-37844
-37947
-38150
38240
-38430
-38521
-38569
-38879
-39275
-40089
-40733
-40796
-40892
-40975
-41733
-41998
-42144
-42274
-42318
-42396
-42757
-42811
-42893
-42899
-42905
-42919
-42941
-42950
-42973
-43004
-43077
-43099
-43105
-43261
-43268
-43308
43315
-43346
-43357
-43384
-43392
-43420
-43510
-43528
-43569
-43660
-43672
-43723
-43727
-43834
-43845
-43862
-43938
-43966
-44015
-44113
-44172
-44532
-44566
-44962
-45059
-45342
-45462
-46487
-46490
-46495
-46503
-46802
-46894
-46926
-46958
46999
-47165
47369
-47401
-47449
-47470
-47477
47568
-48140
-48319
-48683
-48761
-48865
-48962
-49101
-49203
-49238
-49249
-49253
-49332
-49475
-49600
-49604
-49631
-49643
-49696
-49742
-49746
-50117
50401
50451
-50524
-50545
50575
50588
-50662
50707
50809
50998
51005
51182
51258
-51310
51364
-51380
51394
51405
-51435
51497
-51503
51552
51572
-51701
51709
51815
51877
51900
-52200
52212
-52241
52343
52575
52600
-52642
-52652
52655
-52720
52755
-52785
-52800
52804
52853
52871
-52883
52899
-52959
52961
53006
-53080
53103
53105
53127
53131
53145
-53157
53220
53247
-53270
53288
-53299
53303
-53331
53371
53425
-53542
-53587
-53635
-53698
-53775
53795
-53800
-53897
53937
53985
54008
-54069
-54136
-54168
-54316
-54484
-54551
-54561
-54575
-54581
-54627
-54630
-54937
-54938
-54944
-55037
-55061
-55151
-55218
-55307
-55330
-55358
-55420
-55422
-55564
-55573
-55743
-55750
-55874
-55904
-55918
-55962
-56001
-56113
-56132
-56389
-56497
-56722
-56777
-56798
-56976
-57007
-57058
57321
57551
-58007
-58098
-58371
-58382
-58417
-58787
-58789
-58854
-59139
-59150
-59464
-59567
-59581
59735
-60233
-60274
-60290
-60347
-60368
-60372
-60437
-60444
-60471
-60570
-60581
-60591
-60595
-60605
-60701
-60750
-60756
-60793
-61350
-61498
-61599
-62127
-62134
-62229
-62799
-62804
-62915
-62931
-63128
63168
-63264
-63901
-63906
-63956
-63958
-63960
-63969
-63981
-64674
-64714
-64724
-64785
-64798
-64822
-64894
-64956
-65124
-65138
-65144
-65176
-65190
-65209
-65236
-65242
-65251
-65290
-65428
-65528
-65555
-65565
-65580
-65617
-65686
-65720
-65907
-65921
66243
-66560
-66571
-66634
-66644
-66805
-66819
-67646
-67678
-67701
-67719
-67729
-68199
-68207
-68209
-68225
-68272
-68283
-68456
-68697
-68846
-68970
-69123
-69358
-69359
-69379
-69407
-69413
-69438
-69451
-69461
-69539
-69567
-69571
-69576
-69581
-69590
-69599
-69605
-69609
-69703
-69709
-69715
-69719
-69726
-69731
-69743
-69811
-69822
-69827
-69833
-69939
-70732
-70855
-70871
-70914
-71677
72171
-72248
72285
-72392
-72405
72416
-72496
72664
72763
-72897
72937
72985
73027
-73044
-73049
-73050
73119
-73276
73334
73345
-73376
-73411
-73430
-73453
73460
-73470
-73485
73505
-73547
-73596
-73608
73618
-73627
73725
73732
-73751
-73760
-73784
-73789
-73865
-73868
-73919
-73924
73927
-73958
-73973
-73978
74042
74103
-74194
74232
74264
-74304
74426
-74457
74478
74492
74596
-74643
-74649
74671
-74704
74747
75185
-75390
-75502
-75742
-75748
-75751
-75753
-75758
-75763
-75781
-75783
76157
-76226
-76357
-76508
-76615
-76661
-76664
-76674
-76762
-76766
-76770
-76791
-76810
-76826
-76839
-76843
-76850
-76887
-76890
-76911
-76912
-76914
-76917
-76936
-76941
-76945
-77360
-77485
-77514
-77516
-77562
-77573
-77712
78198
-78246
78881
-78904
-78914
-78963
-78969
-78975
-78990
-78994
-79001
-79004
-79005
-79009
-79032
79038
79251
-79370
-79413
-79495
-79577
-79596
-79724
-79733
-79819
-79835
-79841
-79853
-79857
-79867
-79933
-80020
80262
-80304
-80544
-80611
80775
80892
-80925
-81040
-81066
-81088
-81155
-81188
-81191
-81206
-81212
-81216
-81225
-81228
-81384
-81387
-81401
-81407
-81433
-81434
-81436
-81458
-81476
-81509
-81517
-81604
-81635
-81642
81740
-81861
-81893
-81937
-81967
-81970
-81975
-81978
-81980
-82001
-82024
-82037
-82041
-82051
-82053
-82055
-82072
-82096
-82115
-82126
-82128
-82158
-82159
-82174
-82184
-82187
82189
-82237
-82240
-82648
-82705
-82910
-83106
83210
83229
83271
-83320
-83339
-83391
-83395
83407
83498
-83519
-83520
-83561
-83563
-83565
-83566
-83585
-83592
-83604
83615
-83626
-83635
83745
83774
83840
-83852
-83888
-83890
-83896
-83898
-83933
84018
-84037
-84048
-84070
-84072
-84074
-84092
-84095
-84120
-84174
-84215
-84220
-84226
-84257
-84258
-84261
-84266
84281
-84307
-84336
84470
-84479
-84572
-84737
-84799
-84827
-84843
-85137
-85140
-85144
-85149
-85151
-85154
-85159
-85538
-85540
-85547
-85553
-85554
-85557
-85559
-85561
-85567
-85575
-85578
-85586
-85594
-85621
-85628
-85650
-85661
-85662
-85663
-85667
-85669
-85949
)


// ************************************************************************* //
