/*--------------------------------*- C++ -*----------------------------------*\
| =========                 |                                                 |
| \\      /  F ield         | OpenFOAM: The Open Source CFD Toolbox           |
|  \\    /   O peration     | Version:  2512                                  |
|   \\  /    A nd           | Website:  www.openfoam.com                      |
|    \\/     M anipulation  |                                                 |
\*---------------------------------------------------------------------------*/
FoamFile
{
    version     2.0;
    format      ascii;
    arch        "LSB;label=32;scalar=64";
    class       faceList;
    location    "constant/domain2/polyMesh";
    object      faces;
}
// * * * * * * * * * * * * * * * * * * * * * * * * * * * * * * * * * * * * * //


3991
(
3(477 616 545)
3(545 616 570)
3(477 570 616)
3(477 545 570)
3(383 541 578)
3(383 578 171)
3(578 541 171)
3(383 171 541)
3(346 563 587)
3(346 242 563)
3(587 563 242)
3(346 587 242)
3(346 240 587)
3(563 240 346)
3(563 587 240)
3(563 242 512)
3(242 603 512)
3(563 603 242)
3(563 512 603)
3(480 264 542)
3(542 264 614)
3(480 542 614)
3(480 614 264)
3(616 377 401)
3(525 377 616)
3(525 616 401)
3(525 401 377)
3(467 616 377)
3(401 616 467)
3(570 616 525)
3(570 525 377)
3(570 377 616)
3(223 542 602)
3(223 574 542)
3(542 574 602)
3(223 602 574)
3(264 542 385)
3(480 385 542)
3(542 264 223)
3(542 223 614)
3(223 264 614)
3(543 6 101)
3(543 101 102)
3(543 102 6)
3(101 543 496)
3(543 6 496)
3(101 496 6)
3(101 8 496)
3(543 496 8)
3(101 543 8)
3(584 529 12)
3(584 107 529)
3(107 12 529)
3(584 12 107)
3(543 101 607)
3(607 101 102)
3(543 607 102)
3(182 544 319)
3(569 182 319)
3(569 544 182)
3(569 319 544)
3(182 544 320)
3(320 544 319)
3(309 310 617)
3(309 617 172)
3(172 617 310)
3(489 580 259)
3(489 534 580)
3(580 534 259)
3(489 259 534)
3(259 280 580)
3(580 280 489)
3(580 489 428)
3(580 428 534)
3(489 534 428)
3(479 617 578)
3(479 431 617)
3(431 578 617)
3(479 578 431)
3(171 479 617)
3(171 617 578)
3(171 578 479)
3(171 551 617)
3(479 551 171)
3(479 617 551)
3(617 432 479)
3(514 479 432)
3(514 432 617)
3(514 617 479)
3(431 617 432)
3(172 551 617)
3(171 551 172)
3(171 172 617)
3(470 410 572)
3(470 572 599)
3(410 599 572)
3(470 599 410)
3(572 405 410)
3(572 470 405)
3(616 467 477)
3(467 545 477)
3(616 545 467)
3(238 616 570)
3(545 616 238)
3(545 238 570)
3(477 616 377)
3(616 525 238)
3(238 525 570)
3(242 512 346)
3(512 563 346)
3(283 512 346)
3(283 242 512)
3(469 283 512)
3(469 512 346)
3(615 589 402)
3(370 615 402)
3(370 589 615)
3(370 402 589)
3(586 537 402)
3(586 402 615)
3(615 402 537)
3(586 615 537)
3(537 402 463)
3(537 463 586)
3(463 402 586)
3(402 615 278)
3(402 278 586)
3(278 615 586)
3(615 589 537)
3(402 537 589)
3(615 589 237)
3(615 237 537)
3(237 589 537)
3(370 615 278)
3(352 507 525)
3(585 525 507)
3(585 507 352)
3(585 352 525)
3(282 507 525)
3(352 507 282)
3(352 282 525)
3(139 585 507)
3(139 507 207)
3(207 507 585)
3(139 207 585)
3(139 507 525)
3(282 139 525)
3(282 507 139)
3(567 349 352)
3(567 352 142)
3(567 142 349)
3(139 585 525)
3(432 310 617)
3(432 617 309)
3(541 430 578)
3(308 430 541)
3(308 578 430)
3(308 541 578)
3(342 545 204)
3(205 204 545)
3(205 545 342)
3(510 54 583)
3(186 54 510)
3(186 510 583)
3(186 583 54)
3(579 53 583)
3(579 583 228)
3(53 228 583)
3(579 228 53)
3(481 269 546)
3(481 546 361)
3(361 546 269)
3(376 519 411)
3(411 519 412)
3(376 412 519)
3(583 579 185)
3(53 583 185)
3(53 185 579)
3(545 138 205)
3(205 138 238)
3(545 205 238)
3(545 238 138)
3(279 545 616)
3(279 616 238)
3(279 238 545)
3(547 385 434)
3(474 547 434)
3(474 385 547)
3(379 478 548)
3(379 548 421)
3(421 548 478)
3(290 289 519)
3(412 519 289)
3(290 519 412)
3(379 478 538)
3(379 538 548)
3(478 548 538)
3(548 298 421)
3(548 421 299)
3(548 299 298)
3(548 573 421)
3(298 421 573)
3(548 298 573)
3(266 472 549)
3(549 472 565)
3(266 565 472)
3(266 549 565)
3(179 47 604)
3(46 179 604)
3(46 604 47)
3(382 457 582)
3(457 513 582)
3(382 513 457)
3(382 582 513)
3(382 457 518)
3(382 518 582)
3(457 582 518)
3(487 457 518)
3(487 518 382)
3(334 513 582)
3(457 334 582)
3(457 513 334)
3(389 544 569)
3(389 569 442)
3(389 442 544)
3(442 569 544)
3(389 591 569)
3(544 591 389)
3(544 569 591)
3(389 569 441)
3(442 441 569)
3(389 591 528)
3(528 591 569)
3(389 528 569)
3(563 348 347)
3(563 256 348)
3(563 347 256)
3(339 461 561)
3(461 535 561)
3(339 535 461)
3(339 561 535)
3(461 561 338)
3(339 338 561)
3(436 614 524)
3(436 386 614)
3(436 524 386)
3(386 524 614)
3(524 313 614)
3(436 313 524)
3(436 614 313)
3(480 435 614)
3(542 614 435)
3(542 435 480)
3(436 480 614)
3(480 386 614)
3(524 223 614)
3(524 313 223)
3(223 313 614)
3(427 491 534)
3(427 534 489)
3(491 489 534)
3(467 545 465)
3(465 545 477)
3(437 555 473)
3(437 524 555)
3(524 473 555)
3(437 473 524)
3(438 555 473)
3(438 437 555)
3(351 117 538)
3(117 608 538)
3(351 538 608)
3(351 608 117)
3(351 216 538)
3(216 117 538)
3(117 163 538)
3(163 608 538)
3(117 608 163)
3(328 613 526)
3(328 450 613)
3(450 526 613)
3(328 526 450)
3(450 327 613)
3(506 450 613)
3(506 613 327)
3(506 327 450)
3(328 613 191)
3(328 191 526)
3(191 613 526)
3(328 327 613)
3(328 613 190)
3(191 190 613)
3(488 586 594)
3(488 462 586)
3(462 594 586)
3(488 594 462)
3(488 594 278)
3(369 278 594)
3(369 594 488)
3(278 586 594)
3(278 488 586)
3(365 575 485)
3(575 530 485)
3(365 530 575)
3(365 485 530)
3(485 273 575)
3(365 575 273)
3(515 572 111)
3(243 572 515)
3(243 515 111)
3(243 111 572)
3(18 572 111)
3(515 572 18)
3(515 18 111)
3(18 572 210)
3(210 572 111)
3(405 572 515)
3(405 515 243)
3(405 243 572)
3(395 575 577)
3(395 453 575)
3(395 577 453)
3(453 577 575)
3(395 273 577)
3(575 577 273)
3(395 575 273)
3(364 577 395)
3(364 273 577)
3(390 612 532)
3(390 429 612)
3(429 532 612)
3(390 532 429)
3(390 541 612)
3(390 612 430)
3(430 612 541)
3(390 430 541)
3(532 261 612)
3(390 612 261)
3(390 261 532)
3(541 612 504)
3(541 504 390)
3(390 504 612)
3(261 504 532)
3(612 504 261)
3(612 532 504)
3(612 430 429)
3(612 504 170)
3(170 504 541)
3(612 170 541)
3(550 293 416)
3(550 294 293)
3(550 416 294)
3(438 555 565)
3(555 473 565)
3(438 565 473)
3(387 439 565)
3(439 438 565)
3(387 565 438)
3(105 587 568)
3(529 587 105)
3(529 105 568)
3(529 568 587)
3(568 11 529)
3(584 529 11)
3(584 11 568)
3(584 568 529)
3(104 587 568)
3(105 104 568)
3(105 587 104)
3(156 566 293)
3(293 566 155)
3(156 155 566)
3(509 292 611)
3(509 611 502)
3(611 292 502)
3(509 502 292)
3(292 566 611)
3(155 292 611)
3(155 566 292)
3(155 611 566)
3(292 566 509)
3(509 566 611)
3(468 416 550)
3(550 416 566)
3(468 566 416)
3(468 550 566)
3(292 611 154)
3(155 154 611)
3(414 292 502)
3(291 502 292)
3(291 414 502)
3(324 446 583)
3(510 583 446)
3(510 446 324)
3(510 324 583)
3(323 446 583)
3(323 583 324)
3(546 446 510)
3(583 546 510)
3(583 446 546)
3(448 393 601)
3(505 393 448)
3(505 448 601)
3(505 601 393)
3(482 393 601)
3(448 482 601)
3(240 380 512)
3(469 512 380)
3(240 512 469)
3(449 505 506)
3(505 393 506)
3(449 393 505)
3(449 506 393)
3(326 449 506)
3(506 449 327)
3(326 506 327)
3(326 449 505)
3(326 505 506)
3(540 440 549)
3(472 440 540)
3(472 540 549)
3(472 549 440)
3(540 317 549)
3(317 440 549)
3(540 440 317)
3(172 514 617)
3(172 551 514)
3(514 551 617)
3(551 479 262)
3(354 479 551)
3(354 551 262)
3(172 39 551)
3(39 171 551)
3(340 463 537)
3(463 341 537)
3(340 537 341)
3(531 404 573)
3(404 419 573)
3(531 573 419)
3(531 419 404)
3(281 573 531)
3(281 404 573)
3(281 531 404)
3(404 420 573)
3(420 419 573)
3(306 169 580)
3(306 580 168)
3(169 168 580)
3(610 598 375)
3(610 375 344)
3(610 344 598)
3(344 375 598)
3(246 375 610)
3(246 512 375)
3(246 610 512)
3(610 375 512)
3(147 503 598)
3(503 148 598)
3(147 148 503)
3(147 598 148)
3(598 503 610)
3(375 503 598)
3(375 610 503)
3(147 503 610)
3(598 147 610)
3(466 503 598)
3(375 466 598)
3(375 503 466)
3(246 344 610)
3(147 610 146)
3(14 146 610)
3(147 14 610)
3(588 447 601)
3(588 601 520)
3(520 601 447)
3(588 520 447)
3(482 588 447)
3(482 601 588)
3(482 447 601)
3(392 482 588)
3(392 588 447)
3(520 510 588)
3(510 324 588)
3(520 324 510)
3(520 588 324)
3(218 119 527)
3(345 218 527)
3(345 527 119)
3(34 119 527)
3(218 34 527)
3(545 467 464)
3(545 464 402)
3(545 402 467)
3(464 465 545)
3(342 545 465)
3(342 464 545)
3(139 371 525)
3(238 525 371)
3(238 139 525)
3(282 371 525)
3(548 573 379)
3(573 421 379)
3(161 573 379)
3(161 379 548)
3(161 548 573)
3(573 420 379)
3(573 421 420)
3(379 501 573)
3(161 573 501)
3(161 501 379)
3(474 514 433)
3(514 547 433)
3(474 547 514)
3(474 433 547)
3(384 514 433)
3(384 474 514)
3(526 272 394)
3(526 394 363)
3(526 363 272)
3(553 143 144)
3(553 144 567)
3(553 567 143)
3(567 144 143)
3(607 103 101)
3(543 103 607)
3(543 101 103)
3(606 239 140)
3(77 239 606)
3(77 606 140)
3(262 121 551)
3(221 551 121)
3(262 551 221)
3(551 262 171)
3(262 121 171)
3(551 171 121)
3(479 262 171)
3(51 508 609)
3(508 227 609)
3(51 227 508)
3(51 609 227)
3(552 443 321)
3(552 320 443)
3(552 321 320)
3(544 442 552)
3(320 442 544)
3(320 552 442)
3(320 544 552)
3(576 302 523)
3(302 164 523)
3(576 164 302)
3(576 523 164)
3(378 576 255)
3(255 576 493)
3(378 493 576)
3(553 144 76)
3(553 140 144)
3(553 76 140)
3(140 76 144)
3(81 144 553)
3(81 553 143)
3(144 76 81)
3(81 76 553)
3(144 553 507)
3(140 144 507)
3(140 507 553)
3(166 165 554)
3(303 554 165)
3(166 554 303)
3(376 515 519)
3(241 519 515)
3(376 519 241)
3(376 241 515)
3(565 316 555)
3(565 438 316)
3(316 438 555)
3(316 178 555)
3(178 315 555)
3(316 555 315)
3(125 357 555)
3(224 555 357)
3(125 555 224)
3(565 357 555)
3(125 565 555)
3(125 357 565)
3(169 532 580)
3(169 580 120)
3(580 532 120)
3(169 120 532)
3(556 322 445)
3(323 556 445)
3(323 322 556)
3(484 557 364)
3(484 272 557)
3(364 557 272)
3(577 484 557)
3(364 577 557)
3(364 484 577)
3(388 540 472)
3(388 440 540)
3(59 557 231)
3(192 557 59)
3(192 231 557)
3(192 59 231)
3(99 558 498)
3(99 500 558)
3(498 558 500)
3(498 3 558)
3(3 99 558)
3(381 552 609)
3(544 381 609)
3(544 552 381)
3(544 609 552)
3(609 508 381)
3(609 381 268)
3(268 381 508)
3(609 268 508)
3(508 552 609)
3(381 552 508)
3(609 183 508)
3(609 51 183)
3(51 508 183)
3(381 609 359)
3(381 359 544)
3(359 609 544)
3(359 268 609)
3(591 267 389)
3(389 267 528)
3(591 528 267)
3(359 389 591)
3(359 591 267)
3(528 182 569)
3(182 591 569)
3(528 591 182)
3(376 515 411)
3(515 519 411)
3(515 411 405)
3(376 515 405)
3(515 289 411)
3(519 411 289)
3(519 289 515)
3(386 356 524)
3(386 524 265)
3(265 524 356)
3(386 437 524)
3(437 436 524)
3(614 356 524)
3(614 386 356)
3(321 592 444)
3(592 508 444)
3(321 508 592)
3(321 444 508)
3(444 322 592)
3(321 592 322)
3(189 188 505)
3(326 505 188)
3(326 189 505)
3(523 576 378)
3(523 424 576)
3(523 378 424)
3(378 576 424)
3(260 378 576)
3(255 260 576)
3(260 378 523)
3(260 523 576)
3(521 397 513)
3(456 397 521)
3(456 521 513)
3(456 513 397)
3(521 397 366)
3(366 397 513)
3(521 366 513)
3(382 513 456)
3(457 456 513)
3(422 300 560)
3(299 422 560)
3(299 560 300)
3(162 163 560)
3(162 560 538)
3(162 538 163)
3(560 163 538)
3(517 338 561)
3(201 338 517)
3(201 517 561)
3(201 561 338)
3(338 460 517)
3(517 460 561)
3(338 561 460)
3(200 338 517)
3(200 517 201)
3(460 517 337)
3(338 337 517)
3(533 581 559)
3(593 533 559)
3(593 559 581)
3(593 581 533)
3(533 399 559)
3(399 581 559)
3(533 581 399)
3(593 337 581)
3(459 337 593)
3(459 593 581)
3(459 581 337)
3(533 559 67)
3(533 67 593)
3(593 67 559)
3(559 67 135)
3(135 67 533)
3(559 135 533)
3(593 337 199)
3(199 337 581)
3(593 199 581)
3(463 462 586)
3(488 463 586)
3(594 137 462)
3(594 586 137)
3(462 137 586)
3(451 526 557)
3(526 394 557)
3(451 557 394)
3(451 394 526)
3(557 484 452)
3(557 451 484)
3(557 452 451)
3(353 504 390)
3(353 541 504)
3(353 390 541)
3(498 3 76)
3(498 76 558)
3(76 3 558)
3(504 390 261)
3(353 504 261)
3(255 608 493)
3(608 576 493)
3(255 576 608)
3(351 608 493)
3(351 255 608)
3(493 595 608)
3(595 560 608)
3(493 608 560)
3(493 560 595)
3(493 595 576)
3(576 595 608)
3(595 163 608)
3(595 560 163)
3(163 560 608)
3(562 563 587)
3(562 103 563)
3(562 587 103)
3(563 103 587)
3(101 607 347)
3(101 347 562)
3(607 562 347)
3(101 562 607)
3(347 607 348)
3(347 563 607)
3(348 607 563)
3(102 607 347)
3(348 102 607)
3(347 562 100)
3(100 562 101)
3(141 606 507)
3(141 78 606)
3(606 78 507)
3(141 507 78)
3(239 141 606)
3(507 239 606)
3(507 141 239)
3(567 553 507)
3(567 507 144)
3(78 606 239)
3(606 140 507)
3(140 78 507)
3(606 78 140)
3(575 454 453)
3(575 485 454)
3(575 453 485)
3(575 331 454)
3(575 454 332)
3(575 332 331)
3(575 331 453)
3(454 575 530)
3(454 530 485)
3(549 358 540)
3(358 472 540)
3(549 472 358)
3(83 99 500)
3(83 558 99)
3(83 500 558)
3(540 358 528)
3(388 358 540)
3(388 528 358)
3(388 540 528)
3(540 358 126)
3(126 358 528)
3(540 126 528)
3(225 358 540)
3(225 549 358)
3(225 540 549)
3(540 225 126)
3(434 385 511)
3(434 511 435)
3(511 385 435)
3(385 511 547)
3(434 547 511)
3(547 574 511)
3(385 511 574)
3(385 574 547)
3(491 527 427)
3(534 527 491)
3(534 427 527)
3(527 426 491)
3(527 427 426)
3(491 259 527)
3(534 527 259)
3(534 259 491)
3(251 536 471)
3(251 531 536)
3(536 531 471)
3(251 471 531)
3(254 536 471)
3(254 251 536)
3(516 466 598)
3(466 244 598)
3(516 244 466)
3(516 598 244)
3(408 466 516)
3(408 516 406)
3(466 406 516)
3(503 516 466)
3(503 598 516)
3(516 408 503)
3(408 466 503)
3(344 244 598)
3(466 344 598)
3(403 605 509)
3(403 250 605)
3(250 509 605)
3(403 509 250)
3(605 502 403)
3(403 502 509)
3(605 509 502)
3(245 605 403)
3(245 250 605)
3(605 502 245)
3(403 245 502)
3(403 502 414)
3(414 502 509)
3(403 414 509)
3(316 604 565)
3(316 555 604)
3(565 604 555)
3(565 549 604)
3(316 549 565)
3(316 604 549)
3(125 604 565)
3(125 549 604)
3(125 565 549)
3(178 316 604)
3(179 604 316)
3(178 604 179)
3(555 604 178)
3(416 550 372)
3(550 468 372)
3(413 403 502)
3(413 502 414)
3(180 549 317)
3(317 549 179)
3(180 179 549)
3(180 549 540)
3(180 540 317)
3(242 529 603)
3(587 242 603)
3(587 603 529)
3(587 529 242)
3(562 563 603)
3(587 603 563)
3(587 562 603)
3(562 563 108)
3(108 563 603)
3(562 108 603)
3(603 107 242)
3(145 603 242)
3(145 107 603)
3(242 529 107)
3(107 529 603)
3(145 603 512)
3(242 145 512)
3(602 313 542)
3(602 223 313)
3(542 313 223)
3(602 313 511)
3(542 511 313)
3(542 602 511)
3(602 175 313)
3(602 313 176)
3(602 176 175)
3(602 175 511)
3(175 313 511)
3(176 223 313)
3(176 602 223)
3(511 313 435)
3(511 435 542)
3(435 313 542)
3(417 522 294)
3(417 295 522)
3(295 294 522)
3(417 522 550)
3(417 550 294)
3(294 550 522)
3(571 503 408)
3(285 571 408)
3(285 503 571)
3(285 408 503)
3(571 408 516)
3(406 571 516)
3(406 408 571)
3(571 503 516)
3(503 516 148)
3(503 148 571)
3(571 148 516)
3(408 286 571)
3(285 571 286)
3(406 516 258)
3(244 516 406)
3(244 258 516)
3(406 599 516)
3(571 516 599)
3(571 599 406)
3(258 599 516)
3(406 599 258)
3(536 295 418)
3(536 296 295)
3(536 418 296)
3(295 522 536)
3(418 536 522)
3(418 522 295)
3(546 446 588)
3(546 588 510)
3(510 588 446)
3(392 546 446)
3(392 588 546)
3(392 446 588)
3(546 446 481)
3(392 546 481)
3(228 510 583)
3(546 510 228)
3(546 228 583)
3(270 588 601)
3(270 520 588)
3(270 601 520)
3(482 362 601)
3(362 393 601)
3(482 601 270)
3(482 270 588)
3(362 601 270)
3(147 610 590)
3(147 590 146)
3(146 590 610)
3(375 590 407)
3(503 407 590)
3(375 407 503)
3(375 503 590)
3(590 503 610)
3(147 503 590)
3(375 590 469)
3(469 590 407)
3(253 379 538)
3(501 253 538)
3(501 538 379)
3(501 379 253)
3(538 253 116)
3(538 216 253)
3(538 116 216)
3(478 253 538)
3(253 351 538)
3(478 538 351)
3(116 501 253)
3(116 538 501)
3(383 430 578)
3(541 430 383)
3(309 578 431)
3(309 308 578)
3(431 578 308)
3(617 309 578)
3(617 431 309)
3(383 431 578)
3(431 430 578)
3(581 458 600)
3(458 399 600)
3(581 600 399)
3(581 399 458)
3(458 600 487)
3(458 518 600)
3(458 487 518)
3(487 600 518)
3(336 458 600)
3(336 581 458)
3(336 600 581)
3(458 600 335)
3(336 335 600)
3(600 487 399)
3(458 518 335)
3(518 600 335)
3(413 374 502)
3(403 502 374)
3(395 485 575)
3(315 524 555)
3(315 437 524)
3(315 555 437)
3(473 555 265)
3(524 473 265)
3(524 265 555)
3(473 555 357)
3(357 555 265)
3(293 550 566)
3(156 550 293)
3(156 566 550)
3(113 566 247)
3(247 566 213)
3(113 213 566)
3(213 252 550)
3(550 252 566)
3(213 550 566)
3(213 566 252)
3(573 404 379)
3(420 297 573)
3(297 419 573)
3(519 374 502)
3(519 502 413)
3(519 413 374)
3(519 374 245)
3(519 245 502)
3(502 245 374)
3(519 248 245)
3(519 374 248)
3(514 384 432)
3(514 479 384)
3(310 514 433)
3(432 433 514)
3(310 432 514)
3(380 256 512)
3(246 380 512)
3(246 512 256)
3(169 532 306)
3(306 532 580)
3(532 489 428)
3(532 580 489)
3(532 428 580)
3(428 532 492)
3(492 532 489)
3(222 263 514)
3(263 122 514)
3(222 514 122)
3(263 514 547)
3(222 547 514)
3(222 263 547)
3(402 537 464)
3(545 537 402)
3(545 464 537)
3(463 537 464)
3(589 402 545)
3(589 545 537)
3(345 527 554)
3(345 554 494)
3(527 494 554)
3(345 494 527)
3(527 554 218)
3(218 554 345)
3(554 257 345)
3(554 494 257)
3(258 599 149)
3(149 599 516)
3(258 149 516)
3(245 502 112)
3(519 245 112)
3(519 112 502)
3(572 599 258)
3(470 572 258)
3(470 258 599)
3(572 599 149)
3(572 149 258)
3(410 287 572)
3(287 599 572)
3(410 599 287)
3(599 409 470)
3(599 410 409)
3(483 450 506)
3(450 449 506)
3(483 506 449)
3(525 570 349)
3(585 349 570)
3(525 349 585)
3(525 585 570)
3(570 349 377)
3(377 349 525)
3(349 570 350)
3(585 349 350)
3(585 350 570)
3(343 570 350)
3(349 570 343)
3(350 585 144)
3(567 350 144)
3(567 585 350)
3(567 144 585)
3(207 585 144)
3(350 585 207)
3(230 363 526)
3(363 506 526)
3(230 506 363)
3(230 526 506)
3(230 131 526)
3(131 363 526)
3(593 199 67)
3(199 533 67)
3(593 533 199)
3(559 459 399)
3(559 399 486)
3(559 486 459)
3(36 120 169)
3(36 169 580)
3(36 580 120)
3(337 459 517)
3(460 517 459)
3(168 534 305)
3(168 167 534)
3(167 305 534)
3(30 117 163)
3(30 163 538)
3(30 538 117)
3(351 608 560)
3(351 560 493)
3(493 560 422)
3(560 595 422)
3(493 422 595)
3(400 368 561)
3(277 561 368)
3(277 400 561)
3(68 517 561)
3(201 517 68)
3(201 68 561)
3(314 176 524)
3(313 314 524)
3(313 524 176)
3(532 492 429)
3(532 429 428)
3(562 108 347)
3(562 100 108)
3(103 562 101)
3(529 103 101)
3(529 101 562)
3(529 562 103)
3(528 540 181)
3(528 181 48)
3(181 540 48)
3(528 48 540)
3(104 103 568)
3(103 587 568)
3(104 587 103)
3(145 13 512)
3(512 13 603)
3(145 603 13)
3(495 564 91)
3(497 91 564)
3(497 564 495)
3(177 524 314)
3(177 176 524)
3(495 564 2)
3(2 564 91)
3(495 564 84)
3(2 84 564)
3(84 85 564)
3(495 564 85)
3(5 564 496)
3(101 564 5)
3(101 496 564)
3(101 5 496)
3(84 564 5)
3(84 4 564)
3(4 5 564)
3(398 535 369)
3(277 369 535)
3(398 277 535)
3(344 208 598)
3(208 244 598)
3(398 535 594)
3(369 594 535)
3(398 594 369)
3(109 598 344)
3(208 598 109)
3(109 610 344)
3(109 598 610)
3(579 269 583)
3(556 583 269)
3(556 579 583)
3(556 269 579)
3(269 228 579)
3(269 583 228)
3(579 269 128)
3(579 128 228)
3(128 579 360)
3(269 360 579)
3(462 236 535)
3(535 236 339)
3(462 339 236)
3(462 535 339)
3(211 241 515)
3(241 111 515)
3(211 515 111)
3(211 519 515)
3(241 519 211)
3(560 422 478)
3(560 478 493)
3(577 452 557)
3(577 484 452)
3(452 557 330)
3(577 330 557)
3(577 452 330)
3(452 577 395)
3(395 577 484)
3(329 557 330)
3(452 557 329)
3(367 399 559)
3(533 399 367)
3(533 367 559)
3(459 581 559)
3(399 581 459)
3(276 399 559)
3(276 559 367)
3(486 517 597)
3(486 597 559)
3(517 559 597)
3(486 559 517)
3(597 561 486)
3(597 486 368)
3(368 486 561)
3(597 368 561)
3(486 517 561)
3(597 561 517)
3(486 460 561)
3(486 517 460)
3(597 486 276)
3(597 276 368)
3(158 295 522)
3(158 522 536)
3(158 536 295)
3(158 157 522)
3(295 522 157)
3(596 513 334)
3(596 334 196)
3(596 196 513)
3(334 513 196)
3(513 582 596)
3(334 596 582)
3(513 582 134)
3(134 582 596)
3(513 134 596)
3(197 596 334)
3(197 196 596)
3(300 595 422)
3(560 595 300)
3(576 163 595)
3(576 301 163)
3(576 595 301)
3(163 301 595)
3(595 300 423)
3(301 595 423)
3(301 300 595)
3(423 493 595)
3(423 576 493)
3(423 595 576)
3(423 595 422)
3(576 163 608)
3(212 502 112)
3(245 502 212)
3(212 502 21)
3(112 21 502)
3(461 535 400)
3(561 461 400)
3(561 400 535)
3(461 535 398)
3(398 535 400)
3(398 462 594)
3(594 462 535)
3(398 535 462)
3(488 594 398)
3(594 236 462)
3(137 462 236)
3(137 236 594)
3(535 594 236)
3(106 11 529)
3(568 106 529)
3(568 11 106)
3(497 564 568)
3(101 568 564)
3(101 497 568)
3(101 564 497)
3(107 11 529)
3(106 107 529)
3(571 286 599)
3(149 571 599)
3(149 286 571)
3(149 599 286)
3(409 286 599)
3(571 286 409)
3(571 409 599)
3(409 287 599)
3(287 286 599)
3(315 555 177)
3(178 177 555)
3(555 177 524)
3(315 524 177)
3(45 524 555)
3(45 177 524)
3(45 555 177)
3(429 306 612)
3(532 306 429)
3(532 612 306)
3(307 306 612)
3(429 307 612)
3(296 536 159)
3(159 536 531)
3(296 531 536)
3(296 159 531)
3(296 536 158)
3(536 159 158)
3(525 616 371)
3(401 525 371)
3(401 371 616)
3(534 304 427)
3(534 427 305)
3(534 305 304)
3(534 304 527)
3(527 304 427)
3(250 509 113)
3(509 605 113)
3(250 113 605)
3(502 611 605)
3(22 502 605)
3(22 611 502)
3(22 605 611)
3(559 517 593)
3(459 593 517)
3(459 559 593)
3(459 517 559)
3(337 200 593)
3(200 199 593)
3(593 67 517)
3(559 517 67)
3(465 545 343)
3(343 545 477)
3(279 467 616)
3(279 545 467)
3(545 343 342)
3(522 550 372)
3(417 372 550)
3(522 372 417)
3(249 372 550)
3(252 550 372)
3(249 550 252)
3(249 372 522)
3(249 522 550)
3(583 546 556)
3(269 556 546)
3(583 269 546)
3(556 481 446)
3(556 445 481)
3(556 446 445)
3(446 556 546)
3(481 546 556)
3(424 576 302)
3(523 424 302)
3(301 576 302)
3(424 576 301)
3(523 476 424)
3(523 378 476)
3(425 523 554)
3(476 554 523)
3(476 523 425)
3(476 425 554)
3(425 302 554)
3(523 302 425)
3(523 554 302)
3(303 302 554)
3(303 554 425)
3(381 442 552)
3(544 442 381)
3(183 50 609)
3(544 183 609)
3(544 50 183)
3(544 609 50)
3(508 552 183)
3(183 552 609)
3(381 443 552)
3(443 442 552)
3(307 430 541)
3(307 541 308)
3(612 541 307)
3(612 307 430)
3(439 549 316)
3(317 549 439)
3(317 316 549)
3(439 549 565)
3(439 565 316)
3(227 184 592)
3(227 592 579)
3(184 579 592)
3(227 579 184)
3(322 445 592)
3(556 322 592)
3(556 592 445)
3(475 444 592)
3(508 475 592)
3(508 444 475)
3(444 445 592)
3(475 391 592)
3(444 592 391)
3(359 544 591)
3(359 389 544)
3(591 359 127)
3(591 127 544)
3(359 544 127)
3(591 226 127)
3(359 226 591)
3(180 48 540)
3(180 549 48)
3(48 549 540)
3(266 358 549)
3(582 198 275)
3(582 275 234)
3(582 234 198)
3(234 275 198)
3(382 582 275)
3(513 382 275)
3(513 275 582)
3(275 518 582)
3(275 382 518)
3(198 518 582)
3(198 275 518)
3(134 234 582)
3(134 582 275)
3(436 314 524)
3(220 171 353)
3(220 121 171)
3(353 171 121)
3(353 541 220)
3(504 220 541)
3(353 220 504)
3(195 521 196)
3(333 196 521)
3(333 521 195)
3(326 505 448)
3(505 325 448)
3(326 325 505)
3(520 505 601)
3(229 505 520)
3(229 520 601)
3(229 601 505)
3(505 601 325)
3(520 505 325)
3(520 325 601)
3(264 542 574)
3(264 574 385)
3(574 542 385)
3(264 223 574)
3(542 574 511)
3(511 574 602)
3(355 123 547)
3(123 574 547)
3(355 547 574)
3(355 574 123)
3(123 547 222)
3(222 547 355)
3(411 572 515)
3(405 572 411)
3(572 515 288)
3(411 288 515)
3(411 572 288)
3(281 501 573)
3(379 501 281)
3(379 281 573)
3(573 531 501)
3(281 501 531)
3(538 548 501)
3(379 501 548)
3(501 281 253)
3(29 548 501)
3(538 548 29)
3(538 29 501)
3(29 548 161)
3(29 161 501)
3(161 548 501)
3(455 530 521)
3(455 397 530)
3(455 521 397)
3(530 397 521)
3(521 332 530)
3(455 332 521)
3(455 530 332)
3(530 396 397)
3(455 396 530)
3(251 531 115)
3(251 115 536)
3(115 531 536)
3(160 159 531)
3(160 531 297)
3(159 297 531)
3(560 299 548)
3(299 422 548)
3(560 548 422)
3(299 548 162)
3(560 162 548)
3(560 299 162)
3(161 548 162)
3(299 548 161)
3(505 393 271)
3(505 271 506)
3(271 393 506)
3(551 354 514)
3(479 514 354)
3(479 551 514)
3(354 122 551)
3(354 514 122)
3(551 122 514)
3(551 221 122)
3(354 221 551)
3(590 469 283)
3(590 512 469)
3(590 283 512)
3(284 283 590)
3(469 284 590)
3(469 375 512)
3(512 375 590)
3(192 329 557)
3(192 557 330)
3(329 557 526)
3(329 191 557)
3(329 526 191)
3(557 191 526)
3(329 451 526)
3(329 557 451)
3(557 192 191)
3(201 339 236)
3(201 236 202)
3(202 236 339)
3(535 236 201)
3(535 201 339)
3(575 530 332)
3(454 332 530)
3(575 332 195)
3(575 194 332)
3(575 195 194)
3(332 195 530)
3(575 530 195)
3(521 195 530)
3(332 195 521)
3(490 536 522)
3(490 418 536)
3(490 522 418)
3(254 490 522)
3(249 522 490)
3(249 254 522)
3(490 536 254)
3(254 536 522)
3(370 589 237)
3(370 237 615)
3(589 138 370)
3(589 237 138)
3(370 545 589)
3(402 545 370)
3(545 589 138)
3(370 545 138)
3(473 524 386)
3(437 314 524)
3(232 575 132)
3(273 132 575)
3(232 273 575)
3(426 303 527)
3(554 426 527)
3(554 303 426)
3(554 527 303)
3(304 303 527)
3(426 304 527)
3(441 388 569)
3(389 569 388)
3(428 305 580)
3(428 534 305)
3(580 305 534)
3(306 305 580)
3(428 306 580)
3(361 546 588)
3(361 510 546)
3(361 588 510)
3(361 588 392)
3(392 588 270)
3(361 270 588)
3(392 361 546)
3(347 563 562)
3(607 562 563)
3(108 347 563)
3(562 603 529)
3(562 529 587)
3(242 105 587)
3(105 346 587)
3(12 529 562)
3(603 529 12)
3(603 12 562)
3(242 105 529)
3(190 506 327)
3(189 506 190)
3(189 327 506)
3(463 586 340)
3(586 537 340)
3(462 586 340)
3(488 402 586)
3(311 514 547)
3(311 433 514)
3(311 547 433)
3(311 173 547)
3(311 514 173)
3(514 547 173)
3(174 173 547)
3(311 174 547)
3(288 287 572)
3(410 288 572)
3(256 512 563)
3(256 563 380)
3(563 512 380)
3(108 512 563)
3(256 512 108)
3(256 108 563)
3(563 380 348)
3(352 585 567)
3(507 567 585)
3(352 567 507)
3(567 349 585)
3(352 585 349)
3(413 290 502)
3(519 290 413)
3(519 502 290)
3(291 290 502)
3(413 291 502)
3(450 506 526)
3(483 450 526)
3(483 526 506)
3(506 526 613)
3(483 394 526)
3(450 526 394)
3(58 613 506)
3(526 613 58)
3(526 58 506)
3(507 79 142)
3(507 142 141)
3(507 141 79)
3(553 567 142)
3(567 143 142)
3(553 142 143)
3(207 507 140)
3(207 144 507)
3(207 140 144)
3(143 567 350)
3(509 566 415)
3(373 415 566)
3(509 373 566)
3(509 415 373)
3(293 416 566)
3(293 415 566)
3(415 416 566)
3(415 292 566)
3(415 509 292)
3(373 468 566)
3(468 415 566)
3(321 552 508)
3(321 508 443)
3(508 552 443)
3(321 508 183)
3(321 184 508)
3(508 184 183)
3(321 552 183)
3(184 592 508)
3(184 508 227)
3(227 508 592)
3(238 616 371)
3(215 251 531)
3(215 531 115)
3(69 201 136)
3(236 136 201)
3(69 236 201)
3(365 530 396)
3(274 396 530)
3(274 530 365)
3(501 215 116)
3(281 501 116)
3(281 215 501)
3(160 573 501)
3(160 161 573)
3(160 501 161)
3(573 531 160)
3(160 531 501)
3(22 605 212)
3(212 605 113)
3(22 113 605)
3(509 611 605)
3(502 154 292)
3(502 611 154)
3(503 284 407)
3(285 503 407)
3(285 284 503)
3(516 148 598)
3(590 284 407)
3(590 503 284)
3(367 198 533)
3(234 367 533)
3(234 198 367)
3(234 533 198)
3(261 504 120)
3(261 120 532)
3(120 504 532)
3(554 33 527)
3(218 33 554)
3(218 527 33)
3(120 220 504)
3(504 220 261)
3(146 283 512)
3(146 512 590)
3(146 590 283)
3(362 271 505)
3(362 505 393)
3(449 505 448)
3(483 506 363)
3(483 271 506)
3(506 271 363)
3(483 526 363)
3(349 350 567)
3(594 137 278)
3(369 137 594)
3(282 141 507)
3(507 141 352)
3(508 475 268)
3(508 360 475)
3(508 268 360)
3(321 184 592)
3(475 381 508)
3(475 592 360)
3(508 360 592)
3(309 171 578)
3(578 171 308)
3(509 247 373)
3(509 250 247)
3(509 373 250)
3(278 586 137)
3(373 566 247)
3(509 247 566)
3(401 616 279)
3(509 113 611)
3(509 566 113)
3(113 566 611)
3(186 510 187)
3(186 324 510)
3(510 324 187)
3(129 54 510)
3(54 55 510)
3(129 510 55)
3(312 435 511)
3(312 511 313)
3(123 574 43)
3(574 547 43)
3(123 43 547)
3(380 512 375)
3(312 434 511)
3(109 209 610)
3(14 610 209)
3(109 610 14)
3(563 240 380)
3(563 512 240)
3(145 283 512)
3(145 512 146)
3(108 512 603)
3(246 209 610)
3(246 610 109)
3(156 294 550)
3(294 157 550)
3(156 550 157)
3(513 382 366)
3(513 366 275)
3(569 181 528)
3(569 540 181)
3(569 528 540)
3(471 418 536)
3(471 536 490)
3(533 399 198)
3(367 198 399)
3(132 193 192)
3(192 193 577)
3(132 577 193)
3(132 192 577)
3(64 596 196)
3(64 196 513)
3(64 513 596)
3(197 596 582)
3(197 582 334)
3(310 514 311)
3(219 280 580)
3(259 219 580)
3(243 241 515)
3(241 405 515)
3(151 515 288)
3(572 515 151)
3(572 151 288)
3(289 515 288)
3(151 515 289)
3(226 591 49)
3(528 591 226)
3(528 226 49)
3(528 49 591)
3(208 110 516)
3(244 208 516)
3(244 516 110)
3(507 239 140)
3(367 198 275)
3(487 275 198)
3(367 487 198)
3(337 593 517)
3(133 195 530)
3(521 133 530)
3(521 195 133)
3(455 333 521)
3(332 521 333)
3(300 163 560)
3(300 560 162)
3(68 517 597)
3(68 597 561)
3(461 460 561)
3(400 561 460)
3(129 520 270)
3(229 270 520)
3(229 520 129)
3(576 423 378)
3(576 424 423)
3(144 76 207)
3(144 82 76)
3(207 76 82)
3(139 507 140)
3(139 140 207)
3(207 76 140)
3(207 75 76)
3(207 140 75)
3(536 419 471)
3(419 531 471)
3(536 531 419)
3(419 418 536)
3(457 518 458)
3(547 311 434)
3(547 312 311)
3(547 434 312)
3(4 100 584)
3(584 100 5)
3(4 584 5)
3(584 4 12)
3(584 12 100)
3(600 518 198)
3(600 198 487)
3(487 198 518)
3(584 101 5)
3(584 100 101)
3(529 562 584)
3(12 584 562)
3(107 11 584)
3(183 182 544)
3(183 544 320)
3(502 153 21)
3(153 519 21)
3(502 519 153)
3(502 21 519)
3(540 388 441)
3(540 441 440)
3(507 239 139)
3(282 507 239)
3(304 166 527)
3(166 303 527)
3(167 527 304)
3(167 166 527)
3(235 276 559)
3(235 559 135)
3(559 276 135)
3(276 559 597)
3(235 276 597)
3(235 597 559)
3(277 535 136)
3(561 136 535)
3(561 277 136)
3(561 535 277)
3(277 535 236)
3(136 236 535)
3(140 78 553)
3(507 553 78)
3(79 553 507)
3(553 142 507)
3(79 142 553)
3(76 78 553)
3(140 78 76)
3(439 440 549)
3(540 440 318)
3(540 318 317)
3(234 135 533)
3(367 533 135)
3(228 54 583)
3(510 54 228)
3(323 583 185)
3(186 583 323)
3(186 185 583)
3(583 185 556)
3(583 556 323)
3(323 556 185)
3(446 556 583)
3(381 544 389)
3(146 284 590)
3(284 147 590)
3(165 164 523)
3(302 165 523)
3(164 32 523)
3(217 523 32)
3(217 164 523)
3(217 32 164)
3(487 518 275)
3(416 550 417)
3(492 390 532)
3(307 169 612)
3(169 306 612)
3(197 596 65)
3(582 65 596)
3(197 65 582)
3(334 582 335)
3(582 457 335)
3(514 310 173)
3(514 172 310)
3(514 173 172)
3(79 553 78)
3(79 78 507)
3(65 582 234)
3(65 234 198)
3(65 198 582)
3(515 19 519)
3(211 519 19)
3(211 19 515)
3(581 198 399)
3(600 399 198)
3(581 600 198)
3(458 581 459)
3(533 581 198)
3(376 519 248)
3(241 248 519)
3(521 397 274)
3(521 274 366)
3(580 280 120)
3(580 532 280)
3(280 532 120)
3(290 519 152)
3(153 152 519)
3(153 519 290)
3(120 580 219)
3(280 489 532)
3(545 72 589)
3(72 537 589)
3(545 537 72)
3(341 537 464)
3(464 537 342)
3(545 342 537)
3(592 391 579)
3(556 592 579)
3(556 579 391)
3(556 391 592)
3(227 579 360)
3(128 579 227)
3(592 360 579)
3(592 391 360)
3(360 391 579)
3(592 579 322)
3(322 579 556)
3(227 592 360)
3(152 289 519)
3(285 503 148)
3(285 148 571)
3(408 503 407)
3(285 503 147)
3(171 617 309)
3(383 479 578)
3(370 545 467)
3(279 545 370)
3(345 259 527)
3(491 345 527)
3(229 56 520)
3(505 56 229)
3(505 520 56)
3(448 601 325)
3(119 259 527)
3(453 452 577)
3(255 217 608)
3(576 608 217)
3(576 217 255)
3(117 217 608)
3(255 117 608)
3(494 426 554)
3(425 494 554)
3(425 554 426)
3(560 548 538)
3(478 548 560)
3(478 560 538)
3(421 422 548)
3(478 422 548)
3(524 315 314)
3(193 575 331)
3(193 330 575)
3(331 575 330)
3(194 193 575)
3(331 194 575)
3(414 292 509)
3(373 509 403)
3(414 509 373)
3(362 505 130)
3(505 229 130)
3(362 229 505)
3(448 447 601)
3(263 514 354)
3(263 384 514)
3(384 354 514)
3(400 486 561)
3(368 136 597)
3(561 136 368)
3(561 597 136)
3(235 136 597)
3(368 235 597)
3(129 510 588)
3(520 129 588)
3(520 510 129)
3(553 80 78)
3(76 78 80)
3(76 80 553)
3(446 324 588)
3(325 324 520)
3(325 520 447)
3(447 520 324)
3(325 520 187)
3(188 520 325)
3(188 187 520)
3(220 171 170)
3(541 171 220)
3(541 220 170)
3(541 170 171)
3(541 390 383)
3(455 521 456)
3(539 236 462)
3(539 462 339)
3(539 339 236)
3(462 539 137)
3(236 137 539)
3(340 539 462)
3(340 339 539)
3(252 550 114)
3(213 114 550)
3(436 435 614)
3(580 534 219)
3(219 534 259)
3(530 397 274)
3(530 274 521)
3(428 427 534)
3(534 35 580)
3(219 580 35)
3(219 35 534)
3(511 175 574)
3(547 175 511)
3(547 574 175)
3(574 385 355)
3(574 355 264)
3(511 542 385)
3(602 175 574)
3(169 170 612)
3(169 612 504)
3(169 504 170)
3(170 612 307)
3(298 297 573)
3(420 298 573)
3(254 214 536)
3(536 214 115)
3(254 536 115)
3(417 490 522)
3(417 522 418)
3(137 340 537)
3(203 537 340)
3(137 537 203)
3(137 203 340)
3(537 615 137)
3(237 537 137)
3(237 137 615)
3(537 586 137)
3(586 615 137)
3(287 599 149)
3(287 149 572)
3(243 572 258)
3(243 470 572)
3(149 571 516)
3(572 411 410)
3(148 516 149)
3(148 149 571)
3(409 408 571)
3(406 409 571)
3(257 476 523)
3(260 523 476)
3(257 523 260)
3(257 554 523)
3(257 476 554)
3(356 223 524)
3(356 524 124)
3(223 124 524)
3(614 356 223)
3(377 477 570)
3(477 570 349)
3(233 64 521)
3(513 64 233)
3(513 521 64)
3(513 233 521)
3(536 26 522)
3(158 26 536)
3(158 522 26)
3(238 74 570)
3(525 74 238)
3(525 570 74)
3(540 569 441)
3(540 388 569)
3(318 569 441)
3(318 441 540)
3(318 540 569)
3(318 569 319)
3(441 319 569)
3(528 388 389)
3(528 569 388)
3(9 568 105)
3(9 104 568)
3(11 564 568)
3(497 564 11)
3(497 11 568)
3(105 568 10)
3(106 568 105)
3(106 10 568)
3(9 568 10)
3(8 103 568)
3(104 8 568)
3(142 507 567)
3(349 143 567)
3(507 585 144)
3(365 133 575)
3(530 575 133)
3(530 133 365)
3(232 133 575)
3(365 232 575)
3(485 530 396)
3(519 412 374)
3(519 413 412)
3(272 394 557)
3(526 272 557)
3(484 394 557)
3(526 131 557)
3(272 131 526)
3(272 557 131)
3(59 131 557)
3(526 59 557)
3(526 131 59)
3(525 282 401)
3(434 547 433)
3(522 372 490)
3(547 474 263)
3(547 263 355)
3(547 355 474)
3(474 263 514)
3(522 114 214)
3(522 249 114)
3(522 214 249)
3(27 531 160)
3(27 159 531)
3(297 160 573)
3(297 573 531)
3(251 281 531)
3(251 531 404)
3(382 397 513)
3(456 521 333)
3(521 513 333)
3(456 333 513)
3(566 293 292)
3(268 227 609)
3(508 227 268)
3(127 227 609)
3(268 127 609)
3(357 473 565)
3(439 472 565)
3(549 472 439)
3(555 125 604)
3(387 472 565)
3(157 550 25)
3(522 157 25)
3(522 550 157)
3(522 25 550)
3(387 565 266)
3(387 357 565)
3(266 565 357)
3(108 209 512)
3(256 512 209)
3(510 361 228)
3(510 129 361)
3(510 228 129)
3(444 443 508)
3(475 508 443)
3(190 327 613)
3(271 506 130)
3(505 130 506)
3(505 271 130)
3(230 506 130)
3(271 506 230)
3(189 57 506)
3(506 57 505)
3(189 506 505)
3(189 505 57)
3(15 598 208)
3(15 516 598)
3(15 208 516)
3(208 598 516)
3(60 192 132)
3(193 60 132)
3(231 577 364)
3(231 132 577)
3(364 577 132)
3(330 193 577)
3(192 330 577)
3(575 193 577)
3(330 575 577)
3(425 424 523)
3(165 32 523)
3(119 534 259)
3(119 219 534)
3(169 532 504)
3(169 612 532)
3(224 524 124)
3(224 265 524)
3(524 265 124)
3(124 524 45)
3(44 45 524)
3(124 44 524)
3(377 525 352)
3(352 525 401)
3(352 349 525)
3(193 575 132)
3(61 132 575)
3(61 575 193)
3(61 193 132)
3(238 206 570)
3(238 74 206)
3(206 74 570)
3(329 328 526)
3(526 328 451)
3(340 137 462)
3(539 137 340)
3(139 525 74)
3(494 527 426)
3(491 527 494)
3(64 197 596)
3(64 596 65)
3(109 15 598)
3(204 203 537)
3(341 204 537)
3(341 537 203)
3(501 215 28)
3(501 28 116)
3(584 564 568)
3(11 564 584)
3(147 284 503)
3(546 361 228)
3(120 37 169)
3(120 169 504)
3(120 504 37)
3(37 504 169)
3(101 584 568)
3(101 568 529)
3(101 529 584)
3(40 514 41)
3(173 41 514)
3(173 514 40)
3(93 77 499)
3(498 499 77)
3(498 77 93)
3(190 506 613)
3(227 360 508)
3(113 247 509)
3(51 184 508)
3(51 227 184)
3(312 511 175)
3(497 101 8)
3(497 496 101)
3(497 8 496)
3(134 513 366)
3(134 275 513)
3(549 47 604)
3(179 549 604)
3(179 47 549)
3(381 443 508)
3(584 564 101)
3(106 529 105)
3(53 54 583)
3(51 50 609)
3(516 208 16)
3(516 16 110)
3(515 151 18)
3(18 151 572)
3(457 518 335)
3(519 20 152)
3(153 20 519)
3(198 199 581)
3(533 199 198)
3(533 581 199)
3(496 87 8)
3(496 8 88)
3(276 559 486)
3(55 56 520)
3(229 55 520)
3(500 83 82)
3(500 98 83)
3(500 82 98)
3(281 531 215)
3(231 192 132)
3(60 192 231)
3(468 566 247)
3(49 48 528)
3(181 49 528)
3(231 131 557)
3(291 153 502)
3(153 290 502)
3(19 515 151)
3(19 18 515)
3(131 526 58)
3(230 58 526)
3(507 352 142)
3(8 101 568)
3(101 103 568)
3(8 103 101)
3(74 585 207)
3(206 207 585)
3(74 206 585)
3(388 267 528)
3(343 570 206)
3(206 570 350)
3(306 428 532)
3(524 176 223)
3(533 66 135)
3(234 66 533)
3(542 313 614)
3(257 554 118)
3(257 118 523)
3(523 118 554)
3(215 531 28)
3(27 28 531)
3(27 531 215)
3(524 176 44)
3(44 176 223)
3(524 44 223)
3(535 236 369)
3(240 348 563)
3(515 152 519)
3(152 19 519)
3(515 19 152)
3(13 14 512)
3(209 512 14)
3(13 512 209)
3(288 150 572)
3(287 572 150)
3(210 149 258)
3(210 258 572)
3(210 572 149)
3(151 150 572)
3(110 149 258)
3(110 210 149)
3(133 195 575)
3(501 531 28)
3(215 531 501)
3(385 355 547)
3(160 298 573)
3(298 161 573)
3(103 529 568)
3(103 587 529)
3(280 532 261)
3(70 539 203)
3(70 202 539)
3(539 202 203)
3(233 63 521)
3(63 64 521)
3(129 361 588)
3(580 168 305)
3(180 181 540)
3(602 43 574)
3(43 175 574)
3(602 175 43)
3(202 339 539)
3(340 202 539)
3(541 353 383)
3(356 264 614)
3(520 187 324)
3(136 68 201)
3(235 68 597)
3(68 136 597)
3(14 512 146)
3(146 512 13)
3(340 137 586)
3(83 75 76)
3(83 76 207)
3(96 500 80)
3(500 97 80)
3(76 83 82)
3(500 83 76)
3(500 76 82)
3(409 406 599)
3(470 599 406)
3(7 6 543)
3(7 543 102)
3(442 544 319)
3(267 358 528)
3(126 267 528)
3(514 617 310)
3(136 535 201)
3(136 201 561)
3(201 535 561)
3(537 71 237)
3(537 137 71)
3(162 548 538)
3(54 510 187)
3(496 6 87)
3(86 6 496)
3(435 542 385)
3(497 9 568)
3(497 568 10)
3(497 10 9)
3(496 6 7)
3(496 7 87)
3(164 576 31)
3(217 576 164)
3(217 31 576)
3(217 164 31)
3(575 132 577)
3(232 575 61)
3(237 537 72)
3(71 72 537)
3(119 534 527)
3(545 138 72)
3(205 545 72)
3(205 72 138)
3(181 182 569)
3(181 528 182)
3(537 204 71)
3(537 71 203)
3(369 594 236)
3(494 554 476)
3(10 568 11)
3(29 538 162)
3(548 29 162)
3(589 138 72)
3(30 538 29)
3(30 216 538)
3(216 29 538)
3(220 171 38)
3(220 38 170)
3(160 531 28)
3(501 160 28)
3(171 383 479)
3(522 214 536)
3(522 254 214)
3(132 577 273)
3(61 62 575)
3(232 575 62)
3(538 162 30)
3(383 262 171)
3(447 324 588)
3(446 447 588)
3(200 337 517)
3(312 511 547)
3(175 312 547)
3(195 62 133)
3(62 575 133)
3(195 575 62)
3(498 92 76)
3(461 535 462)
3(549 47 125)
3(125 47 604)
3(226 591 50)
3(50 591 49)
3(69 236 202)
3(146 512 610)
3(512 590 610)
3(447 601 325)
3(557 59 191)
3(407 503 466)
3(218 554 257)
3(551 40 122)
3(551 221 40)
3(184 579 322)
3(184 322 592)
3(341 537 342)
3(483 393 506)
3(376 374 519)
3(532 280 492)
3(553 80 79)
3(79 80 78)
3(28 161 501)
3(28 501 29)
3(522 25 214)
3(522 114 25)
3(233 133 521)
3(63 521 133)
3(112 519 248)
3(336 581 459)
3(274 133 521)
3(233 274 521)
3(43 574 223)
3(43 223 602)
3(9 8 497)
3(8 568 497)
3(9 568 8)
3(154 153 502)
3(154 502 291)
3(269 556 481)
3(547 41 173)
3(547 174 41)
3(590 375 610)
3(40 514 122)
3(122 514 41)
3(516 16 148)
3(516 149 16)
3(222 42 547)
3(123 547 42)
3(123 574 223)
3(313 435 614)
3(188 520 505)
3(325 188 505)
3(197 582 335)
3(588 270 129)
3(348 563 103)
3(240 103 563)
3(14 512 610)
3(286 571 148)
3(164 576 163)
3(163 576 31)
3(554 33 166)
3(166 33 527)
3(554 166 527)
3(80 142 553)
3(569 319 181)
3(318 569 181)
3(468 252 566)
3(550 252 468)
3(585 74 139)
3(585 525 74)
3(554 165 33)
3(165 523 33)
3(554 523 165)
3(554 33 523)
3(104 240 587)
3(346 104 587)
3(171 353 541)
3(149 17 110)
3(149 110 16)
3(72 589 237)
3(504 220 170)
3(134 65 582)
3(224 45 555)
3(46 224 555)
3(46 555 45)
3(224 555 265)
3(556 579 185)
3(301 576 164)
3(180 540 318)
3(575 194 61)
3(37 220 504)
3(186 324 583)
3(591 50 127)
3(518 198 335)
3(600 335 198)
3(557 231 364)
3(557 272 231)
3(518 335 582)
3(70 137 539)
3(236 70 539)
3(551 40 514)
3(167 35 527)
3(34 527 35)
3(34 167 527)
3(133 195 63)
3(512 610 209)
3(50 544 591)
3(50 127 544)
3(577 557 231)
3(549 225 266)
3(549 125 225)
3(549 266 125)
3(541 171 308)
3(57 506 230)
3(57 58 506)
3(230 506 58)
3(32 523 33)
3(477 570 343)
3(534 35 527)
3(167 534 527)
3(167 35 534)
3(497 89 8)
3(9 89 497)
3(322 579 185)
3(322 185 556)
3(179 549 316)
3(116 29 501)
3(116 538 29)
3(50 544 182)
3(50 182 591)
3(182 544 591)
3(541 308 170)
3(307 541 170)
3(269 391 579)
3(601 270 229)
3(362 601 229)
3(549 225 47)
3(549 47 48)
3(549 48 225)
3(183 552 544)
3(547 222 41)
3(547 41 42)
3(0 558 99)
3(0 83 558)
3(558 3 0)
3(502 212 22)
3(502 605 212)
3(198 487 399)
3(554 165 302)
3(556 323 446)
3(159 536 27)
3(531 27 536)
3(57 506 190)
3(506 57 130)
3(130 57 505)
3(118 523 217)
3(260 523 118)
3(260 217 523)
3(415 414 509)
3(187 55 510)
3(118 523 32)
3(497 91 11)
3(91 564 11)
3(536 26 214)
3(214 26 522)
3(249 114 550)
3(522 550 114)
3(492 261 532)
3(204 537 342)
3(113 611 605)
3(110 149 516)
3(110 516 258)
3(516 148 15)
3(15 148 598)
3(551 39 221)
3(551 121 39)
3(210 149 17)
3(514 41 547)
3(222 41 514)
3(198 335 582)
3(551 39 40)
3(224 524 45)
3(24 550 25)
3(157 550 24)
3(531 115 27)
3(16 516 15)
3(78 93 499)
3(78 499 94)
3(200 593 517)
3(269 391 556)
3(593 67 200)
3(200 67 517)
3(500 80 499)
3(96 499 80)
3(517 67 597)
3(559 597 67)
3(106 242 529)
3(80 143 553)
3(15 147 598)
3(610 147 15)
3(610 15 14)
3(117 163 31)
3(168 35 580)
3(534 168 580)
3(534 35 168)
3(247 252 566)
3(176 43 223)
3(176 602 43)
3(108 13 603)
3(512 13 108)
3(119 35 527)
3(534 35 119)
3(543 7 496)
3(12 13 603)
3(108 12 603)
3(500 81 80)
3(500 97 81)
3(387 473 565)
3(512 246 209)
3(536 26 115)
3(455 454 530)
3(396 530 454)
3(11 10 497)
3(43 175 547)
3(168 580 36)
3(103 562 607)
3(167 534 304)
3(243 572 210)
3(524 555 224)
3(152 289 515)
3(610 598 15)
3(177 44 524)
3(180 47 549)
3(336 199 581)
3(198 336 581)
3(20 19 519)
3(68 67 597)
3(517 67 68)
3(152 151 515)
3(5 85 564)
3(519 211 112)
3(519 248 211)
3(536 159 26)
3(496 85 564)
3(496 5 85)
3(219 36 580)
3(46 604 178)
3(555 604 46)
3(555 46 178)
3(197 582 198)
3(178 45 555)
3(11 584 1)
3(1 584 107)
3(297 419 531)
3(21 22 502)
3(111 515 19)
3(134 513 233)
3(366 233 513)
3(12 145 603)
3(277 535 400)
3(78 77 499)
3(154 21 502)
3(36 35 580)
3(212 245 605)
3(76 500 499)
3(76 498 500)
3(76 499 498)
3(163 595 300)
3(196 64 521)
3(63 196 521)
3(274 133 530)
3(521 195 63)
3(171 38 121)
3(353 262 171)
3(353 171 383)
3(182 591 49)
3(118 523 33)
3(497 88 8)
3(102 103 543)
3(7 543 103)
3(547 312 174)
3(66 533 199)
3(198 533 66)
3(204 537 545)
3(206 205 570)
3(343 570 205)
3(238 205 570)
3(206 205 238)
3(560 608 538)
3(31 217 608)
3(117 31 608)
3(5 584 564)
3(579 185 184)
3(161 298 548)
3(10 89 497)
3(495 564 496)
3(134 513 64)
3(531 471 404)
3(172 40 551)
3(39 121 171)
3(6 496 85)
3(419 296 536)
3(497 496 564)
3(505 56 130)
3(103 240 587)
3(603 107 12)
3(26 536 27)
3(115 536 27)
3(605 212 250)
3(5 6 496)
3(155 611 22)
3(22 611 23)
3(155 23 611)
3(73 238 205)
3(73 205 138)
3(545 205 570)
3(73 238 206)
3(499 95 79)
3(499 79 94)
3(213 566 24)
3(23 24 566)
3(23 566 213)
3(194 62 575)
3(615 278 237)
3(76 80 499)
3(76 500 80)
3(499 80 78)
3(79 80 499)
3(79 499 78)
3(499 76 78)
3(78 77 76)
3(77 499 76)
3(76 558 500)
3(78 77 140)
3(83 0 76)
3(584 1 4)
3(1 564 4)
3(584 4 564)
3(584 564 1)
3(12 108 562)
3(12 562 100)
3(166 34 527)
3(34 33 527)
3(82 76 81)
3(540 225 48)
3(540 48 126)
3(526 191 59)
3(526 59 58)
3(526 58 191)
3(210 572 150)
3(149 150 572)
3(149 210 150)
3(139 74 207)
3(75 139 207)
3(58 506 190)
3(1 12 584)
3(564 84 1)
3(11 564 1)
3(170 37 504)
3(150 210 18)
3(572 150 18)
3(40 514 172)
3(77 78 606)
3(66 533 67)
3(558 76 0)
3(81 500 82)
3(81 98 500)
3(499 95 80)
3(52 184 579)
3(185 52 579)
3(81 553 80)
3(231 192 577)
3(170 37 220)
3(498 76 77)
3(76 558 83)
3(206 585 350)
3(206 570 585)
3(7 8 496)
3(611 22 154)
3(156 23 566)
3(566 23 155)
3(103 102 607)
3(348 103 607)
3(81 80 76)
3(81 76 500)
3(318 540 181)
3(158 25 522)
3(560 351 538)
3(554 118 218)
3(118 33 554)
3(545 72 204)
3(607 103 563)
3(502 22 154)
3(7 543 8)
3(8 543 103)
3(326 506 189)
3(101 562 584)
3(550 566 24)
3(213 550 24)
3(235 67 597)
3(196 513 521)
3(557 192 577)
3(200 68 517)
3(156 566 24)
3(550 156 24)
3(226 528 267)
3(226 267 591)
3(25 26 522)
3(565 125 266)
3(134 65 596)
3(451 450 526)
3(336 337 581)
3(70 137 203)
3(539 203 137)
3(235 559 67)
3(204 72 537)
3(278 615 137)
3(498 77 92)
3(15 109 610)
3(150 210 17)
3(10 91 497)
3(10 497 90)
3(134 64 596)
3(545 570 343)
3(279 616 371)
3(279 138 545)
3(22 611 113)
3(113 611 23)
3(520 55 129)
3(520 510 55)
3(608 576 31)
3(163 608 31)
3(49 126 528)
3(126 48 528)
3(334 456 513)
3(188 56 520)
3(55 188 520)
3(613 58 190)
3(613 191 58)
3(351 560 478)
3(486 517 459)
3(227 184 52)
3(296 419 531)
3(296 531 297)
3(202 70 236)
3(236 202 539)
3(187 510 520)
3(71 137 203)
3(356 480 614)
3(217 576 523)
3(127 51 609)
3(585 74 570)
3(211 20 519)
3(20 112 519)
3(157 522 294)
3(550 24 114)
3(205 545 343)
3(260 217 576)
3(505 56 188)
3(505 189 56)
3(367 135 559)
3(362 505 601)
3(114 550 25)
3(227 52 579)
3(128 579 52)
3(445 391 556)
3(481 556 391)
3(23 566 113)
3(127 50 609)
3(240 512 346)
3(91 564 1)
3(42 43 547)
3(391 445 592)
3(127 544 609)
3(546 269 228)
3(174 547 175)
3(186 53 583)
3(555 315 438)
3(56 57 505)
3(566 611 23)
3(521 233 366)
3(196 513 333)
3(183 552 320)
3(125 555 46)
3(226 528 126)
3(234 198 66)
3(334 513 333)
3(423 301 576)
3(453 575 330)
3(600 336 198)
3(187 55 520)
3(330 453 577)
3(46 125 604)
3(20 519 21)
3(174 42 547)
3(112 519 21)
3(182 49 528)
3(547 175 42)
3(68 136 561)
3(339 201 561)
3(123 574 264)
3(53 579 52)
3(128 579 53)
3(100 562 584)
3(609 127 359)
3(539 340 203)
3(564 1 2)
3(569 442 319)
3(2 495 84)
3(84 495 85)
3(85 496 86)
3(86 496 87)
3(495 496 85)
3(496 88 87)
3(497 89 88)
3(90 89 497)
3(497 88 496)
3(90 497 91)
3(495 2 91)
3(497 495 91)
3(495 497 496)
3(498 3 92)
3(498 92 93)
3(93 94 499)
3(498 93 499)
3(499 94 95)
3(96 499 95)
3(96 97 500)
3(96 500 499)
3(98 500 97)
3(500 98 99)
3(498 99 3)
3(99 498 500)
3(498 499 500)
3(84 5 4)
3(88 8 87)
3(98 82 83)
3(96 80 97)
3(86 87 6)
3(7 6 87)
3(76 92 3)
3(98 83 99)
3(9 8 89)
3(0 99 83)
3(3 99 0)
3(78 94 93)
3(81 97 80)
3(5 84 85)
3(78 93 77)
3(88 89 8)
3(10 9 89)
3(6 85 86)
3(5 85 6)
3(95 94 79)
3(4 1 84)
3(76 3 0)
3(81 82 98)
3(79 80 95)
3(7 87 8)
3(93 92 77)
3(10 90 91)
3(10 91 11)
3(91 1 11)
3(78 79 94)
3(76 77 92)
3(2 1 91)
3(81 98 97)
3(96 95 80)
3(2 84 1)
3(10 89 90)
3(47 125 225)
3(401 467 377)
3(227 268 360)
3(220 353 121)
3(22 155 154)
3(414 373 403)
3(480 264 385)
3(438 439 387)
3(224 357 125)
3(64 65 197)
3(377 349 352)
3(101 6 102)
3(138 279 238)
3(127 359 268)
3(337 200 338)
3(467 465 477)
3(432 433 384)
3(227 360 128)
3(318 180 181)
3(178 45 46)
3(453 395 452)
3(114 25 24)
3(26 159 158)
3(233 274 366)
3(182 320 319)
3(422 478 421)
3(435 480 385)
3(309 172 310)
3(492 280 489)
3(259 489 280)
3(431 432 479)
3(405 470 410)
3(467 477 377)
3(283 346 242)
3(469 346 283)
3(226 267 359)
3(402 370 278)
3(431 430 308)
3(480 386 356)
3(349 142 352)
3(432 309 310)
3(484 451 452)
3(117 31 30)
3(383 430 431)
3(306 428 305)
3(210 258 243)
3(205 342 204)
3(233 134 64)
3(446 324 447)
3(481 361 269)
3(108 209 13)
3(128 269 228)
3(310 173 311)
3(145 107 12)
3(237 278 370)
3(218 118 257)
3(347 256 108)
3(376 411 412)
3(163 301 300)
3(328 329 451)
3(330 193 331)
3(262 383 479)
3(486 399 459)
3(336 198 199)
3(471 418 419)
3(251 115 254)
3(391 360 475)
3(277 398 369)
3(311 434 433)
3(247 250 373)
3(480 356 264)
3(391 444 445)
3(381 268 359)
3(425 302 303)
3(235 368 136)
3(152 20 153)
3(210 243 111)
3(125 357 266)
3(266 358 225)
3(191 59 192)
3(462 463 488)
3(130 57 56)
3(474 434 385)
3(379 421 478)
3(424 302 425)
3(180 48 181)
3(186 324 323)
3(244 110 208)
3(295 418 417)
3(290 412 289)
3(240 346 469)
3(394 450 451)
3(380 256 348)
3(161 162 299)
3(153 291 290)
3(144 81 143)
3(360 391 269)
3(307 308 430)
3(319 181 182)
3(350 343 206)
3(213 113 247)
3(428 429 492)
3(163 164 301)
3(414 292 415)
3(19 18 111)
3(417 418 490)
3(12 4 100)
3(299 421 298)
3(292 291 154)
3(133 63 62)
3(299 300 422)
3(116 216 29)
3(63 233 64)
3(196 64 197)
3(234 275 367)
3(37 38 170)
3(382 275 366)
3(399 458 459)
3(36 168 35)
3(418 296 419)
3(124 44 223)
3(314 436 313)
3(52 184 51)
3(306 307 429)
3(483 449 450)
3(307 430 429)
3(438 387 473)
3(433 474 384)
3(482 448 393)
3(396 455 397)
3(250 245 403)
3(270 229 129)
3(438 316 439)
3(116 281 253)
3(49 181 48)
3(207 206 74)
3(17 150 149)
3(37 220 38)
3(299 422 421)
3(221 40 39)
3(47 46 125)
3(46 47 179)
3(285 147 148)
3(189 56 57)
3(278 488 402)
3(119 34 218)
3(407 466 375)
3(487 382 457)
3(344 375 466)
3(420 379 404)
3(318 441 440)
3(389 441 442)
3(405 376 241)
3(374 376 412)
3(348 256 347)
3(492 261 280)
3(339 461 338)
3(317 440 439)
3(436 386 480)
3(427 489 491)
3(284 146 147)
3(7 102 6)
3(438 473 437)
3(351 117 216)
3(450 327 328)
3(328 190 191)
3(369 488 278)
3(485 365 273)
3(18 210 111)
3(364 395 273)
3(430 390 429)
3(262 221 121)
3(293 294 416)
3(377 477 349)
3(156 293 155)
3(155 292 154)
3(291 292 414)
3(323 324 446)
3(146 284 283)
3(240 469 380)
3(326 327 449)
3(25 26 158)
3(171 172 309)
3(354 262 479)
3(172 171 39)
3(340 341 463)
3(220 261 353)
3(404 419 420)
3(306 168 169)
3(246 375 344)
3(147 146 14)
3(388 441 389)
3(128 360 269)
3(392 447 482)
3(345 119 218)
3(464 467 402)
3(342 465 464)
3(141 239 282)
3(238 371 139)
3(282 139 371)
3(255 493 378)
3(420 421 379)
3(47 180 179)
3(394 272 363)
3(77 140 239)
3(211 111 241)
3(200 199 67)
3(176 313 175)
3(330 329 192)
3(289 411 288)
3(66 67 199)
3(73 72 138)
3(304 426 303)
3(223 356 124)
3(276 367 399)
3(321 322 444)
3(62 195 194)
3(135 234 367)
3(70 236 137)
3(354 122 221)
3(284 407 469)
3(365 232 273)
3(446 447 392)
3(29 216 30)
3(424 476 378)
3(178 179 316)
3(185 53 186)
3(433 434 474)
3(175 42 43)
3(11 1 107)
3(172 40 173)
3(321 443 320)
3(466 244 344)
3(361 228 269)
3(414 403 413)
3(233 366 134)
3(135 276 235)
3(457 334 335)
3(51 184 183)
3(68 67 235)
3(367 276 135)
3(70 137 71)
3(473 386 437)
3(185 322 184)
3(178 46 179)
3(81 144 82)
3(246 109 209)
3(227 128 52)
3(17 210 18)
3(402 467 370)
3(183 184 321)
3(8 104 103)
3(295 294 157)
3(339 338 201)
3(215 281 116)
3(51 227 52)
3(224 265 357)
3(224 125 46)
3(266 225 125)
3(189 326 188)
3(40 122 41)
3(106 107 242)
3(455 332 333)
3(139 140 75)
3(254 115 214)
3(69 70 202)
3(494 345 257)
3(378 423 424)
3(282 371 401)
3(141 142 79)
3(18 151 150)
3(215 27 115)
3(350 144 143)
3(213 24 23)
3(492 390 261)
3(131 231 59)
3(486 276 399)
3(464 402 463)
3(352 401 377)
3(277 136 368)
3(493 422 423)
3(471 404 251)
3(314 315 437)
3(44 177 176)
3(52 185 184)
3(218 257 345)
3(168 306 305)
3(73 205 72)
3(25 158 157)
3(300 301 423)
3(145 242 107)
3(188 55 56)
3(166 303 165)
3(439 316 317)
3(482 447 448)
3(80 143 81)
3(384 479 432)
3(142 349 143)
3(245 250 212)
3(391 445 481)
3(145 13 146)
3(4 5 100)
3(213 114 24)
3(314 437 436)
3(141 78 239)
3(17 149 16)
3(73 74 206)
3(4 12 1)
3(33 34 166)
3(424 301 302)
3(71 203 70)
3(185 323 322)
3(475 443 444)
3(475 268 381)
3(406 258 244)
3(409 406 408)
3(478 351 253)
3(260 257 118)
3(262 353 383)
3(288 150 151)
3(457 335 458)
3(67 68 200)
3(33 165 32)
3(494 257 476)
3(388 440 441)
3(316 315 178)
3(451 450 328)
3(395 364 484)
3(455 456 397)
3(369 137 236)
3(120 261 220)
3(34 35 167)
3(314 313 176)
3(193 330 192)
3(299 162 300)
3(306 429 428)
3(186 187 324)
3(325 188 326)
3(405 243 470)
3(435 385 434)
3(21 153 20)
3(32 164 31)
3(141 352 142)
3(32 31 217)
3(174 42 175)
3(54 53 228)
3(443 475 381)
3(273 232 132)
3(207 74 75)
3(70 203 202)
3(312 434 311)
3(415 292 293)
3(447 324 325)
3(325 448 447)
3(446 392 481)
3(186 54 187)
3(160 161 298)
3(333 334 456)
3(296 159 297)
3(468 252 247)
3(323 445 322)
3(216 117 30)
3(484 364 272)
3(43 176 175)
3(323 446 445)
3(135 235 67)
3(77 239 78)
3(388 472 440)
3(255 117 351)
3(352 282 401)
3(28 161 160)
3(373 250 403)
3(139 75 74)
3(350 143 349)
3(266 357 387)
3(12 107 1)
3(46 45 224)
3(277 236 136)
3(235 136 68)
3(48 225 126)
3(31 117 217)
3(119 259 219)
3(255 260 217)
3(486 400 368)
3(200 337 199)
3(175 312 174)
3(110 258 210)
3(344 109 246)
3(387 439 472)
3(359 267 389)
3(376 405 411)
3(15 16 148)
3(18 150 17)
3(386 265 356)
3(386 436 437)
3(358 126 225)
3(255 378 260)
3(382 456 457)
3(200 201 338)
3(460 337 338)
3(353 261 390)
3(351 493 255)
3(381 442 443)
3(101 102 347)
3(332 194 195)
3(348 347 102)
3(347 100 101)
3(39 121 221)
3(485 453 454)
3(438 315 316)
3(332 454 331)
3(453 331 454)
3(252 213 247)
3(388 358 472)
3(491 426 427)
3(254 471 251)
3(408 406 466)
3(123 223 43)
3(416 372 468)
3(123 43 42)
3(180 317 179)
3(417 294 295)
3(408 285 286)
3(21 20 112)
3(21 112 212)
3(296 418 295)
3(112 20 211)
3(482 393 362)
3(222 41 122)
3(263 355 222)
3(362 270 482)
3(375 469 407)
3(216 116 253)
3(64 134 65)
3(478 253 379)
3(283 145 146)
3(309 431 308)
3(464 465 467)
3(23 156 155)
3(458 335 336)
3(458 399 487)
3(403 374 413)
3(453 485 395)
3(473 357 265)
3(178 177 45)
3(420 419 297)
3(248 374 245)
3(200 68 201)
3(310 433 432)
3(66 234 135)
3(246 256 380)
3(211 20 19)
3(428 492 489)
3(222 122 263)
3(300 162 163)
3(211 248 112)
3(317 316 179)
3(37 169 36)
3(369 398 488)
3(409 410 470)
3(288 287 150)
3(161 299 298)
3(349 343 350)
3(350 207 144)
3(230 363 131)
3(310 311 433)
3(183 321 320)
3(333 332 195)
3(430 383 390)
3(387 472 266)
3(398 462 488)
3(461 339 462)
3(339 340 462)
3(409 287 410)
3(236 277 369)
3(409 408 286)
3(61 132 232)
3(61 232 62)
3(62 194 61)
3(460 338 461)
3(44 176 43)
3(222 355 123)
3(380 348 240)
3(237 71 137)
3(13 145 12)
3(234 66 65)
3(240 348 103)
3(407 285 408)
3(339 201 202)
3(336 459 458)
3(265 386 473)
3(15 148 147)
3(194 331 193)
3(449 393 448)
3(240 103 104)
3(263 122 354)
3(131 363 272)
3(409 470 406)
3(483 363 271)
3(486 368 276)
3(396 365 485)
3(42 41 222)
3(113 250 247)
3(212 250 113)
3(413 374 412)
3(130 271 230)
3(19 152 151)
3(337 460 459)
3(168 305 167)
3(212 113 22)
3(399 367 487)
3(343 342 205)
3(319 442 441)
3(410 287 288)
3(163 30 31)
3(300 423 422)
3(239 140 139)
3(197 335 334)
3(336 199 337)
3(231 272 364)
3(216 253 351)
3(481 269 391)
3(277 368 400)
3(25 157 24)
3(169 37 170)
3(39 40 172)
3(289 151 152)
3(34 167 166)
3(314 177 315)
3(285 148 286)
3(427 428 489)
3(256 246 209)
3(383 353 390)
3(442 319 320)
3(193 192 60)
3(191 192 329)
3(464 341 342)
3(240 104 346)
3(328 327 190)
3(340 463 462)
3(395 484 452)
3(29 30 162)
3(271 362 393)
3(48 126 49)
3(17 110 210)
3(297 419 296)
3(16 110 17)
3(69 236 70)
3(69 136 236)
3(8 9 104)
3(6 101 5)
3(59 191 58)
3(100 347 108)
3(36 219 120)
3(112 245 212)
3(248 211 241)
3(493 351 478)
3(252 114 213)
3(249 252 372)
3(372 417 490)
3(358 388 267)
3(53 185 52)
3(208 344 244)
3(58 191 190)
3(65 198 197)
3(201 69 202)
3(296 158 159)
3(174 311 173)
3(343 349 477)
3(256 209 108)
3(113 23 22)
3(22 23 155)
3(50 51 183)
3(69 201 68)
3(14 209 109)
3(120 280 261)
3(120 220 37)
3(36 120 37)
3(278 237 137)
3(449 327 450)
3(157 294 156)
3(132 61 60)
3(328 191 329)
3(196 195 63)
3(435 312 313)
3(318 319 441)
3(380 469 375)
3(114 249 214)
3(491 345 494)
3(177 314 176)
3(435 434 312)
3(453 452 330)
3(494 426 491)
3(468 247 373)
3(172 173 310)
3(32 118 33)
3(289 412 411)
3(308 307 170)
3(185 186 323)
3(142 143 80)
3(205 206 343)
3(106 11 107)
3(15 208 16)
3(14 109 15)
3(214 26 25)
3(60 192 59)
3(341 340 203)
3(29 162 161)
3(124 356 265)
3(138 370 279)
3(112 248 245)
3(255 217 117)
3(131 59 58)
3(231 131 272)
3(208 109 344)
3(7 8 103)
3(475 360 268)
3(149 148 16)
3(420 297 298)
3(171 309 308)
3(160 298 297)
3(260 118 217)
3(493 423 378)
3(130 362 271)
3(164 165 302)
3(229 130 56)
3(282 239 139)
3(233 133 274)
3(77 76 140)
3(182 183 320)
3(127 227 51)
3(321 444 443)
3(50 49 226)
3(74 73 238)
3(402 488 463)
3(50 127 51)
3(44 45 177)
3(270 129 361)
3(459 336 337)
3(275 487 367)
3(490 471 254)
3(18 19 151)
3(307 169 170)
3(196 197 334)
3(189 188 56)
3(231 132 60)
3(422 493 478)
3(66 135 67)
3(452 329 330)
3(409 286 287)
3(372 252 468)
3(158 295 157)
3(376 248 241)
3(461 398 400)
3(315 177 178)
3(123 355 264)
3(304 305 427)
3(465 343 477)
3(343 465 342)
3(109 208 15)
3(47 225 48)
3(128 228 53)
3(446 481 445)
3(47 48 180)
3(322 445 444)
3(444 391 475)
3(66 199 198)
3(21 22 154)
3(385 264 355)
3(483 394 363)
3(359 127 226)
3(244 466 406)
3(27 26 115)
3(472 358 266)
3(442 381 389)
3(435 313 436)
3(149 287 286)
3(134 275 234)
3(424 423 301)
3(333 195 196)
3(326 448 325)
3(325 324 187)
3(196 63 64)
3(154 291 153)
3(19 20 152)
3(55 188 187)
3(189 327 326)
3(372 490 249)
3(414 415 373)
3(281 379 253)
3(388 389 267)
3(387 357 473)
3(453 330 331)
3(160 297 159)
3(469 283 284)
3(454 396 485)
3(249 490 254)
3(370 138 237)
3(272 394 484)
3(361 392 270)
3(468 373 415)
3(242 346 105)
3(189 190 327)
3(413 290 291)
3(494 476 425)
3(420 298 421)
3(483 450 394)
3(174 312 311)
3(293 416 415)
3(215 115 251)
3(336 335 198)
3(451 329 452)
3(102 7 103)
3(32 217 118)
3(219 35 119)
3(223 264 356)
3(223 123 264)
3(54 228 129)
3(0 83 75)
3(142 80 79)
3(274 365 396)
3(361 129 228)
3(12 100 108)
3(28 116 29)
3(54 55 187)
3(102 103 348)
3(105 346 104)
3(45 44 124)
3(124 224 45)
3(245 374 403)
3(153 21 154)
3(319 318 181)
3(163 162 30)
3(455 333 456)
3(406 470 258)
3(385 355 474)
3(234 65 134)
3(288 411 410)
3(289 288 151)
3(127 268 227)
3(322 321 184)
3(442 320 443)
3(62 232 133)
3(476 260 378)
3(32 165 164)
3(457 456 334)
3(243 405 241)
3(29 161 28)
3(164 163 31)
3(121 39 38)
3(36 169 168)
3(242 145 283)
3(325 187 188)
3(285 407 284)
3(451 484 394)
3(326 449 448)
3(260 476 257)
3(281 251 404)
3(279 401 371)
3(110 244 258)
3(153 290 152)
3(124 265 224)
3(361 481 392)
3(366 275 134)
3(274 396 397)
3(72 205 204)
3(238 279 371)
3(381 359 389)
3(369 278 137)
3(282 352 141)
3(128 53 52)
3(113 213 23)
3(487 275 382)
3(428 427 305)
3(233 63 133)
3(429 390 492)
3(252 249 114)
3(460 461 400)
3(105 106 242)
3(10 106 105)
3(312 175 313)
3(435 436 480)
3(189 57 190)
3(182 50 183)
3(368 235 276)
3(401 279 467)
3(454 455 396)
3(370 467 279)
3(54 186 53)
3(129 55 54)
3(380 375 246)
3(460 400 486)
3(472 439 440)
3(382 397 456)
3(105 104 9)
3(413 291 414)
3(10 105 9)
3(10 11 106)
3(281 404 379)
3(40 221 122)
3(50 226 127)
3(332 455 454)
3(71 204 203)
3(160 27 28)
3(28 27 215)
3(121 353 262)
3(38 39 171)
3(61 193 60)
3(71 72 204)
3(237 72 71)
3(72 237 138)
3(149 150 287)
3(167 304 166)
3(167 305 304)
3(243 241 111)
3(354 384 263)
3(182 181 49)
3(471 490 418)
3(58 190 57)
3(73 206 205)
3(238 139 74)
3(14 15 147)
3(14 13 209)
3(119 35 34)
3(218 33 118)
3(167 35 168)
3(141 79 78)
3(174 173 41)
3(196 334 333)
3(208 110 16)
3(259 119 345)
3(449 483 393)
3(230 57 130)
3(123 42 222)
3(306 169 307)
3(270 392 482)
3(262 354 221)
3(273 132 364)
3(277 400 398)
3(340 339 202)
3(271 393 483)
3(425 426 494)
3(303 426 425)
3(259 280 219)
3(274 397 366)
3(366 397 382)
3(203 340 202)
3(332 331 194)
3(197 198 335)
3(82 144 207)
3(140 76 75)
3(457 458 487)
3(5 101 100)
3(12 108 13)
3(218 34 33)
3(229 56 55)
3(229 55 129)
3(304 303 166)
3(318 440 317)
3(211 19 111)
3(345 491 259)
3(271 363 230)
3(62 63 195)
3(365 133 232)
3(274 133 365)
3(249 254 214)
3(219 280 120)
3(231 364 132)
3(416 417 372)
3(207 75 83)
3(83 82 207)
3(463 341 464)
3(152 290 289)
3(383 431 479)
3(21 212 22)
3(26 214 115)
3(26 27 159)
3(121 38 220)
3(171 170 38)
3(273 395 485)
3(362 130 229)
3(43 223 44)
3(59 231 60)
3(270 362 229)
3(138 238 73)
3(258 470 243)
3(263 474 355)
3(384 474 263)
3(407 408 466)
3(284 147 285)
3(296 295 158)
3(41 173 40)
3(42 174 41)
3(416 468 415)
3(293 156 294)
3(416 294 417)
3(33 166 165)
3(411 405 410)
3(66 198 65)
3(318 317 180)
3(27 160 159)
3(350 206 207)
3(424 425 476)
3(427 426 304)
3(437 315 438)
3(460 486 459)
3(471 419 404)
3(14 146 13)
3(25 114 214)
3(36 35 219)
3(58 230 131)
3(58 57 230)
3(69 68 136)
3(76 0 75)
3(226 49 126)
3(226 126 267)
3(149 286 148)
3(308 170 171)
3(182 49 50)
3(61 194 193)
3(204 342 341)
3(204 341 203)
3(215 251 281)
3(376 374 248)
3(259 491 489)
3(28 215 116)
3(303 302 165)
3(358 267 126)
3(398 461 462)
3(413 412 290)
3(156 23 24)
3(292 155 293)
3(156 24 157)
3(354 479 384)
3(431 309 432)
3(164 302 301)
)


// ************************************************************************* //
