/*--------------------------------*- C++ -*----------------------------------*\
| =========                 |                                                 |
| \\      /  F ield         | OpenFOAM: The Open Source CFD Toolbox           |
|  \\    /   O peration     | Version:  2512                                  |
|   \\  /    A nd           | Website:  www.openfoam.com                      |
|    \\/     M anipulation  |                                                 |
\*---------------------------------------------------------------------------*/
FoamFile
{
    version     2.0;
    format      ascii;
    arch        "LSB;label=32;scalar=64";
    note        "nPoints:618  nCells:1746  nFaces:3991  nInternalFaces:2993";
    class       labelList;
    location    "constant/domain2/polyMesh";
    object      neighbour;
}
// * * * * * * * * * * * * * * * * * * * * * * * * * * * * * * * * * * * * * //


2993
(
31
32
836
1505
340
1052
1158
1409
3
35
405
590
1126
1698
1707
35
304
405
670
10
11
82
1546
7
8
477
902
33
659
34
386
836
305
531
532
1097
530
1502
531
973
1006
13
16
1020
14
1250
1492
929
1508
1664
708
709
1355
1452
174
253
1442
18
1143
1607
1728
710
1021
51
794
1023
21
22
808
1646
681
755
368
582
810
24
27
342
770
25
769
1052
28
178
1453
27
364
1441
1453
1739
140
142
794
30
380
382
383
829
1738
33
86
486
34
60
1363
836
625
840
36
1698
37
1149
556
1598
42
44
572
574
40
41
42
824
373
594
596
44
991
1490
43
374
572
823
1480
1368
46
50
604
904
48
650
1384
50
698
852
1398
50
165
715
605
963
1014
1124
1441
1739
340
504
1002
1158
1333
1438
1562
728
1028
1142
1618
58
425
937
1745
1100
1196
1612
211
970
1080
1136
1617
1740
1039
1362
1363
1512
486
1507
1512
273
1324
1668
64
166
782
764
970
1242
338
539
780
66
781
1342
166
1119
1585
517
877
1083
1656
931
1655
1665
70
72
225
519
71
520
1148
702
736
447
741
1526
74
75
732
1728
76
513
1607
581
1723
208
210
844
252
603
1695
79
458
1166
1684
1509
1678
81
83
215
216
84
523
1107
807
1112
1502
807
1653
835
969
973
275
810
1646
344
485
88
353
354
576
117
1651
90
91
1430
1704
989
1691
398
1338
1642
94
95
609
1570
95
609
923
1416
96
1514
1583
885
885
1529
99
238
239
461
99
649
1303
657
991
101
264
854
856
1139
1500
103
105
939
1516
104
941
1300
1400
1516
535
682
1738
107
352
776
1658
108
1055
1139
1465
1499
111
114
473
738
112
114
505
801
113
642
1204
115
242
642
639
642
899
1474
816
1131
1382
617
1086
1211
190
876
1524
879
1468
1524
121
592
936
994
464
709
916
920
409
845
1641
356
935
1425
125
633
634
786
125
127
935
1731
619
660
295
617
1120
1122
634
1424
786
1406
1722
130
131
797
1142
1187
1412
323
326
731
133
712
774
1584
328
789
668
768
1598
137
551
712
1620
137
1416
1447
645
1619
139
198
265
1313
298
725
726
1023
1401
1453
178
552
1309
1347
1455
594
757
1305
145
146
1298
1346
538
818
870
359
360
367
1000
1264
151
154
422
423
154
665
1255
1257
152
636
767
1241
152
153
1102
333
1273
282
423
1072
1259
331
1113
1243
157
327
1198
1542
158
329
789
1199
1569
795
797
1541
1542
161
376
775
1279
1632
344
372
1393
344
487
758
165
625
910
862
167
168
169
1431
1585
359
1119
537
630
1431
171
597
866
1324
1092
1215
858
1096
1511
185
258
613
615
1266
1442
1664
687
1403
1483
177
1212
1309
178
1359
1455
1059
205
874
926
1549
621
1179
1726
500
1021
1179
1634
494
734
1137
1547
221
245
1633
186
187
724
891
186
1417
1383
1484
258
614
722
1127
1186
1631
211
430
750
1672
290
1468
1621
294
470
1621
193
1135
1635
876
878
1475
367
395
752
1116
509
1616
1693
197
859
1146
432
1156
1465
271
713
959
1071
1460
1528
201
266
1374
243
1183
204
206
500
1180
204
207
653
874
502
932
502
938
1476
207
1133
1701
1711
209
966
1471
513
1674
1040
1607
1741
212
213
535
1672
828
970
1272
216
1075
1466
576
577
835
1653
218
510
652
928
511
1577
1575
1609
1619
222
494
496
696
222
1654
1190
1572
224
802
872
952
751
871
1629
952
1526
450
548
1525
692
1026
1336
1338
229
230
402
1678
231
442
1509
1061
1596
396
1061
233
235
746
1534
436
437
749
237
689
746
1540
236
393
484
1486
1581
1725
483
1481
1534
595
596
462
657
1011
561
858
909
1479
432
909
1457
244
525
1005
1064
1374
1408
642
1450
246
248
777
399
1704
248
249
399
400
453
455
455
1314
1338
300
1440
1611
1707
253
255
587
1266
254
587
1696
254
1426
406
1692
257
259
260
1286
259
687
955
850
853
1403
687
722
1483
263
264
352
263
565
1554
1645
565
1661
269
271
517
1163
1182
1421
268
271
1278
1433
270
1022
1680
270
1261
1470
1386
273
666
1030
274
1614
812
814
990
276
277
479
911
1373
772
1038
1646
279
546
700
1734
986
1445
282
284
555
1335
283
314
555
283
636
315
1582
419
423
286
287
480
1013
288
289
633
288
1358
1310
1405
296
786
787
291
294
878
292
507
1169
878
1066
1656
294
1169
1655
1292
737
1291
351
1722
298
1253
1275
516
1138
303
405
589
592
301
405
589
588
670
1608
303
304
1379
1237
1355
410
1149
306
309
973
308
310
532
308
309
1397
815
927
969
1247
663
1030
1112
312
1559
1561
488
1211
1556
315
317
765
766
315
319
831
316
636
765
830
977
1213
320
555
1677
320
827
1194
378
1551
322
1263
1350
444
569
1559
324
584
797
325
586
1569
493
1196
728
918
1694
329
1110
1543
330
1584
330
1199
1177
333
733
1069
334
637
1072
1102
1102
1489
558
1173
338
339
539
540
339
989
1700
338
989
1669
1090
1172
343
801
342
655
1002
769
1739
770
1002
347
349
747
748
349
350
702
706
348
1094
1685
350
1648
1185
942
1145
361
1405
1139
471
783
1651
355
1075
1385
876
1135
617
1086
1464
1207
1552
1593
806
1122
1449
1552
818
819
1298
362
606
857
363
379
1405
1093
1171
1092
1311
680
1092
1441
601
665
1574
1294
1737
369
755
1737
404
1082
371
1089
1743
866
1216
1318
373
374
758
757
574
756
376
377
956
957
640
1073
1073
1517
381
827
1208
456
1093
1735
381
826
1551
825
983
600
825
1046
1019
1046
608
1416
1620
386
387
904
1719
837
903
388
648
1422
967
1161
390
615
648
853
852
1487
392
647
1568
1606
962
1511
1404
1407
1534
437
1225
1560
1034
1264
1290
689
1531
1469
1563
1709
1244
1336
1691
1430
1530
431
450
1467
791
1325
1718
693
1596
1681
412
523
969
738
968
588
1378
1266
1439
1448
1611
674
958
1001
1680
849
994
1353
1229
1248
1302
413
1200
1396
1017
1274
414
1710
415
1732
1284
1344
1288
1340
1351
1492
1284
1392
1394
420
978
1304
421
1335
460
1042
1303
422
913
1259
1708
425
491
1136
1231
426
1694
427
1745
760
1176
463
564
803
1166
430
939
1688
745
1599
1054
1530
433
434
435
1461
1659
776
1465
559
1457
438
676
1725
746
748
1225
1579
441
946
1234
1560
441
443
791
792
442
693
1510
1531
946
1451
445
839
1263
1429
1561
447
449
678
1639
448
679
1414
1477
1624
679
1415
454
1314
455
1381
1643
1676
454
1643
1676
1467
1633
1643
1467
1522
457
1310
1299
1735
459
694
1718
1065
1304
461
463
1065
1303
463
804
1147
1042
466
936
1044
846
934
1270
1351
709
1237
468
827
1114
1296
469
977
1194
1046
1296
471
1295
472
1017
1271
1282
1295
474
968
1294
739
1474
476
1188
1537
1733
1263
1287
625
862
1518
479
993
1709
1267
1373
925
1206
1444
633
1184
1443
1553
484
689
746
1560
1230
1404
1232
1234
487
1505
659
771
1562
490
737
864
490
1291
1506
950
1202
731
1100
1694
493
1590
1616
731
1100
495
954
1137
1650
896
1190
498
833
896
1043
499
954
1580
1186
1603
503
732
938
1180
1268
1610
623
1180
932
1179
505
1175
1382
1474
507
725
1253
877
1468
624
763
1076
1637
511
762
1713
512
654
884
1605
1164
1605
514
1133
515
1155
1701
1144
1674
1001
1326
1470
1261
521
522
744
889
520
673
1414
521
736
1218
1228
1132
1414
577
1128
1319
1359
1128
1131
1450
1493
1630
1703
645
774
1609
529
773
1543
1657
774
1108
1198
531
813
814
1682
814
815
534
664
990
1683
1105
1318
536
829
683
828
1576
538
540
818
631
1210
541
1431
1090
542
1045
1172
1079
1085
1431
544
545
802
809
568
691
1496
1088
1258
626
1445
1504
868
869
1733
549
781
1054
550
1026
1525
1079
1342
644
886
1078
553
1311
1453
554
1089
1151
1074
1309
557
558
643
1170
1173
768
1257
562
1461
561
562
1514
1519
907
1457
1071
564
1068
1663
1049
1684
567
1496
567
1554
1705
568
987
690
1703
571
675
821
571
950
1501
986
1053
573
1368
575
1130
575
1393
1047
1594
1075
783
1036
1055
1500
580
956
1603
1631
716
1373
841
844
583
993
1469
1000
1737
586
918
999
586
1199
1539
1196
588
1440
1695
591
1611
592
1641
708
1355
1608
1623
923
1189
1447
595
1165
1011
991
598
680
863
599
933
1328
1101
1331
982
1576
602
603
668
670
882
1695
979
605
853
963
648
904
607
1242
1687
960
1722
609
610
647
611
1096
1479
1566
1583
1606
723
1016
1286
850
1014
1240
698
852
891
851
619
620
658
1193
618
873
1120
873
1203
953
1120
623
928
932
623
652
1476
1726
652
926
1320
1507
949
1222
1008
1049
1068
856
1088
1716
915
1090
1210
631
992
1123
869
1051
1184
1444
1553
1206
1406
1443
637
766
917
1209
1173
1489
676
727
889
1644
641
995
1116
1117
1435
1632
1141
1450
669
1069
1170
1265
1584
712
647
1078
1568
1096
851
657
1147
955
1016
653
654
924
1577
1224
1164
1320
769
1158
658
925
1013
1490
953
1207
1518
1206
1207
1627
1028
1142
1541
1027
1195
1520
666
927
1106
1262
1602
768
1614
671
1154
1494
979
1698
1149
1229
1248
1255
1259
1086
1556
1591
871
930
1040
1428
1433
701
986
749
1462
892
894
1035
1418
1415
1459
1624
740
1109
933
754
808
939
1672
684
941
984
828
1281
1067
1471
1679
1741
940
1335
1677
714
889
1228
1462
1230
987
1316
1317
972
1703
1314
1525
1280
1675
1509
1510
1110
1543
1544
1633
1650
891
1383
1402
714
1706
891
1012
1706
701
1346
1537
1350
942
863
1331
1614
705
707
1394
1391
1712
1145
1185
1228
1340
1692
1448
1712
1297
1268
1634
1307
1666
1687
1735
841
998
715
955
717
1631
1267
1521
719
1486
1579
946
1451
1597
721
1024
1325
1718
978
1049
724
743
743
850
1118
796
1375
1313
998
1138
971
1725
937
1027
730
1412
1617
1136
1187
1693
1187
1133
1170
1489
897
1580
897
1197
1547
1649
1228
1211
1204
817
1294
912
1477
1714
1109
1148
933
1023
1456
1084
1286
1132
1638
1714
980
1573
1688
749
1185
1685
1094
944
1171
1599
809
1628
754
755
995
764
943
1687
1290
1082
1047
1480
1717
1077
1077
1333
761
762
1231
1713
763
1587
763
1164
1176
1076
1168
1320
1272
767
1213
1582
917
794
1052
1393
1594
775
957
947
1352
1588
1070
1038
1659
778
1640
1654
1339
1704
956
1043
1603
1026
1054
1669
782
1054
1017
785
895
1645
1140
1554
1203
1013
1193
1265
1352
1657
1070
1089
1215
1311
1510
793
1325
1675
1009
1451
999
1110
1520
1084
1371
1484
1060
1007
1198
1542
1007
1108
1697
1050
1128
1131
1217
1005
972
804
805
1663
908
1150
908
1004
1506
1557
1107
811
898
1088
1316
993
1245
1721
1729
815
1062
1262
990
1683
1030
1003
817
899
1399
1382
1058
1119
1053
1256
1445
864
1559
1165
1305
1686
1720
824
1025
1626
1165
1490
1296
1478
1269
1738
830
1576
1104
1114
977
1194
833
1190
1434
974
1517
835
1466
1498
1006
837
1161
997
1345
1459
1629
1201
1287
1571
906
910
1719
842
1433
843
998
1428
1121
1723
966
1433
848
1600
916
1200
1260
848
936
1044
1031
964
1600
963
1014
853
855
987
1716
1485
1500
1661
1080
1242
859
860
909
861
1511
1515
959
1519
1564
1384
1324
950
866
1318
1668
1215
1087
1202
1501
1081
1188
1058
1298
949
1734
952
972
1630
1715
935
875
924
1549
1711
1254
879
1313
1662
1083
1221
1429
1556
1689
1083
1254
1475
1454
1574
918
999
1027
928
1224
923
887
1191
1265
1239
1568
1189
1191
1619
1660
913
1209
1223
1335
951
1354
1156
1418
1499
895
1461
1035
1658
954
1160
1038
1729
1116
1294
1220
1385
1466
1220
1282
1498
903
1384
904
1035
1036
1140
1354
1337
1548
1550
1514
1570
1011
1720
1124
956
957
1415
1503
1708
1041
1205
1305
988
1236
934
1395
1489
1612
1034
1116
1141
1399
934
1439
1448
1103
1328
1456
1306
1420
1491
1566
1320
1207
1476
1532
1062
1270
1351
1535
1301
1414
1066
1169
1275
1224
1340
1623
1618
1595
1223
1238
961
1578
1148
1277
1666
1276
1332
1534
1423
1535
1225
1527
1544
1018
1163
1410
1210
1418
1528
1246
1523
1671
1515
1099
1687
1283
1300
1564
1606
1016
1270
1439
1664
1398
1487
1550
1278
1334
1422
1737
976
1581
1644
1112
1432
1434
1604
988
1081
1222
1274
1289
1498
1042
1111
1272
1277
1283
1010
1154
1454
984
1478
985
1269
1388
1578
1208
1214
1063
1051
1210
1668
1058
1585
1439
1611
1235
1482
1538
1702
1091
1315
1539
1469
1437
1097
1262
1397
1663
1702
1409
1546
1541
1681
1458
1675
1113
1229
1165
1376
1402
1233
1252
1402
1421
1558
1194
1551
1250
1330
1728
1278
1636
1441
1049
1681
1684
1037
1686
1045
1195
1032
1349
1502
1098
1260
1343
1250
1423
1115
1547
1640
1649
1055
1056
1480
1488
1249
1047
1438
1567
1143
1671
1488
1686
1147
1517
1260
1057
1079
1130
1057
1691
1700
1319
1647
1081
1123
1059
1201
1501
1499
1367
1485
1336
1322
1542
1569
1230
1614
1615
1153
1485
1705
1625
1166
1321
1665
1144
1323
1536
1113
1257
1198
1519
1582
1432
1151
1219
1341
1577
1205
1620
1171
1235
1118
1370
1123
1236
1472
1689
1095
1317
1285
1540
1316
1628
1106
1247
1167
1270
1600
1307
1406
1742
1328
1667
1257
1151
1743
1227
1238
1181
1602
1682
1112
1588
1609
1293
1539
1696
1707
1154
1213
1381
1522
1127
1380
1631
1240
1143
1428
1246
1291
1398
1719
1127
1160
1580
1604
1353
1641
1409
1214
1238
1480
1419
1477
1271
1635
1699
1385
1168
1381
1437
1367
1419
1412
1155
1218
1648
1156
1515
1218
1482
1538
1401
1162
1279
1521
1317
1255
1174
1610
1460
1261
1321
1656
1217
1239
1390
1606
1327
1505
1249
1267
1563
1329
1343
1341
1693
1253
1236
1700
1268
1323
1607
1217
1382
1231
1543
1657
1321
1326
1470
1634
1216
1667
1183
1436
1408
1299
1310
1462
1580
1616
1356
1504
1390
1239
1622
1197
1434
1572
1203
1652
1327
1592
1601
1256
1472
1506
1689
1235
1333
1553
1238
1677
1227
1241
1219
1455
1730
1328
1743
1293
1347
1271
1586
1591
1504
1227
1306
1613
1232
1742
1404
1463
1369
1727
1280
1597
1623
1417
1273
1273
1494
1642
1308
1469
1563
1552
1289
1397
1251
1454
1279
1729
1508
1302
1608
1427
1724
1524
1574
1357
1496
1661
1592
1744
1308
1440
1709
1516
1385
1281
1708
1282
1326
1481
1685
1573
1458
1463
1283
1288
1555
1599
1356
1344
1360
1721
1655
1662
1699
1714
1699
1395
1452
1533
1473
1688
1345
1629
1379
1718
1372
1473
1721
1358
1369
1374
1420
1676
1459
1493
1716
1493
1348
1359
1409
1741
1604
1535
1442
1446
1615
1407
1644
1717
1337
1565
1363
1364
1430
1640
1642
1394
1413
1585
1736
1396
1624
1734
1401
1455
1360
1537
1396
1622
1707
1379
1357
1504
1444
1492
1424
1513
1731
1364
1567
1565
1548
1411
1613
1449
1589
1593
1705
1626
1371
1427
1371
1411
1613
1372
1375
1420
1421
1483
1436
1391
1392
1394
1395
1608
1712
1521
1632
1558
1470
1680
1519
1564
1583
1400
1478
1730
1398
1706
1566
1452
1732
1601
1419
1495
1578
1456
1483
1581
1436
1558
1724
1727
1637
1740
1484
1460
1647
1625
1436
1487
1550
1508
1443
1589
1731
1442
1696
1484
1558
1437
1571
1669
1435
1604
1717
1696
1473
1508
1664
1619
1692
1464
1557
1597
1630
1461
1596
1589
1591
1636
1674
1571
1656
1503
1570
1540
1545
1720
1597
1717
1626
1625
1708
1730
1592
1736
1624
1565
1518
1594
1553
1627
1544
1652
1640
1642
1679
1680
1715
1588
1697
1566
1583
1669
1560
1637
1537
1733
1538
1663
1652
1686
1653
1572
1595
1719
1573
1670
1561
1586
1565
1654
1588
1660
1725
1657
1689
1637
1690
1713
1742
1627
1610
1698
1710
1744
1713
1701
1694
1673
1618
1651
1660
1731
1629
1639
1726
1662
1679
1644
1715
1650
1658
1685
1697
1659
1665
1670
1673
1735
1741
1744
1681
1684
1683
1740
1745
1712
1711
1720
1732
1728
)


// ************************************************************************* //
