/*--------------------------------*- C++ -*----------------------------------*\
| =========                 |                                                 |
| \\      /  F ield         | OpenFOAM: The Open Source CFD Toolbox           |
|  \\    /   O peration     | Version:  2512                                  |
|   \\  /    A nd           | Website:  www.openfoam.com                      |
|    \\/     M anipulation  |                                                 |
\*---------------------------------------------------------------------------*/
FoamFile
{
    version     2.0;
    format      ascii;
    arch        "LSB;label=32;scalar=64";
    note        "nPoints:618  nCells:1746  nFaces:3991  nInternalFaces:2993";
    class       labelList;
    location    "constant/domain2/polyMesh";
    object      owner;
}
// * * * * * * * * * * * * * * * * * * * * * * * * * * * * * * * * * * * * * //


3991
(
0
0
0
0
1
1
1
1
2
2
2
2
3
3
3
4
4
4
4
5
5
5
5
6
6
6
6
7
7
8
8
8
9
9
9
9
10
10
11
11
11
12
12
12
13
13
13
14
14
14
15
15
15
15
16
16
16
17
17
17
17
18
18
19
19
19
20
20
20
20
21
21
22
22
22
23
23
23
23
24
24
24
25
25
25
26
26
26
26
27
28
28
28
29
29
29
29
30
30
31
31
31
32
32
32
33
34
34
35
35
36
36
37
37
38
38
38
38
39
39
39
39
40
40
40
41
41
41
42
42
43
43
43
44
45
45
45
45
46
46
46
47
47
47
47
48
48
48
49
49
49
50
51
51
52
52
52
52
53
53
53
54
54
54
54
55
55
55
55
56
56
56
57
57
57
58
58
58
59
59
59
59
60
60
60
61
61
61
62
62
62
63
63
63
64
64
64
65
65
65
66
66
66
67
67
67
67
68
68
68
69
69
69
69
70
70
70
71
71
72
72
72
73
73
73
73
74
74
74
75
75
76
76
76
77
77
77
78
78
78
78
79
79
80
80
80
80
81
81
81
82
82
82
83
83
84
84
84
85
85
85
86
86
87
87
87
87
88
88
89
89
89
89
90
90
91
91
91
92
92
92
92
93
93
93
93
94
94
94
95
96
96
97
97
97
97
98
98
98
99
99
100
100
100
100
101
101
102
102
102
102
103
103
103
104
104
105
105
105
106
106
106
106
107
107
107
108
108
109
109
109
109
110
110
110
110
111
111
111
112
112
112
113
113
113
114
115
115
115
116
116
116
117
117
117
118
118
118
119
119
119
119
120
120
120
120
121
121
121
122
122
122
123
123
123
123
124
124
124
124
125
125
126
126
126
126
127
127
128
128
128
129
129
129
129
130
130
131
131
131
132
132
132
132
133
133
134
134
134
135
135
135
135
136
136
136
137
137
138
138
138
138
139
139
139
140
140
140
141
141
141
142
142
143
143
143
144
144
144
144
145
145
145
146
146
147
147
147
148
148
148
148
149
149
149
149
150
150
150
150
151
151
151
152
152
153
153
153
154
155
155
155
156
156
156
156
157
157
157
158
158
159
159
159
159
160
160
160
161
161
162
162
162
163
163
163
164
164
164
165
166
166
167
167
167
168
168
169
169
169
170
170
170
170
171
171
172
172
172
173
173
173
173
174
174
174
175
175
175
176
176
176
177
177
177
178
179
179
179
179
180
180
180
181
181
181
181
182
182
182
182
183
183
183
184
184
184
184
185
185
186
186
187
187
187
188
188
188
189
189
189
189
190
190
190
191
191
191
192
192
192
193
193
193
194
194
194
194
195
195
195
196
196
196
197
197
197
198
198
199
199
199
199
200
200
200
201
201
202
202
202
202
203
203
203
203
204
204
205
205
205
206
206
206
207
208
208
208
209
209
210
210
210
211
211
212
212
213
213
213
214
214
214
215
215
216
216
217
217
217
217
218
218
219
219
219
220
220
220
220
221
221
222
222
223
223
223
223
224
224
224
225
225
226
226
226
227
227
227
227
228
228
228
228
229
229
229
230
230
231
231
232
232
232
232
233
233
233
234
234
234
234
235
235
235
236
236
236
237
237
237
238
238
239
239
239
240
240
240
240
241
241
241
242
242
242
243
243
243
244
244
245
245
245
246
246
247
247
247
247
248
248
249
249
249
250
250
250
250
251
251
251
251
252
252
252
253
254
255
255
256
256
256
256
257
257
257
258
258
259
260
260
260
261
261
261
262
262
262
263
264
264
265
265
265
266
266
266
267
267
267
267
268
268
268
269
269
269
270
272
272
272
273
273
274
274
274
275
275
275
276
276
277
277
277
278
278
278
278
279
279
280
280
280
280
281
281
281
282
282
283
283
284
284
285
285
285
285
286
286
286
287
287
288
288
289
289
289
290
290
290
291
291
291
292
292
292
293
293
293
294
295
295
296
296
297
297
297
298
298
299
299
299
299
300
300
300
301
301
301
302
302
302
303
303
304
304
305
305
305
306
306
306
307
307
307
308
308
309
309
310
310
310
311
311
311
312
312
312
313
313
313
313
314
314
314
315
316
316
316
317
317
318
318
318
319
319
319
320
320
321
321
321
322
322
322
323
323
323
324
324
324
325
325
326
326
326
327
327
327
328
328
329
329
330
331
331
331
332
332
332
332
333
333
334
334
335
335
335
335
336
336
336
337
337
337
339
339
340
340
341
341
341
342
342
343
343
345
345
345
345
346
346
346
346
347
347
347
348
348
349
350
350
351
351
352
353
353
353
354
354
354
355
355
356
356
356
357
357
357
358
358
358
358
359
360
360
361
361
361
362
362
362
363
363
364
364
365
365
365
366
366
366
367
367
368
368
368
369
369
370
370
370
371
371
371
372
372
372
373
374
374
375
375
375
375
376
376
377
377
378
378
378
379
379
379
380
380
380
381
381
382
382
382
383
383
384
384
384
385
385
385
385
386
386
387
387
387
388
388
389
389
389
389
390
390
391
391
391
391
392
392
393
393
393
394
394
394
395
395
395
396
396
397
397
397
398
398
398
399
399
400
400
400
401
401
401
402
402
402
403
403
403
404
404
406
406
407
407
407
407
408
408
408
408
409
409
409
410
410
410
411
411
411
412
412
413
413
414
414
415
415
416
416
416
416
417
417
417
418
418
418
419
419
420
420
420
421
421
422
422
424
424
424
424
425
425
426
426
427
427
428
428
428
428
429
429
429
430
430
431
431
432
432
433
433
433
434
434
435
435
436
436
436
437
437
438
438
439
439
439
439
440
440
440
440
441
441
442
442
443
443
444
444
444
445
445
446
446
446
446
447
447
448
448
448
449
449
450
450
451
451
451
451
452
452
452
453
453
453
454
455
456
456
457
457
458
458
458
459
459
460
460
460
461
462
462
462
463
464
464
464
465
465
465
465
466
466
467
467
467
467
468
468
468
469
469
470
470
471
471
472
472
472
473
473
473
474
474
475
475
475
475
476
476
477
477
477
478
478
478
479
479
480
480
480
481
481
481
481
482
482
482
482
483
483
484
484
485
485
486
486
487
488
488
488
489
489
489
490
490
491
491
491
492
492
492
493
493
494
494
495
495
496
496
497
497
497
497
498
498
498
499
499
500
500
501
501
501
501
502
502
503
503
504
504
505
505
506
506
506
507
507
508
508
508
508
509
509
509
510
510
510
511
512
512
513
513
514
514
514
515
515
516
516
516
517
518
518
518
518
519
519
519
520
520
521
521
522
522
523
524
524
524
525
525
525
526
526
526
527
527
527
528
528
528
528
529
529
529
530
530
530
531
532
532
533
533
533
533
534
534
535
535
536
536
536
537
537
537
538
538
539
539
540
541
541
541
542
542
542
543
543
543
543
544
544
544
545
545
546
546
546
547
547
547
548
548
548
549
549
549
550
550
551
551
551
552
552
552
553
553
553
554
554
556
556
556
557
557
558
558
559
559
560
560
560
560
561
561
562
563
563
563
564
564
565
565
566
566
566
567
567
568
568
569
569
569
570
570
570
571
571
572
572
573
573
574
574
575
575
576
577
578
578
578
579
579
579
579
580
580
581
581
582
582
582
583
583
584
584
584
585
585
585
586
587
587
588
589
589
590
590
591
591
591
592
593
593
593
594
594
595
596
597
597
597
598
598
598
599
599
600
600
601
601
601
602
602
602
603
604
604
604
605
605
606
606
606
607
607
608
608
608
609
610
610
611
611
611
612
612
612
613
613
613
614
614
614
615
616
616
616
616
617
618
618
619
619
620
620
621
621
621
622
622
622
623
624
624
624
625
626
626
627
627
627
628
628
628
629
629
629
630
630
630
631
631
632
632
632
633
634
634
635
635
635
636
637
637
638
638
638
638
639
639
639
640
640
640
641
641
643
643
643
644
644
645
646
646
646
647
648
649
649
650
650
651
651
651
652
653
654
654
655
655
656
656
656
657
658
658
659
660
660
660
661
661
661
662
662
662
663
663
664
664
664
665
666
667
667
667
668
668
669
669
670
671
671
672
672
672
673
673
674
674
674
675
675
676
676
677
677
677
677
678
678
678
679
679
680
681
681
682
682
683
683
683
684
684
685
685
685
685
686
686
686
687
688
688
688
689
690
690
690
691
691
692
692
693
693
694
694
695
695
695
696
696
697
697
697
698
698
699
699
699
700
700
700
701
702
703
703
703
704
704
704
705
705
706
706
706
707
707
708
708
709
710
710
711
711
711
711
713
713
714
715
716
716
717
717
718
718
718
719
719
719
720
720
720
720
721
721
722
722
723
723
723
724
724
725
726
726
727
727
728
728
729
729
729
730
730
730
731
732
733
733
734
734
735
735
735
735
736
737
738
739
739
740
740
740
741
741
742
742
742
743
743
744
744
744
745
745
745
747
747
747
748
749
750
750
751
751
752
752
752
753
753
753
754
755
756
756
756
757
758
758
759
759
759
759
760
760
761
761
761
762
762
763
764
765
765
766
767
769
770
771
771
772
772
773
773
773
774
775
776
777
777
777
778
778
779
779
779
780
780
780
781
782
783
784
784
784
785
785
786
787
787
788
788
788
789
790
790
790
791
792
792
792
793
793
795
795
795
796
796
796
797
798
798
798
799
799
799
800
800
800
800
801
802
803
803
803
804
804
805
805
806
806
807
808
808
809
809
810
811
811
811
812
812
812
813
813
814
815
816
816
816
817
819
819
820
820
820
821
821
822
822
822
822
823
823
823
824
824
825
825
826
826
827
829
830
830
831
831
832
832
832
833
833
834
834
834
835
836
837
838
838
838
838
839
839
839
840
840
840
841
841
842
842
842
843
843
844
844
845
845
846
846
846
847
847
847
848
849
849
850
851
852
854
854
854
855
855
856
857
857
858
858
859
860
860
860
861
861
861
862
863
864
865
865
865
866
867
867
867
868
868
869
869
870
870
871
872
872
872
873
874
874
875
875
876
877
877
878
879
880
880
880
880
881
881
881
882
882
883
883
883
884
884
885
886
886
886
887
887
888
888
888
888
890
890
890
890
892
892
893
893
893
894
894
895
895
896
897
898
898
899
899
900
900
900
901
901
901
902
902
903
905
905
905
905
906
906
906
907
907
908
908
910
911
911
912
912
913
914
914
914
915
915
916
916
917
918
919
919
919
919
920
920
920
921
921
921
922
922
922
923
924
925
926
926
927
929
929
929
930
930
931
931
931
932
934
936
937
938
940
940
941
941
942
943
943
944
944
944
945
945
946
947
947
948
948
948
949
951
951
953
958
958
959
960
960
961
961
962
962
963
964
964
964
965
965
965
966
967
967
968
969
971
971
973
974
974
974
975
975
975
976
976
976
978
979
980
980
980
981
981
981
982
982
983
983
983
984
985
985
987
988
988
990
992
992
994
994
995
996
996
996
997
997
999
1000
1001
1003
1003
1003
1004
1004
1005
1006
1007
1008
1009
1009
1010
1010
1011
1012
1012
1015
1015
1018
1018
1018
1019
1019
1020
1020
1021
1022
1022
1023
1024
1024
1024
1025
1025
1026
1028
1029
1029
1030
1031
1031
1031
1032
1032
1033
1033
1033
1033
1035
1036
1037
1037
1038
1039
1039
1039
1040
1040
1041
1041
1042
1043
1044
1045
1045
1047
1048
1048
1048
1050
1050
1051
1051
1052
1053
1053
1055
1056
1056
1057
1059
1060
1060
1061
1062
1062
1063
1063
1063
1064
1065
1066
1066
1067
1067
1068
1069
1069
1070
1071
1072
1073
1074
1074
1076
1076
1077
1078
1080
1082
1084
1084
1085
1085
1087
1087
1091
1091
1093
1094
1095
1095
1097
1097
1098
1098
1098
1099
1099
1100
1101
1101
1102
1103
1103
1104
1104
1105
1105
1106
1107
1108
1108
1109
1110
1111
1111
1113
1114
1115
1115
1117
1117
1117
1118
1121
1121
1122
1122
1124
1124
1125
1125
1125
1125
1126
1126
1128
1129
1129
1130
1131
1132
1134
1134
1134
1135
1136
1137
1138
1140
1141
1142
1144
1145
1145
1146
1146
1148
1150
1150
1151
1152
1152
1152
1153
1154
1155
1155
1156
1157
1157
1157
1158
1159
1159
1159
1160
1161
1162
1162
1162
1167
1167
1168
1168
1169
1172
1172
1174
1174
1174
1175
1175
1176
1177
1177
1178
1178
1178
1180
1181
1181
1182
1182
1183
1184
1184
1185
1186
1187
1188
1188
1189
1191
1191
1192
1192
1192
1193
1195
1197
1200
1200
1201
1201
1202
1202
1204
1205
1206
1208
1208
1209
1209
1212
1212
1214
1216
1216
1218
1219
1220
1221
1221
1222
1223
1226
1226
1230
1231
1232
1232
1233
1233
1234
1234
1237
1240
1241
1243
1243
1244
1245
1245
1245
1246
1247
1247
1248
1248
1249
1249
1250
1251
1251
1252
1252
1254
1255
1256
1258
1258
1260
1262
1264
1266
1267
1269
1271
1272
1273
1274
1275
1276
1276
1277
1280
1280
1281
1284
1285
1285
1287
1288
1288
1290
1292
1292
1292
1293
1295
1297
1297
1298
1299
1300
1301
1301
1302
1304
1306
1307
1308
1310
1312
1312
1312
1314
1315
1315
1316
1317
1319
1322
1322
1323
1327
1329
1330
1330
1331
1332
1332
1333
1334
1334
1337
1337
1338
1339
1339
1340
1341
1342
1343
1344
1345
1346
1347
1348
1349
1350
1351
1352
1353
1355
1356
1357
1358
1360
1361
1361
1361
1362
1362
1363
1364
1365
1365
1366
1366
1366
1367
1368
1369
1369
1370
1370
1370
1371
1372
1372
1374
1375
1376
1377
1377
1377
1377
1378
1378
1380
1380
1383
1386
1386
1387
1387
1387
1388
1388
1388
1389
1389
1390
1391
1392
1395
1399
1400
1400
1401
1403
1407
1408
1410
1410
1411
1413
1413
1417
1418
1419
1420
1421
1422
1422
1423
1424
1425
1425
1426
1426
1427
1427
1428
1429
1430
1432
1435
1438
1440
1443
1446
1446
1447
1448
1449
1449
1458
1459
1460
1463
1464
1464
1471
1471
1472
1475
1477
1479
1481
1482
1482
1486
1488
1490
1491
1494
1495
1497
1497
1503
1505
1507
1512
1513
1513
1520
1520
1522
1522
1523
1523
1526
1527
1527
1529
1529
1530
1531
1532
1533
1533
1536
1538
1541
1545
1546
1547
1549
1550
1555
1555
1556
1557
1562
1572
1575
1575
1579
1584
1586
1587
1587
1590
1590
1593
1595
1598
1601
1602
1605
1610
1612
1615
1617
1621
1622
1627
1628
1630
1634
1635
1636
1638
1639
1643
1645
1648
1652
1658
1662
1666
1667
1670
1671
1673
1675
1678
1682
1690
1690
1692
1701
1702
1710
1723
414
415
1349
1029
1344
945
1329
1736
1535
1497
413
411
1396
1064
1491
1226
922
1365
1727
1015
1233
1724
1163
201
200
1312
417
945
948
1015
1029
1032
1064
1163
1167
1182
1183
1226
1252
1284
1306
1329
1343
1349
1360
1365
1392
1408
1410
1411
1423
1491
1497
1592
1601
1613
1625
1710
1724
1727
1732
1736
1321
7
924
524
1424
787
10
118
192
912
903
12
1512
1711
1061
86
1092
760
1437
1699
776
1586
1287
1628
18
782
1502
19
1082
21
27
30
33
36
37
1674
44
1002
1653
49
51
241
1244
343
583
1269
53
1345
1060
56
1454
426
933
1379
1368
1432
1695
57
1676
907
784
1059
394
1276
701
1445
1164
418
863
656
1546
1605
207
499
793
943
1516
1475
1261
1071
238
1622
61
62
954
1001
1412
686
1559
63
1598
1479
603
550
960
185
1176
504
1143
967
357
404
1381
1203
1300
821
705
65
1406
1153
226
1700
997
1415
889
1647
673
748
1308
1350
1498
523
1532
474
384
1474
1524
171
133
545
287
695
1468
1090
958
965
1730
1647
781
1219
1665
68
767
1660
991
161
1072
71
423
359
998
75
1672
1080
77
1235
79
725
83
85
733
1020
88
90
95
96
98
101
104
108
114
176
116
837
122
127
128
130
1170
134
136
1571
794
141
142
143
1450
146
147
154
155
581
427
158
160
162
163
955
164
165
183
168
1275
172
175
429
1404
307
559
828
1407
1567
580
834
438
218
1705
727
1150
554
1173
1500
1569
1048
496
293
1617
1324
1744
1297
1456
180
284
1612
296
1301
718
741
1476
1458
1579
1545
576
1341
1655
1383
671
1587
1495
1393
622
849
1561
1678
629
1532
1135
1635
1157
219
1103
1237
691
1706
820
1536
377
696
862
612
1578
1222
615
1366
1204
959
1225
373
902
1325
1467
1734
783
1274
1413
1073
1000
1567
1429
452
302
1527
188
506
789
1417
364
1014
1358
1590
1229
704
1557
577
259
1129
1548
1391
1380
495
1545
1693
884
653
318
831
337
1434
1322
984
942
1463
1160
1517
713
191
1570
1465
802
1147
641
1152
403
894
1525
968
661
1609
1738
272
1666
1649
1016
1649
1673
937
1224
578
1389
996
703
873
798
1070
325
1028
992
1715
1733
1246
195
1691
196
1397
1616
1486
1403
198
1704
1384
1123
1013
1389
851
881
1452
1134
721
1009
1386
1339
898
1654
791
483
1615
985
1259
879
209
212
1227
1495
214
215
270
221
225
230
231
244
246
503
253
566
254
255
1212
261
1621
262
263
1552
271
276
279
281
1106
295
1602
297
311
317
1670
457
321
1555
328
1743
1318
330
334
336
1503
338
669
341
344
1425
348
349
351
352
355
1295
360
363
1596
365
971
366
1573
369
370
692
1285
1253
1034
1303
383
982
1342
388
390
392
680
1726
1703
801
1083
461
1166
805
1046
978
977
1036
1056
1367
1509
1289
534
979
1025
1302
1638
1111
766
563
1094
1075
1241
785
712
1353
1089
1511
1019
646
443
856
1181
925
1444
857
887
1283
396
397
632
1462
1562
1723
600
1244
454
714
1109
1481
1146
989
1742
401
1221
1399
1347
1281
1521
1017
1213
810
1574
1005
1021
892
562
1077
1126
885
595
434
1057
644
1523
1214
1533
1129
1536
627
1600
1492
1387
406
1290
456
1599
1530
806
489
864
1278
1740
419
1529
1714
1068
476
599
1161
882
1513
1361
938
1008
667
995
1141
1034
1626
1416
672
1354
1514
1493
663
843
768
867
957
412
666
1659
911
953
742
1327
970
1175
729
1240
1334
466
1223
1494
1472
1528
1305
1079
1466
1594
1093
778
1564
1515
421
1446
651
1104
819
655
1058
1192
1633
1265
734
1352
715
1095
1375
710
1549
928
1067
1548
596
1595
1282
1539
1540
688
986
961
817
449
1575
951
431
1581
435
469
1291
445
750
459
470
1683
478
485
487
913
1178
1745
492
1326
511
512
1332
1473
813
1096
515
555
1357
517
732
1107
1296
522
1650
526
527
1007
1315
1099
1277
1697
1447
950
1193
540
966
1254
1645
547
557
1661
570
573
859
585
620
590
593
607
1043
1119
610
1331
618
626
1648
1457
1330
1197
1729
1006
1682
1027
1376
1118
628
883
1378
1236
1195
1426
1641
901
1220
1405
1307
1121
1336
972
1551
1668
1132
1576
684
875
1577
1179
1485
1190
897
1526
682
1085
1115
1348
1264
1149
799
635
909
645
832
870
1518
1677
753
900
1196
930
1088
1438
1507
1133
649
650
1690
1593
736
993
1091
738
1506
694
1623
847
927
807
1189
1268
1451
659
1258
771
1618
662
665
1510
1313
952
845
1722
848
1044
818
1074
1144
1496
1041
1081
975
1359
1348
1354
1488
1037
1130
1478
717
1709
939
790
1671
675
1390
1364
910
1243
981
1279
1435
1563
1286
1101
1639
940
775
1620
1239
1105
739
1199
1309
1499
1304
1004
1078
779
1603
681
751
871
1702
1554
1293
697
699
702
707
1251
1632
947
1544
716
726
1688
772
1568
1153
855
1716
1501
754
893
737
1012
1402
757
764
770
1299
1256
1356
1319
1050
1139
788
1289
1528
1177
1362
826
865
1215
1582
917
1263
921
1667
1120
1086
1211
1127
829
1638
1138
868
1487
896
1373
1651
1531
1346
1010
1087
1721
962
1159
1008
1376
1679
1636
1114
1217
1323
1140
1205
914
949
1171
1646
915
1186
1022
1065
1242
1589
935
1591
1311
1739
1137
)


// ************************************************************************* //
