/*--------------------------------*- C++ -*----------------------------------*\
| =========                 |                                                 |
| \\      /  F ield         | OpenFOAM: The Open Source CFD Toolbox           |
|  \\    /   O peration     | Version:  2512                                  |
|   \\  /    A nd           | Website:  www.openfoam.com                      |
|    \\/     M anipulation  |                                                 |
\*---------------------------------------------------------------------------*/
FoamFile
{
    version     2.0;
    format      ascii;
    arch        "LSB;label=32;scalar=64";
    class       vectorField;
    location    "constant/domain2/polyMesh";
    object      points;
}
// * * * * * * * * * * * * * * * * * * * * * * * * * * * * * * * * * * * * * //


618
(
(495 -1.83697e-15 -7.5)
(5 -1.83697e-15 -7.5)
(8.32667e-16 -1.83697e-15 -7.5)
(500 -1.83697e-15 -7.5)
(5 4.81689 -5.7487)
(5 7.38423 -1.31267)
(5 6.50303 3.73639)
(5 2.58482 7.0405)
(5 -2.54053 7.05661)
(5 -6.47943 3.77717)
(5 -7.39233 -1.26625)
(5 -4.81689 -5.7487)
(12.0598 -1.83697e-15 -7.5)
(19.6095 -1.83697e-15 -7.5)
(27.1593 -1.83697e-15 -7.5)
(34.7091 -1.83697e-15 -7.5)
(42.2588 -1.83697e-15 -7.5)
(49.8086 -1.83697e-15 -7.5)
(57.3584 -1.83697e-15 -7.5)
(64.9082 -1.83697e-15 -7.5)
(72.4579 -1.83697e-15 -7.5)
(80.0077 -1.83697e-15 -7.5)
(87.5575 -1.83697e-15 -7.5)
(95.1072 -1.83697e-15 -7.5)
(102.657 -1.83697e-15 -7.5)
(110.207 -1.83697e-15 -7.5)
(117.757 -1.83697e-15 -7.5)
(125.306 -1.83697e-15 -7.5)
(132.856 -1.83697e-15 -7.5)
(140.406 -1.83697e-15 -7.5)
(147.956 -1.83697e-15 -7.5)
(155.505 -1.83697e-15 -7.5)
(163.055 -1.83697e-15 -7.5)
(170.605 -1.83697e-15 -7.5)
(178.155 -1.83697e-15 -7.5)
(185.704 -1.83697e-15 -7.5)
(193.254 -1.83697e-15 -7.5)
(200.804 -1.83697e-15 -7.5)
(208.354 -1.83697e-15 -7.5)
(215.904 -1.83697e-15 -7.5)
(223.453 -1.83697e-15 -7.5)
(231.003 -1.83697e-15 -7.5)
(238.553 -1.83697e-15 -7.5)
(246.103 -1.83697e-15 -7.5)
(253.652 -1.83697e-15 -7.5)
(261.202 -1.83697e-15 -7.5)
(268.752 -1.83697e-15 -7.5)
(276.302 -1.83697e-15 -7.5)
(283.851 -1.83697e-15 -7.5)
(291.401 -1.83697e-15 -7.5)
(298.951 -1.83697e-15 -7.5)
(306.501 -1.83697e-15 -7.5)
(314.051 -1.83697e-15 -7.5)
(321.6 -1.83697e-15 -7.5)
(329.15 -1.83697e-15 -7.5)
(336.7 -1.83697e-15 -7.5)
(344.25 -1.83697e-15 -7.5)
(351.799 -1.83697e-15 -7.5)
(359.349 -1.83697e-15 -7.5)
(366.899 -1.83697e-15 -7.5)
(374.449 -1.83697e-15 -7.5)
(381.998 -1.83697e-15 -7.5)
(389.548 -1.83697e-15 -7.5)
(397.098 -1.83697e-15 -7.5)
(404.648 -1.83697e-15 -7.5)
(412.198 -1.83697e-15 -7.5)
(419.747 -1.83697e-15 -7.5)
(427.297 -1.83697e-15 -7.5)
(434.847 -1.83697e-15 -7.5)
(442.397 -1.83697e-15 -7.5)
(449.946 -1.83697e-15 -7.5)
(457.496 -1.83697e-15 -7.5)
(465.046 -1.83697e-15 -7.5)
(472.596 -1.83697e-15 -7.5)
(480.145 -1.83697e-15 -7.5)
(487.695 -1.83697e-15 -7.5)
(495 4.81689 -5.7487)
(495 7.38423 -1.31267)
(495 6.50303 3.73639)
(495 2.58482 7.0405)
(495 -2.54053 7.05661)
(495 -6.47943 3.77717)
(495 -7.39233 -1.26625)
(495 -4.81689 -5.7487)
(6.38234e-16 4.81689 -5.7487)
(1.45736e-16 7.38423 -1.31267)
(-4.14822e-16 6.50303 3.73639)
(-7.81653e-16 2.58482 7.0405)
(-7.83441e-16 -2.54053 7.05661)
(-4.19351e-16 -6.47943 3.77717)
(1.40582e-16 -7.39233 -1.26625)
(6.38234e-16 -4.81689 -5.7487)
(500 4.81689 -5.7487)
(500 7.38423 -1.31267)
(500 6.50303 3.73639)
(500 2.58482 7.0405)
(500 -2.54053 7.05661)
(500 -6.47943 3.77717)
(500 -7.39233 -1.26625)
(500 -4.81689 -5.7487)
(10.6652 6.27775 -4.10364)
(9.24838 7.44249 0.927045)
(10.3991 5.37731 5.22825)
(10.9978 0.650182 7.47176)
(11.0142 -4.45387 6.03432)
(10.3821 -7.29954 1.72243)
(9.26257 -6.86461 -3.02112)
(10.7938 -4.20518 -6.21019)
(16.9703 5.672 -4.90698)
(30.96 5.94625 -4.57079)
(45.8084 6.04666 -4.4371)
(60.8873 6.03095 -4.45844)
(75.9961 6.02271 -4.46956)
(91.1028 6.01978 -4.47351)
(106.204 6.00667 -4.4911)
(121.311 5.99913 -4.50116)
(136.416 6.02258 -4.46973)
(151.522 6.04412 -4.44056)
(166.609 6.04497 -4.43941)
(181.712 6.04294 -4.44217)
(196.802 6.02218 -4.47028)
(211.906 5.99604 -4.50527)
(227.012 5.97862 -4.52837)
(242.118 5.97422 -4.53417)
(257.22 5.97224 -4.53677)
(272.319 5.97358 -4.53502)
(287.421 5.98049 -4.5259)
(302.521 5.99871 -4.50172)
(317.613 6.00321 -4.49572)
(332.709 5.98556 -4.51919)
(347.817 5.97663 -4.531)
(362.914 5.97497 -4.53318)
(378.014 5.98585 -4.5188)
(393.113 6.00545 -4.49272)
(408.209 6.00712 -4.49049)
(423.308 5.99747 -4.50338)
(438.443 6.01892 -4.47466)
(453.62 6.04379 -4.44101)
(468.582 5.7903 -4.7668)
(483.427 6.10069 -4.36252)
(489.754 5.95245 -4.56271)
(489.014 5.00386 5.58671)
(488.648 -0.311827 7.49351)
(488.632 -5.33063 5.27583)
(489.559 -7.46843 0.687456)
(17.3593 -4.7134 -5.83385)
(24.3738 -5.28061 -5.32589)
(31.711 -5.59421 -4.99548)
(39.2525 -5.66753 -4.91214)
(46.8484 -5.67838 -4.89959)
(54.4438 -5.67844 -4.89952)
(62.0221 -5.68102 -4.89653)
(69.5863 -5.68301 -4.89422)
(77.1433 -5.68245 -4.89487)
(84.6971 -5.68193 -4.89548)
(92.2497 -5.68418 -4.89286)
(99.8005 -5.6897 -4.88644)
(107.352 -5.69447 -4.88089)
(114.901 -5.69886 -4.87575)
(122.45 -5.69689 -4.87806)
(129.997 -5.69058 -4.88541)
(137.543 -5.68172 -4.89572)
(145.092 -5.67285 -4.90599)
(152.641 -5.66785 -4.91177)
(160.189 -5.66809 -4.91149)
(167.739 -5.66809 -4.91149)
(175.293 -5.66702 -4.91273)
(182.846 -5.67046 -4.90875)
(190.398 -5.67909 -4.89877)
(197.95 -5.68706 -4.88951)
(205.506 -5.69533 -4.87988)
(213.058 -5.70588 -4.86754)
(220.611 -5.71247 -4.8598)
(228.163 -5.71679 -4.85472)
(235.713 -5.7193 -4.85176)
(243.262 -5.72049 -4.85036)
(250.811 -5.72085 -4.84994)
(258.361 -5.72073 -4.85008)
(265.91 -5.72025 -4.85065)
(273.459 -5.71921 -4.85187)
(281.007 -5.71709 -4.85437)
(288.554 -5.71325 -4.85889)
(296.102 -5.70764 -4.86548)
(303.651 -5.70172 -4.87242)
(311.201 -5.6984 -4.8763)
(318.752 -5.70062 -4.8737)
(326.304 -5.70678 -4.86648)
(333.858 -5.71193 -4.86044)
(341.409 -5.71635 -4.85524)
(348.958 -5.71876 -4.8524)
(356.506 -5.71885 -4.85229)
(364.053 -5.71699 -4.85449)
(371.599 -5.71335 -4.85877)
(379.145 -5.70809 -4.86495)
(386.692 -5.70224 -4.8718)
(394.241 -5.6972 -4.8777)
(401.793 -5.69427 -4.88112)
(409.345 -5.6959 -4.87921)
(416.896 -5.70038 -4.87398)
(424.448 -5.69959 -4.8749)
(431.998 -5.69442 -4.88095)
(439.547 -5.68493 -4.89199)
(447.09 -5.66754 -4.91213)
(454.62 -5.625 -4.96079)
(462.157 -5.52937 -5.06716)
(469.939 -5.57124 -5.02109)
(477.944 -5.66239 -4.91807)
(486.871 -5.7482 -4.81748)
(38.3169 6.01948 -4.47391)
(23.8246 5.77827 -4.78138)
(53.3437 6.04418 -4.44049)
(68.449 6.02651 -4.46443)
(83.5598 6.02654 -4.4644)
(98.6618 6.01763 -4.4764)
(113.766 6.00282 -4.49624)
(128.872 6.01001 -4.48662)
(143.973 6.03692 -4.45034)
(159.07 6.0464 -4.43745)
(174.163 6.04855 -4.43452)
(189.25 6.0307 -4.45877)
(204.35 6.00763 -4.48981)
(219.451 5.98441 -4.52072)
(234.554 5.97347 -4.53516)
(249.662 5.97192 -4.5372)
(264.76 5.97173 -4.53745)
(279.861 5.97495 -4.53321)
(294.96 5.98432 -4.52083)
(310.061 6.00333 -4.49556)
(325.149 5.99123 -4.51167)
(340.253 5.97746 -4.52989)
(355.358 5.97251 -4.53642)
(370.455 5.9781 -4.52905)
(385.557 5.99471 -4.50704)
(400.651 6.00694 -4.49073)
(415.757 6.0003 -4.4996)
(430.882 6.01023 -4.48632)
(446.031 6.03443 -4.45372)
(461.184 6.02228 -4.47014)
(475.858 5.38401 -5.22135)
(489.081 7.48237 0.513877)
(17.2927 -1.46317 7.35589)
(64.4051 7.1781 2.17368)
(14.6558 -7.24092 -1.95426)
(56.863 7.16296 2.22307)
(41.734 7.15925 2.23499)
(79.5276 7.17914 2.17025)
(27.1403 7.26688 1.8554)
(94.6358 7.1844 2.15276)
(71.9567 7.18165 2.16193)
(109.738 7.19927 2.10251)
(87.0889 7.17848 2.17244)
(124.845 7.20136 2.09532)
(102.191 7.18903 2.13725)
(139.965 7.17097 2.1971)
(117.301 7.20359 2.08764)
(155.066 7.15708 2.24191)
(20.4739 7.39542 1.24808)
(170.15 7.15493 2.24878)
(49.2874 7.15531 2.24755)
(185.229 7.16807 2.20652)
(162.589 7.16057 2.23076)
(200.336 7.18565 2.1486)
(215.43 7.21252 2.05659)
(230.531 7.22467 2.01349)
(245.653 7.22641 2.00723)
(260.743 7.22778 2.00229)
(275.841 7.22629 2.00766)
(290.95 7.21846 2.03564)
(306.061 7.1981 2.10651)
(321.138 7.20331 2.08861)
(336.238 7.21941 2.03228)
(351.362 7.22451 2.01408)
(366.432 7.22451 2.01407)
(381.533 7.21341 2.05347)
(396.632 7.1951 2.11673)
(411.736 7.19979 2.10072)
(426.849 7.20412 2.08584)
(442.023 7.18003 2.1673)
(457.349 7.15481 2.24914)
(472.292 7.42829 1.03466)
(192.792 7.17469 2.1849)
(132.395 7.18904 2.13722)
(483.554 6.96468 2.78266)
(21.1742 -7.48787 -0.426345)
(28.4242 -7.45658 0.805818)
(36.1064 -7.42512 1.05714)
(43.8052 -7.41953 1.09572)
(51.4672 -7.41981 1.09378)
(59.0761 -7.41765 1.10834)
(66.655 -7.41562 1.12188)
(74.2243 -7.41566 1.12161)
(81.7837 -7.41615 1.11837)
(89.3406 -7.41619 1.11809)
(96.8882 -7.41295 1.13935)
(104.445 -7.41143 1.14923)
(111.993 -7.40763 1.17348)
(119.546 -7.40777 1.17256)
(127.093 -7.4102 1.15713)
(134.637 -7.41424 1.13096)
(142.184 -7.41883 1.10042)
(149.732 -7.42231 1.07674)
(157.272 -7.4221 1.07819)
(164.818 -7.42166 1.08117)
(172.378 -7.42299 1.07203)
(179.936 -7.42275 1.07365)
(187.483 -7.41856 1.10227)
(195.035 -7.41471 1.12784)
(202.599 -7.41217 1.14447)
(210.151 -7.40589 1.18439)
(217.711 -7.40236 1.20626)
(225.268 -7.39978 1.22199)
(232.82 -7.3982 1.23151)
(240.37 -7.39741 1.23628)
(247.919 -7.39713 1.23794)
(255.469 -7.39713 1.23795)
(263.018 -7.39728 1.23704)
(270.566 -7.39761 1.23507)
(278.114 -7.39832 1.23078)
(285.66 -7.39982 1.22172)
(293.206 -7.40244 1.20578)
(300.753 -7.40579 1.18503)
(308.302 -7.40848 1.16808)
(315.851 -7.40854 1.16768)
(323.399 -7.4051 1.18932)
(330.958 -7.40268 1.20428)
(338.515 -7.4 1.22064)
(346.066 -7.39822 1.23137)
(353.613 -7.39776 1.23414)
(361.159 -7.39837 1.23051)
(368.704 -7.39981 1.22181)
(376.247 -7.4022 1.20726)
(383.79 -7.4053 1.18806)
(391.336 -7.40808 1.17065)
(398.886 -7.4103 1.1565)
(406.441 -7.4108 1.15325)
(413.989 -7.4072 1.17619)
(421.547 -7.40691 1.17801)
(429.103 -7.40871 1.16664)
(436.658 -7.4123 1.14357)
(444.209 -7.41727 1.11092)
(451.744 -7.42637 1.04835)
(459.234 -7.45072 0.85833)
(466.613 -7.49088 0.369751)
(475.087 -7.4069 1.17809)
(34.2958 7.18126 2.16322)
(177.707 7.15475 2.24935)
(16.7079 -6.45682 3.81569)
(14.4502 7.45316 0.836913)
(16.3165 4.54713 5.96436)
(481.843 -4.0435 6.31665)
(483.096 -7.45986 0.77494)
(147.516 7.1616 2.22744)
(483.156 2.71945 6.9896)
(207.866 7.20246 2.09156)
(222.998 7.21862 2.03508)
(238.095 7.22599 2.00874)
(253.214 7.22608 2.00844)
(268.31 7.22563 2.01004)
(283.412 7.2222 2.02232)
(298.49 7.21241 2.05697)
(313.605 7.19404 2.12033)
(328.682 7.21321 2.05416)
(343.797 7.22387 2.01634)
(358.896 7.22564 2.01001)
(374 7.21847 2.03561)
(389.104 7.19927 2.10249)
(404.19 7.19226 2.12636)
(419.298 7.20461 2.08412)
(434.449 7.18832 2.13966)
(449.659 7.1694 2.2022)
(465.088 7.16548 2.21493)
(478.571 7.49146 -0.357889)
(105.67 2.62408 7.02597)
(90.5678 2.56702 7.04701)
(75.4348 2.57361 7.04461)
(29.8607 2.54357 7.05551)
(67.833 2.6278 7.02457)
(477.675 0.59889 7.47605)
(158.512 2.49251 7.07371)
(135.878 2.57639 7.04359)
(22.7558 3.3334 6.71852)
(301.96 2.71901 6.98978)
(407.67 2.62658 7.02503)
(211.317 2.73285 6.98438)
(226.447 2.78555 6.96353)
(241.555 2.80532 6.95559)
(256.658 2.80646 6.95513)
(271.755 2.80256 6.9567)
(286.854 2.7836 6.96431)
(294.401 2.75964 6.97384)
(203.819 2.61495 7.02937)
(317.074 2.64201 7.01924)
(332.136 2.76294 6.97253)
(347.253 2.80098 6.95734)
(362.347 2.79787 6.95858)
(377.44 2.76302 6.9725)
(392.561 2.63977 7.02009)
(400.101 2.64411 7.01845)
(445.525 2.56639 7.04724)
(422.742 2.72119 6.98893)
(437.942 2.58537 7.0403)
(477.392 5.54544 5.04957)
(461.101 2.37946 7.11254)
(82.9925 2.59154 7.03803)
(128.295 2.68407 7.00327)
(60.3075 2.54444 7.0552)
(45.1208 2.45817 7.08572)
(32.7824 -4.0119 6.33677)
(40.6238 -3.94801 6.37677)
(48.3748 -3.96578 6.36573)
(55.9883 -3.93224 6.38651)
(63.5546 -3.89951 6.40654)
(71.1526 -3.90694 6.40202)
(78.7184 -3.89884 6.40695)
(86.3035 -3.93076 6.38742)
(93.8114 -3.87536 6.42118)
(101.405 -3.89208 6.41106)
(108.918 -3.83497 6.44538)
(116.494 -3.83467 6.44557)
(124.05 -3.84669 6.4384)
(131.593 -3.87708 6.42014)
(139.137 -3.91363 6.39793)
(146.704 -3.96303 6.36745)
(154.219 -3.9558 6.37194)
(161.736 -3.94109 6.38105)
(169.313 -3.96139 6.36847)
(176.896 -3.98103 6.35621)
(184.418 -3.93882 6.38245)
(191.947 -3.89028 6.41215)
(199.557 -3.90733 6.40178)
(207.072 -3.83315 6.44647)
(214.653 -3.80988 6.46025)
(222.219 -3.78616 6.47418)
(229.776 -3.77123 6.48289)
(237.328 -3.76339 6.48744)
(244.879 -3.76015 6.48932)
(252.429 -3.75956 6.48966)
(259.978 -3.7603 6.48923)
(267.526 -3.76186 6.48833)
(275.075 -3.76502 6.48649)
(282.622 -3.77227 6.48228)
(290.168 -3.78873 6.47267)
(297.714 -3.81567 6.45683)
(305.262 -3.84521 6.43928)
(312.818 -3.86117 6.42972)
(320.323 -3.82073 6.45384)
(327.902 -3.81214 6.45891)
(335.467 -3.78841 6.47286)
(343.024 -3.76994 6.48364)
(350.574 -3.76267 6.48786)
(358.12 -3.76499 6.48651)
(365.665 -3.77275 6.482)
(373.208 -3.78723 6.47355)
(380.75 -3.81121 6.45946)
(388.288 -3.83722 6.44405)
(395.831 -3.85037 6.4362)
(403.41 -3.88768 6.41373)
(410.916 -3.83287 6.44664)
(418.494 -3.83115 6.44766)
(426.061 -3.83885 6.44308)
(433.624 -3.86479 6.42755)
(441.201 -3.90083 6.40574)
(448.741 -3.91752 6.39555)
(456.331 -4.02679 6.32732)
(463.708 -4.28603 6.15467)
(469.934 -5.38926 5.21592)
(37.4449 2.49033 7.07448)
(470.148 1.92467 7.24884)
(98.0824 2.63495 7.0219)
(24.2621 -4.22669 6.19557)
(52.7358 2.4943 7.07308)
(120.736 2.71579 6.99103)
(279.304 2.79872 6.95824)
(264.206 2.80713 6.95485)
(234 2.80009 6.95769)
(309.554 2.61744 7.02844)
(166.047 2.49576 7.07257)
(475.058 -3.78377 6.47558)
(143.454 2.49913 7.07138)
(218.887 2.76437 6.97196)
(249.109 2.80743 6.95474)
(324.572 2.73651 6.98294)
(339.696 2.78707 6.96292)
(354.803 2.80239 6.95677)
(369.893 2.78677 6.96304)
(384.99 2.72771 6.98639)
(430.322 2.69411 6.99941)
(415.171 2.71953 6.98957)
(453.166 2.56678 7.0471)
(188.685 2.55132 7.05271)
(113.172 2.71704 6.99054)
(181.166 2.4899 7.07463)
(196.243 2.6002 7.03484)
(150.982 2.48943 7.07479)
(173.636 2.45652 7.08629)
(3.3459e-16 1.09586 -3.01372)
(-2.49014e-16 1.81305 2.24292)
(-6.31868e-17 -2.82344 0.569136)
(500 1.09586 -3.01372)
(500 1.81305 2.24293)
(500 -2.82344 0.569144)
(135.717 2.02507 -1.82356)
(81.1937 -0.914233 -0.390263)
(34.6639 -2.43424 1.68327)
(202.038 1.63535 -1.33375)
(345.484 -0.297166 -0.585604)
(353.283 -0.139759 -0.187974)
(487.076 2.33103 1.53082)
(308.484 -0.159524 1.27586)
(88.7559 0.561366 2.26816)
(330.405 -0.209087 -2.02759)
(242.3 -2.5423 1.75319)
(21.5535 -0.452886 -0.382707)
(404.473 0.0506669 0.569566)
(226.918 -0.0628162 0.199278)
(63.5586 0.0464079 -0.317208)
(41.6556 1.21749 -0.247294)
(432.089 -2.0835 -0.0573441)
(412.697 -1.94847 3.46747)
(71.9756 -0.00489215 -0.0342581)
(337.246 -0.631949 -1.7503)
(398.266 -0.213951 0.00265327)
(111.124 -0.0292687 0.0603238)
(164.711 0.222869 0.225239)
(257.117 -0.151903 -0.232619)
(479.89 2.67851 1.21867)
(361.659 0.193045 0.456273)
(178.519 -0.183608 -0.277008)
(289.788 1.59952 -1.28856)
(10.3765 -1.88967 -1.39064)
(392.097 0.665052 1.75728)
(126.426 0.0629282 -0.382688)
(196.193 0.635103 2.04717)
(422.683 0.619727 -2.74343)
(185.338 -0.708091 0.1433)
(442.897 1.86214 2.15251)
(118.793 -0.060918 -0.0569331)
(459.822 -1.67438 -0.630535)
(144.156 1.70632 -1.28478)
(449.203 -2.14014 -2.34362)
(284.204 -0.747797 0.179082)
(206.76 -1.79226 1.09719)
(245.709 0.989193 2.43334)
(7.17527 4.29681 4.87708)
(299.071 -0.895208 0.561619)
(468.725 -0.683882 0.640614)
(326.727 1.9792 2.43407)
(236.436 -0.210352 -0.867951)
(141.219 -2.73341 1.88834)
(277.433 -0.455697 -0.497415)
(103.649 -0.128192 0.0466257)
(219.998 1.52683 -2.00649)
(303.341 -2.54047 2.02292)
(491.028 -0.377197 3.03374)
(171.346 -0.164648 0.466869)
(265.381 -0.158468 -0.442485)
(321.05 -1.27827 2.45243)
(368.618 0.0797693 0.719587)
(498.154 -1.2553 -4.95073)
(426.726 2.18338 0.493205)
(147.469 -1.82793 1.66005)
(437.045 0.17996 1.50595)
(12.7677 2.73963 -1.04714)
(16.8294 1.09964 1.69957)
(3.52043 1.19388 -3.21391)
(271.597 0.869827 2.17778)
(95.6527 -0.179497 0.00782467)
(485.872 -2.22054 3.77245)
(6.82255 -2.91541 1.21668)
(291.854 -2.29499 1.6017)
(477.276 -1.95542 0.366199)
(42.9104 -3.28056 1.32941)
(56.1427 -0.491423 0.316242)
(131.813 -2.88606 2.37567)
(242.93 1.98585 -0.921613)
(384.803 -0.199083 -0.13751)
(158.219 -0.579358 1.13713)
(375.973 0.480142 0.882354)
(212.695 -3.76888 2.98105)
(317.558 1.06517 -1.79956)
(191.474 -0.0628173 -0.823822)
(423.83 -3.63655 1.26312)
(409.666 -1.29598 -0.997416)
(324.387 -1.17174 -1.76566)
(8.06253 1.76432 -4.05384)
(483.001 -1.89271 -0.39065)
(455.719 0.691073 3.10583)
(13.2191 -3.01634 2.41501)
(333.427 1.17675 2.54649)
(464.124 2.5052 -0.863693)
(27.552 -2.74173 1.02596)
(295.633 2.04486 -1.49151)
(314.011 -1.00967 1.9769)
(427.486 -2.87686 -1.33748)
(450.639 3.46297 3.02215)
(152.485 -2.86832 2.12894)
(406.871 -1.81871 -3.56156)
(432.388 2.86656 -0.781065)
(35.1634 1.93317 -0.813338)
(49.0858 -1.70822 2.15788)
(418.062 -4.01655 2.71275)
(340.493 0.998227 2.55131)
(245.723 -2.20073 -2.74484)
(14.928 -0.921758 -3.26735)
(271.287 -1.27521 -2.76792)
(85.2088 3.30258 -0.679289)
(490.198 6.40076 0.677357)
(12.964 4.46591 4.50228)
(152.977 1.95858 -0.415842)
(304.119 1.80945 -1.19534)
(29.0397 1.27258 -1.61832)
(89.2562 -1.23716 -2.5807)
(201.033 -2.15302 1.95215)
(358.321 -3.39955 -0.871622)
(251.17 1.0296 2.71575)
(459.646 3.6487 0.715127)
(474.646 2.37687 2.22745)
(220.249 -3.38371 1.43608)
)


// ************************************************************************* //
